,close,open,high,low,volume,chgperc,yest_close,amount,b1_v,b1_p,a1_v,a1_p,pe,pb,lt_mcap,mcap
sh600336,4.82,4.56,5.05,4.44,411765.0,0.63,4.79,19959.0,1109.0,4.81,209.0,4.83,50.38,2.05,35.3,38.52
sz000720,5.52,5.5,5.98,5.3,350950.0,-2.65,5.67,19688.0,2763.0,5.51,2163.0,5.53,8.21,2.8,47.66,71.19
sz002437,4.29,4.52,4.68,4.2,482000.0,-6.33,4.58,21426.0,769.0,4.27,238.0,4.29,83.29,2.14,93.18,94.3
sh600758,7.18,6.69,7.74,6.69,1903477.0,1.13,7.1,138269.0,6394.0,7.17,700.0,7.19,78.78,1.7,56.41,94.92
sz000523,5.89,6.01,6.5,5.86,419937.0,-2.0,6.01,25789.0,562.0,5.87,187.0,5.89,106.19,1.94,36.93,36.96
sh600469,5.11,4.99,5.26,4.9,443644.0,6.24,4.81,22597.0,1174.0,5.1,3352.0,5.12,13.72,1.38,28.74,28.74
sh600368,5.39,5.16,5.41,5.02,2453698.0,9.55,4.92,129031.0,8091.0,5.37,5881.0,5.39,6.56,1.43,60.67,60.67
sh600127,3.97,3.97,3.97,3.97,124822.0,9.97,3.61,4955.0,218125.0,3.96,0.0,0.0,1010.12,3.34,25.48,25.48
sz000600,7.43,7.79,7.8,7.4,214721.0,-4.38,7.77,16224.0,928.0,7.41,1039.0,7.43,24.45,1.18,80.99,133.12
sh603028,9.54,9.77,10.07,9.2,61087.0,-6.29,10.18,5885.0,35.0,9.46,235.0,9.54,122.01,2.99,21.06,21.06
sz002763,10.43,9.96,10.68,9.8,173990.0,2.46,10.18,17976.0,1009.0,10.42,299.0,10.44,23.28,2.11,19.07,40.55
sz000650,8.27,8.7,9.22,8.2,2215911.0,-7.91,8.98,195601.0,4004.0,8.25,8342.0,8.27,18.87,2.9,97.62,102.41
sh600070,9.71,9.8,10.38,9.23,273135.0,-1.52,9.86,26780.0,530.0,9.69,688.0,9.71,13.67,1.97,38.99,50.68
sh600020,5.26,5.2,5.58,5.16,1125132.0,-2.05,5.37,60647.0,1950.0,5.25,238.0,5.27,11.77,1.19,118.21,118.21
sz002197,8.31,8.6,8.8,8.22,247370.0,-6.42,8.88,21055.0,490.0,8.3,32.0,8.32,-17.74,1.77,36.11,42.81
sh603398,14.7,14.5,15.7,14.38,75408.0,-2.13,15.02,11320.0,30.0,14.66,180.0,14.7,52.85,4.47,31.12,31.27
sz300317,6.13,6.26,6.65,5.93,338680.0,-3.62,6.36,21347.0,613.0,6.12,10.0,6.14,-2.52,1.74,40.23,51.48
sh600860,7.09,7.3,7.6,6.91,134118.0,-7.68,7.68,9758.0,10.0,7.07,91.0,7.09,-31.54,6.73,22.83,29.92
sh600587,17.14,16.0,17.14,15.68,303099.0,10.01,15.58,50762.0,9977.0,17.13,0.0,0.0,12.53,1.8,69.15,69.66
sz300119,18.0,18.5,19.5,17.97,143496.0,-9.86,19.97,26249.0,18.0,17.98,785.0,18.0,58.82,3.7,34.67,72.81
sz300176,20.59,21.0,21.84,20.08,537412.0,2.49,20.09,112533.0,590.0,20.57,1030.0,20.59,50.67,5.87,76.68,79.74
sh600053,25.12,24.25,25.24,23.33,94962.0,-0.51,25.25,22886.0,154.0,25.1,2.0,25.12,22.8,4.62,108.91,108.91
sz300421,9.19,9.45,9.68,9.19,151403.0,-9.99,10.21,14172.0,0.0,0.0,56736.0,9.19,31.55,2.01,17.14,23.05
sh603967,26.7,26.7,26.7,26.7,5695.0,10.01,24.27,1521.0,58509.0,26.69,0.0,0.0,37.98,3.88,17.8,71.2
sh600287,7.8,7.65,8.25,7.4,674207.0,2.9,7.58,52826.0,301.0,7.78,6128.0,7.8,12.88,1.54,34.07,34.07
sh600452,24.35,26.69,26.69,24.13,43914.0,-9.18,26.81,11057.0,13.0,24.34,13.0,24.39,14.23,3.49,54.54,54.54
sz002793,19.82,19.82,19.82,19.82,6824.0,9.99,18.02,1353.0,205187.0,19.81,0.0,0.0,36.39,4.9,26.08,39.81
sz002592,17.23,18.68,18.98,17.21,140541.0,-9.88,19.12,25284.0,45.0,17.22,95.0,17.24,-802.5,2.63,42.34,48.82
sz300417,18.79,19.68,20.85,18.79,29506.0,-10.01,20.88,5832.0,0.0,0.0,2277.0,18.79,41.98,3.94,7.74,15.33
sh603988,11.6,11.4,12.09,11.05,96716.0,1.49,11.43,11278.0,200.0,11.59,87.0,11.61,44.27,3.95,27.28,27.28
sz000004,22.75,24.23,24.9,22.75,23254.0,-10.01,25.28,5427.0,0.0,0.0,173.0,22.75,-112.5,16.67,18.87,19.1
sz300405,15.6,14.99,15.6,14.6,215693.0,10.01,14.18,33181.0,30383.0,15.59,0.0,0.0,-25.05,2.8,20.69,23.71
sz300773,70.16,70.14,70.16,65.2,135155.0,10.0,63.78,93326.0,19593.0,70.15,0.0,0.0,44.08,6.52,28.07,280.65
sh603609,14.36,14.37,15.39,13.87,447271.0,1.2,14.19,65675.0,1231.0,14.35,494.0,14.37,22.03,2.77,119.36,132.44
sz002840,19.65,18.57,19.96,17.71,144335.0,3.26,19.03,27521.0,1034.0,19.63,855.0,19.65,36.12,3.86,28.83,54.51
sz002692,4.18,4.16,4.47,4.09,620401.0,2.7,4.07,26252.0,842.0,4.16,1039.0,4.18,-8.22,2.64,29.9,30.02
sz002157,20.1,21.1,21.95,20.1,911111.0,-9.99,22.33,190312.0,0.0,0.0,2183.0,20.1,-167.13,7.84,435.85,476.64
sz002057,10.89,12.2,12.68,10.89,745196.0,-10.0,12.1,88278.0,0.0,0.0,8013.0,10.89,31.64,3.03,34.81,41.77
sz000850,5.48,5.3,5.9,5.18,1101698.0,1.67,5.39,61280.0,1442.0,5.46,5773.0,5.48,11.5,1.14,51.7,51.71
sz300561,19.15,17.5,20.18,17.3,160652.0,4.19,18.38,30469.0,114.0,19.13,400.0,19.15,123.3,4.69,12.95,32.58
sz300508,33.96,33.02,35.8,32.87,58751.0,-1.74,34.56,20310.0,8.0,33.95,24.0,33.98,106.94,5.78,14.03,30.87
sh603637,19.1,19.3,20.57,18.6,85223.0,-7.24,20.59,16654.0,154.0,19.08,464.0,19.1,63.19,4.37,8.26,33.24
sz002893,19.02,17.28,19.02,16.94,189728.0,10.01,17.29,34395.0,3220.0,19.01,0.0,0.0,33.52,3.24,12.16,23.39
sz002674,15.17,15.8,16.44,15.17,45121.0,-9.97,16.85,7065.0,0.0,0.0,5741.0,15.17,35.7,1.96,36.47,45.83
sh600626,7.93,7.76,8.36,7.54,1026882.0,4.34,7.6,82416.0,705.0,7.91,2405.0,7.93,12.21,1.82,56.32,67.59
sz002708,10.15,10.09,10.86,9.81,371772.0,2.32,9.92,38523.0,500.0,10.13,454.0,10.15,-43.18,3.39,37.79,47.59
sz300435,17.06,17.67,18.47,17.06,110030.0,-10.02,18.96,19326.0,0.0,0.0,12374.0,17.06,64.76,5.12,20.22,42.57
sh600618,8.97,9.35,9.35,8.53,167187.0,-3.13,9.26,15208.0,5.0,8.92,423.0,8.97,9.35,2.45,67.26,103.73
sh603966,12.3,13.34,13.45,12.3,91655.0,-10.02,13.67,11753.0,0.0,0.0,12599.0,12.3,38.46,2.89,11.55,25.95
sh600086,4.52,4.42,4.8,4.22,955389.0,2.49,4.41,43555.0,255.0,4.5,10924.0,4.52,-3.03,3.04,47.77,61.02
sz000876,17.07,16.8,18.25,16.3,1601223.0,-1.39,17.31,277183.0,971.0,17.06,194.0,17.08,40.72,3.29,717.48,719.67
sh600677,15.18,15.0,16.1,14.78,411042.0,-1.68,15.44,63703.0,2008.0,15.17,691.0,15.19,22.84,2.23,68.89,79.21
sz002135,6.95,7.55,8.2,6.95,472294.0,-9.97,7.72,35090.0,0.0,0.0,16253.0,6.95,35.16,1.74,66.62,71.89
sz300772,12.5,12.5,12.5,12.5,1601.0,10.04,11.36,200.0,118332.0,12.49,0.0,0.0,20.59,2.6,9.19,36.74
sz300123,14.44,14.44,14.44,13.78,561263.0,9.98,13.13,80649.0,10037.0,14.43,0.0,0.0,44.69,1.69,44.36,80.83
sz000533,3.19,3.32,3.4,3.11,370764.0,-3.92,3.32,12077.0,354.0,3.18,68.0,3.2,-2.25,3.66,21.85,22.04
sz002164,4.51,4.12,4.51,4.01,817894.0,10.0,4.1,35901.0,48523.0,4.5,0.0,0.0,-1.13,5.01,19.67,31.54
sz002512,4.96,5.09,5.38,4.87,377327.0,-4.8,5.21,19328.0,1424.0,4.95,336.0,4.97,-3.19,4.92,43.81,54.33
sh600322,4.18,4.35,4.65,4.1,633621.0,-8.13,4.55,27770.0,1043.0,4.16,1213.0,4.18,20.96,0.99,46.22,46.22
sz002567,14.99,15.39,16.3,14.99,432844.0,-9.97,16.65,66928.0,0.0,0.0,8857.0,14.99,128.05,3.67,116.3,125.4
sh603519,15.44,15.98,16.5,15.08,57223.0,-7.88,16.76,8957.0,1173.0,15.43,25.0,15.45,30.29,4.56,34.27,34.27
sz002189,23.61,24.0,25.45,23.18,98861.0,-5.41,24.96,23847.0,111.0,23.6,10.0,23.65,34.95,3.8,47.04,61.95
sh600512,3.11,3.07,3.23,3.03,1609110.0,-7.72,3.37,50397.0,775.0,3.08,4923.0,3.11,11.98,1.1,47.81,49.73
sz300220,25.56,26.69,26.69,24.2,27264.0,-4.73,26.83,6879.0,76.0,25.46,52.0,25.58,519.61,12.72,31.93,32.21
sh600728,10.25,10.2,10.85,10.02,732345.0,-3.39,10.61,76449.0,1756.0,10.24,634.0,10.26,38.7,4.01,164.42,165.93
sh600620,8.66,9.13,9.35,8.57,157296.0,-9.03,9.52,13893.0,1274.0,8.64,615.0,8.66,79.86,2.3,59.47,59.47
sz002370,16.38,17.0,17.74,16.38,163371.0,-10.0,18.2,27243.0,0.0,0.0,4477.0,16.38,44.14,3.42,66.83,87.88
sh601900,9.21,9.4,9.57,9.1,66083.0,-3.76,9.57,6189.0,2426.0,9.18,197.0,9.21,10.82,1.44,81.92,82.51
sz002255,4.75,5.1,5.16,4.74,295074.0,-9.87,5.27,14481.0,582.0,4.74,442.0,4.76,-29.9,1.05,24.67,40.01
sz002746,29.4,28.25,29.97,27.6,252770.0,0.72,29.19,72966.0,1185.0,29.39,128.0,29.41,17.22,3.49,71.24,90.88
sz300010,8.96,9.44,9.89,8.96,331383.0,-10.04,9.96,30788.0,0.0,0.0,3537.0,8.96,-5.63,2.34,64.44,77.8
sz002114,8.0,8.41,8.5,7.95,71324.0,-8.15,8.71,5851.0,302.0,7.99,6.0,8.01,-9.87,1.68,25.87,25.87
sz002328,7.91,8.31,8.58,7.91,208000.0,-10.01,8.79,17105.0,0.0,0.0,13371.0,7.91,34.48,1.41,25.62,35.44
sz000892,4.45,4.71,4.8,4.45,91027.0,-9.92,4.94,4195.0,0.0,0.0,1593.0,4.45,13.35,1.26,23.95,43.65
sh600600,50.0,50.0,52.55,49.0,149150.0,-1.96,51.0,75143.0,248.0,49.98,2488.0,50.0,43.23,3.6,347.96,675.49
sh603679,46.79,48.39,49.28,45.33,19184.0,-7.07,50.35,9170.0,16.0,46.5,8.0,47.52,57.32,7.76,18.8,47.25
sz300205,13.06,13.99,14.39,12.9,170342.0,-7.77,14.16,23303.0,385.0,13.05,68.0,13.07,35.91,4.17,55.63,56.17
sz002385,7.22,7.18,7.96,6.9,1776377.0,-5.37,7.63,131368.0,804.0,7.2,683.0,7.22,106.67,3.14,193.17,306.34
sh603169,6.02,6.05,6.68,5.85,225776.0,-5.94,6.4,14100.0,1136.0,6.01,249.0,6.03,-4.4,3.54,62.83,63.3
sh600026,6.21,6.45,6.66,6.2,345479.0,-9.87,6.89,22189.0,260.0,6.2,5.0,6.22,40.41,0.89,169.91,250.39
sz002886,21.65,22.38,22.4,21.65,13508.0,-10.02,24.06,2961.0,0.0,0.0,15421.0,21.65,82.47,3.87,10.74,25.47
sh601116,16.92,14.8,16.92,14.69,315868.0,10.01,15.38,50730.0,16500.0,16.91,0.0,0.0,72.95,2.92,69.5,92.67
sz000919,8.29,8.57,8.65,8.05,134353.0,-4.38,8.67,11281.0,26.0,8.27,752.0,8.29,10.32,1.38,41.7,41.78
sz000713,7.72,7.59,7.72,7.38,350445.0,9.97,7.02,26936.0,43879.0,7.71,0.0,0.0,34.2,1.53,23.07,25.41
sh601515,8.96,9.44,9.96,8.96,191054.0,-10.04,9.96,17985.0,0.0,0.0,17706.0,8.96,15.73,2.73,119.56,119.56
sh600249,4.38,4.54,4.82,4.36,102520.0,-9.5,4.84,4687.0,691.0,4.37,35.0,4.39,32.87,1.31,24.09,24.09
sz002698,12.51,12.84,13.1,12.5,61644.0,-5.58,13.25,7922.0,314.0,12.49,168.0,12.51,34.2,3.97,68.11,85.28
sz002234,38.14,37.42,40.43,36.8,358349.0,-3.22,39.41,137206.0,153.0,38.13,110.0,38.15,14.73,7.65,72.91,115.2
sh601177,9.69,10.19,10.19,9.52,55270.0,-7.63,10.49,5456.0,197.0,9.68,252.0,9.7,209.05,2.36,38.77,38.77
sz300323,6.82,7.03,7.35,6.6,279941.0,-4.48,7.14,19720.0,218.0,6.81,165.0,6.83,-169.23,1.3,47.9,74.94
sz300116,1.86,1.84,1.94,1.84,1074177.0,-8.82,2.04,20194.0,5245.0,1.84,1398.0,1.86,-1.09,-13.32,24.07,45.24
sz300162,5.92,6.33,6.38,5.9,104286.0,-9.76,6.56,6400.0,312.0,5.91,2.0,5.98,-82.59,1.99,13.57,20.69
sz002548,13.3,14.16,14.86,13.25,206498.0,-9.65,14.72,28697.0,320.0,13.29,106.0,13.38,-17.72,4.25,51.51,56.14
sh601689,16.5,17.6,17.65,16.38,57520.0,-8.99,18.13,9749.0,11.0,16.43,66.0,16.5,17.99,1.64,119.3,120.05
sh600975,12.03,12.6,13.29,12.03,383136.0,-10.02,13.37,48049.0,0.0,0.0,2871.0,12.03,-129.68,7.32,78.52,78.52
sh600410,9.76,9.97,10.74,9.5,1298051.0,-6.42,10.43,131391.0,1533.0,9.74,2269.0,9.76,-208.23,2.21,107.24,107.59
sh600331,3.15,3.25,3.39,3.06,407938.0,-4.55,3.3,13133.0,2140.0,3.13,1859.0,3.15,-2.44,2.79,64.01,64.01
sz300353,12.31,13.13,13.73,12.31,382593.0,-10.01,13.68,49730.0,0.0,0.0,3575.0,12.31,22.21,2.58,43.29,63.64
sz000582,8.86,9.14,9.3,8.78,129718.0,-6.83,9.51,11665.0,93.0,8.85,46.0,8.87,20.22,1.54,23.32,144.83
sz300659,33.45,32.72,35.7,32.62,26750.0,-7.7,36.24,9028.0,368.0,33.41,2.0,33.51,115.78,10.07,21.74,44.43
sh603108,11.39,12.0,12.56,11.39,134830.0,-10.03,12.66,15846.0,0.0,0.0,22481.0,11.39,24.14,2.51,57.89,66.01
sz002354,4.32,4.55,4.68,4.26,258787.0,-8.67,4.73,11563.0,371.0,4.3,21.0,4.32,-0.55,2.01,29.75,40.27
sh600310,5.15,5.21,5.42,4.82,254092.0,-3.92,5.36,13170.0,855.0,5.13,425.0,5.15,10.34,1.96,42.63,42.63
sz002665,4.85,5.15,5.26,4.85,595759.0,-10.02,5.39,29701.0,0.0,0.0,129710.0,4.85,-20.64,1.82,109.44,123.13
sz000936,8.63,8.93,9.44,8.51,344015.0,-8.58,9.44,30949.0,1092.0,8.62,1283.0,8.64,11.58,1.54,76.41,76.46
sh603776,23.13,23.5,24.42,22.65,26795.0,-7.37,24.97,6359.0,13.0,23.12,1.0,23.15,25.99,1.3,19.92,31.09
sz002347,5.45,5.6,5.62,5.45,140795.0,-9.92,6.05,7703.0,0.0,0.0,67168.0,5.45,111.23,2.15,17.39,24.49
sh603997,8.77,9.47,9.65,8.69,70631.0,-9.12,9.65,6416.0,70.0,8.7,75.0,8.77,19.79,2.9,55.25,56.08
sz300525,29.0,30.27,30.8,28.88,24077.0,-7.94,31.5,7154.0,8.0,28.93,1.0,29.1,50.32,6.41,22.75,37.59
sh601233,14.75,15.08,15.4,14.75,434168.0,-10.01,16.39,64427.0,0.0,0.0,3463.0,14.75,12.55,1.7,263.19,268.74
sz002076,3.24,3.36,3.57,3.14,210321.0,-5.81,3.44,7041.0,1024.0,3.23,86.0,3.25,-2.91,5.35,14.43,25.2
sh600635,6.03,6.15,6.39,5.91,821479.0,-6.22,6.43,50258.0,791.0,6.02,2554.0,6.04,30.94,2.28,145.85,178.03
sz002367,8.05,8.3,8.5,8.05,207826.0,-9.96,8.94,17045.0,0.0,0.0,26446.0,8.05,310.47,2.02,42.2,64.21
sh601588,4.03,3.92,4.25,3.88,1147300.0,-1.23,4.08,46978.0,3121.0,4.01,4874.0,4.03,7.42,0.94,107.2,135.69
sz300287,4.51,4.75,5.04,4.44,632254.0,-7.58,4.88,29741.0,10.0,4.5,91.0,4.52,-3.17,1.71,50.71,64.73
sz000716,5.4,5.31,5.61,5.29,271503.0,-2.0,5.51,14781.0,135.0,5.38,3167.0,5.4,73.46,1.47,33.47,40.31
sh600356,7.64,8.21,8.36,7.55,85601.0,-8.94,8.39,6712.0,31.0,7.58,766.0,7.64,32.13,1.07,22.82,22.82
sh603800,12.75,13.65,13.79,12.73,44941.0,-9.51,14.09,5941.0,181.0,12.74,8.0,12.77,24.59,2.59,26.52,26.52
sz002530,10.64,11.54,12.02,10.64,210212.0,-9.98,11.82,23744.0,0.0,0.0,6985.0,10.64,27.67,1.98,39.76,83.54
sh600988,4.13,4.27,4.37,4.0,653324.0,-0.72,4.16,27688.0,2586.0,4.11,8859.0,4.13,-56.3,2.23,58.91,58.91
sh600695,6.87,6.59,7.16,6.33,366059.0,2.08,6.73,24945.0,2239.0,6.86,3755.0,6.88,32.92,6.66,25.18,48.85
sh603186,28.31,30.48,30.49,28.31,27362.0,-9.98,31.45,7933.0,0.0,0.0,7780.0,28.31,46.57,5.32,20.87,36.62
sz002132,2.9,3.01,3.02,2.84,273062.0,-6.15,3.09,8044.0,1878.0,2.88,110.0,2.9,-28.75,1.31,36.32,36.44
sz000009,5.88,6.0,6.26,5.8,533107.0,-4.85,6.18,32038.0,1159.0,5.86,240.0,5.88,51.66,2.39,124.64,126.38
sz300296,8.14,8.52,8.68,8.08,391429.0,-9.35,8.98,32741.0,1036.0,8.12,471.0,8.14,15.9,2.57,147.34,206.99
sz002382,14.6,15.32,15.88,14.32,95352.0,-8.0,15.87,14525.0,305.0,14.59,5.0,14.67,36.62,1.79,71.26,140.75
sh600985,12.06,12.55,12.67,12.06,66243.0,-6.94,12.96,8147.0,171.0,12.05,62.0,12.07,7.33,1.51,31.7,261.99
sh603508,58.0,53.64,59.39,51.04,97683.0,7.41,54.0,54729.0,165.0,57.94,2.0,58.26,13.65,2.64,92.8,112.95
sz000408,9.81,9.73,10.2,9.56,194568.0,-3.06,10.12,19146.0,387.0,9.8,401.0,9.82,14.62,2.46,43.81,195.59
sz002641,4.05,4.32,4.39,4.05,87597.0,-10.0,4.5,3675.0,0.0,0.0,3910.0,4.05,15.4,1.53,36.28,45.49
sh600662,5.56,5.3,5.8,5.23,524347.0,0.54,5.53,29312.0,3293.0,5.55,519.0,5.57,28.27,1.72,58.57,58.57
sz002726,11.05,11.05,11.58,10.59,196579.0,-3.24,11.42,21839.0,188.0,11.03,104.0,11.05,46.76,3.82,82.91,83.49
sz300657,20.67,22.1,22.1,20.67,47114.0,-10.01,22.97,10037.0,0.0,0.0,321.0,20.67,23.01,5.9,23.29,36.54
sz300281,5.55,5.93,5.93,5.41,88279.0,-6.25,5.92,5039.0,20.0,5.53,80.0,5.55,130.37,1.91,14.55,23.25
sz000584,7.43,7.96,8.11,7.31,83988.0,-8.5,8.12,6428.0,624.0,7.42,168.0,7.45,42.85,2.66,44.45,45.57
sz000733,14.6,15.3,15.58,14.4,120886.0,-7.24,15.74,18074.0,48.0,14.58,207.0,14.6,26.88,1.51,68.52,75.16
sh600822,11.19,11.54,12.21,11.19,131641.0,-9.98,12.43,15290.0,0.0,0.0,1125.0,11.19,122.25,8.9,44.33,55.5
sz002543,13.96,15.13,15.13,13.96,37571.0,-9.99,15.51,5327.0,0.0,0.0,5594.0,13.96,15.35,2.31,67.74,79.85
sz000529,6.91,7.49,7.59,6.91,177548.0,-10.03,7.68,12771.0,0.0,0.0,3044.0,6.91,23.62,2.64,39.38,40.34
sz000993,7.16,7.24,7.76,7.02,180904.0,-2.59,7.35,13255.0,148.0,7.14,492.0,7.16,-10.85,1.71,26.71,32.79
sz002568,15.39,16.12,16.67,15.39,47994.0,-10.0,17.1,7610.0,0.0,0.0,531.0,15.39,56.89,4.1,57.37,80.0
sz002458,25.99,25.2,27.39,24.9,439738.0,-2.99,26.79,114323.0,69.0,25.97,838.0,25.99,20.3,7.79,92.1,149.06
sh600621,12.38,12.65,13.23,12.38,320177.0,-9.96,13.75,40786.0,0.0,0.0,12246.0,12.38,198.35,2.11,66.26,131.34
sz002609,7.65,7.94,8.4,7.36,190727.0,-5.44,8.09,15164.0,1033.0,7.62,3297.0,7.65,48.08,2.52,28.05,49.41
sh603963,14.5,16.0,16.0,14.42,29031.0,-9.49,16.02,4407.0,120.0,14.49,10.0,14.51,199.79,4.0,11.07,18.85
sz002617,5.52,5.77,6.12,5.25,630858.0,-3.33,5.71,36037.0,393.0,5.5,2922.0,5.52,-5.97,3.86,58.79,60.84
sh600896,4.89,5.27,5.27,4.86,61038.0,-8.94,5.37,3079.0,320.0,4.88,381.0,4.9,45.72,2.45,42.5,42.5
sz000931,7.92,8.1,8.33,7.71,135240.0,-5.04,8.34,10861.0,739.0,7.91,3236.0,7.93,60.24,3.5,55.61,59.65
sz002291,5.36,5.48,5.7,5.25,57250.0,-3.77,5.57,3121.0,279.0,5.34,72.0,5.36,318.75,0.85,21.38,35.31
sz002810,25.16,25.9,27.42,24.8,55481.0,-6.47,26.9,14530.0,64.0,25.15,74.0,25.19,32.82,3.8,15.45,29.96
sz300566,17.92,18.72,19.9,17.92,63508.0,-9.99,19.91,11716.0,0.0,0.0,11263.0,17.92,71.44,4.41,16.95,27.81
sz000413,5.71,5.99,6.13,5.58,1736552.0,-7.46,6.17,102103.0,4006.0,5.7,3097.0,5.72,15.09,0.99,277.74,327.2
sh601717,6.02,6.07,6.37,5.93,492288.0,-2.59,6.18,30296.0,1350.0,6.01,187.0,6.03,9.87,0.89,89.28,104.29
sz002124,18.14,19.0,19.65,18.14,237367.0,-9.98,20.15,44816.0,0.0,0.0,23394.0,18.14,-22.39,10.29,170.51,210.36
sz002496,3.38,3.25,3.54,3.17,926885.0,0.3,3.37,31426.0,1926.0,3.36,5162.0,3.38,-7.71,1.61,32.11,50.95
sh600859,16.91,17.9,17.9,16.52,125319.0,-7.85,18.35,21357.0,509.0,16.82,738.0,16.91,11.41,1.17,66.65,131.26
sz300198,4.35,4.52,4.73,4.35,574398.0,-9.94,4.83,25875.0,0.0,0.0,13768.0,4.35,-11.28,3.84,35.18,44.87
sh601919,5.24,5.31,5.57,5.18,418098.0,-8.55,5.73,22267.0,691.0,5.23,1037.0,5.25,36.99,2.2,400.11,642.4
sh601890,6.15,6.04,6.6,5.91,426108.0,-2.23,6.29,26489.0,2567.0,6.14,1205.0,6.16,327.69,2.01,59.0,59.0
sz002330,7.17,7.2,8.05,7.12,208397.0,-9.36,7.91,15662.0,837.0,7.15,73.0,7.17,275.69,2.67,35.98,35.99
sh600755,8.52,8.5,8.88,8.41,592555.0,-3.51,8.83,51285.0,1031.0,8.51,48.0,8.53,6.38,1.2,154.75,154.75
sz300650,13.92,14.6,14.66,13.85,21818.0,-8.12,15.15,3109.0,228.0,13.91,69.0,14.01,26.6,2.89,5.41,14.94
sh600521,13.99,14.26,14.75,13.81,184974.0,-6.55,14.97,26418.0,16.0,13.98,631.0,14.0,215.37,4.17,172.98,174.99
sz300065,13.5,14.69,14.69,13.5,65566.0,-10.0,15.0,9149.0,0.0,0.0,2666.0,13.5,50.95,3.1,40.52,53.75
sh600226,4.08,4.25,4.43,4.08,604517.0,-9.93,4.53,25494.0,0.0,0.0,79566.0,4.08,77.33,2.91,81.31,128.06
sz000790,5.22,5.7,5.7,5.22,138591.0,-10.0,5.8,7488.0,0.0,0.0,5177.0,5.22,76.6,3.45,29.22,29.25
sz000963,34.47,34.05,35.88,33.8,390681.0,-1.23,34.9,135644.0,6.0,34.46,80.0,34.48,19.98,4.65,502.63,502.63
sz002112,7.53,7.68,7.83,7.31,55505.0,-5.87,8.0,4212.0,135.0,7.49,124.0,7.53,102.88,3.94,13.8,15.18
sz000895,26.3,26.8,27.4,25.65,336358.0,-5.5,27.83,89116.0,160.0,26.29,85.0,26.33,16.92,6.08,867.64,867.78
sz002408,8.29,8.67,8.96,8.17,291251.0,-7.17,8.93,24905.0,52.0,8.26,491.0,8.29,18.83,1.97,144.23,147.16
sz002235,7.91,8.46,8.63,7.91,413896.0,-10.01,8.79,34163.0,0.0,0.0,5209.0,7.91,31.96,2.22,39.58,47.56
sz002219,3.23,3.39,3.46,3.15,219903.0,-7.18,3.48,7307.0,321.0,3.21,470.0,3.23,-4.18,2.23,59.57,60.25
sz000783,7.12,7.56,7.77,7.1,970882.0,-9.64,7.88,72119.0,521.0,7.11,1051.0,7.13,56.23,1.5,393.7,393.7
sh603696,12.59,12.5,13.5,12.28,34480.0,-2.02,12.85,4473.0,17.0,12.57,100.0,12.59,50.48,3.21,21.15,21.15
sh600856,3.67,3.9,3.98,3.64,325263.0,-9.16,4.04,12307.0,611.0,3.65,1204.0,3.67,-4.87,1.3,49.3,50.16
sz000793,3.87,3.9,4.08,3.73,498615.0,-4.21,4.04,19512.0,1104.0,3.85,2190.0,3.87,-1.55,1.61,75.04,77.29
sz300016,8.85,9.01,9.43,8.63,161736.0,-5.75,9.39,14521.0,194.0,8.84,186.0,8.86,27.12,3.47,35.37,43.28
sh600382,9.62,10.2,10.25,9.46,68699.0,-7.14,10.36,6810.0,9.0,9.6,7.0,9.64,11.05,0.81,32.88,44.91
sz000030,5.26,5.08,5.34,4.93,211233.0,1.54,5.18,10882.0,840.0,5.25,487.0,5.27,11.13,1.48,92.4,95.24
sz002237,9.66,10.38,10.6,9.2,369691.0,-5.39,10.21,36976.0,2004.0,9.65,196.0,9.67,23.02,1.97,82.27,87.94
sz002199,11.35,12.44,12.44,11.2,26393.0,-8.76,12.44,3047.0,71.0,11.31,1.0,11.38,-35.82,7.33,27.63,27.63
sz000031,6.76,6.78,7.07,6.68,415527.0,-1.89,6.89,28616.0,344.0,6.74,862.0,6.76,16.09,1.59,122.61,265.39
sz300076,5.36,5.8,5.81,5.36,123410.0,-10.07,5.96,6830.0,0.0,0.0,28830.0,5.36,-85.47,2.27,20.47,22.73
sz002801,25.98,26.9,26.9,24.56,9195.0,-4.8,27.29,2388.0,83.0,25.25,10.0,26.0,27.79,3.35,7.65,30.59
sz002589,7.68,7.5,7.91,7.43,279237.0,-0.39,7.71,21351.0,285.0,7.67,261.0,7.69,16.79,1.34,83.21,115.56
sz300670,15.49,0.0,0.0,0.0,0.0,0.0,15.49,0.0,0.0,0.0,0.0,0.0,82.49,5.07,14.5,30.11
sz002559,8.3,8.73,9.0,8.2,119179.0,-8.79,9.1,10289.0,28.0,8.29,10.0,8.31,27.03,1.87,26.35,30.96
sh600546,4.8,5.02,5.09,4.64,337914.0,-6.43,5.13,16330.0,6190.0,4.76,698.0,4.81,26.56,2.56,95.16,95.16
sz002687,6.42,6.86,6.86,6.34,110060.0,-8.81,7.04,7202.0,10.0,6.41,404.0,6.43,19.32,2.03,19.17,22.78
sz002703,6.25,5.91,6.4,5.75,326633.0,5.93,5.9,20170.0,902.0,6.23,2177.0,6.25,3075.35,3.36,34.57,49.35
sh600973,4.0,4.25,4.3,3.98,186537.0,-8.68,4.38,7731.0,1218.0,3.99,286.0,4.01,38.81,1.31,48.88,48.88
sh600072,12.7,13.0,13.75,12.43,315415.0,-7.43,13.72,41171.0,461.0,12.69,387.0,12.71,66.84,2.43,76.3,93.5
sz002357,6.26,6.5,6.64,6.23,83573.0,-9.01,6.88,5380.0,3537.0,6.24,1259.0,6.26,41.83,1.71,19.6,19.62
sz002555,13.7,13.26,14.06,13.2,540952.0,0.15,13.68,74260.0,6497.0,13.69,1429.0,13.71,27.65,4.54,218.13,291.11
sz300303,3.66,3.73,3.96,3.55,504862.0,-5.18,3.86,18940.0,2989.0,3.64,2751.0,3.66,25.99,2.35,41.44,46.58
sz300083,3.31,3.43,3.46,3.17,397851.0,-4.89,3.48,13226.0,306.0,3.29,1233.0,3.31,-1.65,1.73,41.4,47.36
sh603379,47.87,47.0,49.53,46.11,69388.0,-0.71,48.21,33226.0,769.0,47.86,40.0,47.88,19.25,4.62,28.59,208.74
sh600338,24.39,26.0,26.0,24.29,65166.0,-9.63,26.99,16257.0,7.0,24.35,26.0,24.39,19.68,7.0,159.27,159.27
sz002273,12.3,12.9,13.2,12.1,264568.0,-8.48,13.44,32969.0,2387.0,12.29,414.0,12.31,22.68,2.85,99.87,106.13
sz000608,5.7,6.0,6.2,5.63,55323.0,-8.8,6.25,3237.0,193.0,5.68,35.0,5.7,272.33,1.45,42.74,42.75
sh600080,6.87,7.38,7.57,6.87,113225.0,-9.96,7.63,8120.0,1844.0,0.0,356.0,6.88,59.58,1.44,20.97,25.64
sz300418,14.77,15.47,15.47,14.4,276859.0,-7.05,15.89,41628.0,721.0,14.76,135.0,14.78,14.33,2.87,92.09,170.14
sz000759,7.83,7.9,8.39,7.51,119645.0,-2.97,8.07,9514.0,59.0,7.82,122.0,7.84,12.13,1.56,53.29,53.32
sz300302,8.7,9.44,9.69,8.7,87947.0,-10.03,9.67,7978.0,0.0,0.0,579.0,8.7,9819.86,4.9,21.46,39.69
sh600180,9.22,9.98,9.98,9.06,51115.0,-8.44,10.07,4891.0,10.0,9.2,308.0,9.22,20.7,1.59,93.72,93.72
sh600533,3.66,3.63,3.83,3.56,315223.0,-2.66,3.76,11606.0,52.0,3.65,585.0,3.67,8.61,0.97,38.43,38.43
sh601038,4.69,5.02,5.1,4.65,82327.0,-9.28,5.17,4029.0,38.0,4.67,115.0,4.69,-3.55,1.14,27.85,46.24
sz002695,15.03,13.64,15.6,13.5,290778.0,5.77,14.21,41875.0,75.0,15.01,1913.0,15.03,41.44,3.92,68.15,77.24
sz002505,2.39,2.15,2.43,2.1,2649743.0,8.14,2.21,62492.0,3135.0,2.37,19938.0,2.39,-19.32,2.83,131.1,131.1
sh603728,12.24,12.5,12.67,11.77,29435.0,-4.97,12.88,3598.0,763.0,12.21,95.0,12.25,30.36,2.73,21.51,50.92
sz002895,16.01,14.7,16.85,14.52,288529.0,4.5,15.32,44824.0,976.0,16.0,260.0,16.02,83.23,3.39,14.26,65.17
sz300612,19.0,19.12,20.21,18.31,29851.0,-3.85,19.76,5795.0,113.0,18.93,336.0,19.01,546.98,7.95,8.61,30.78
sz002018,1.27,1.27,1.27,1.22,735730.0,4.96,1.21,9268.0,20286.0,1.26,0.0,0.0,-2.48,-2.52,28.93,28.93
sh600266,10.26,10.6,10.6,10.06,281654.0,-4.29,10.72,29142.0,546.0,10.25,1139.0,10.27,6.95,0.78,160.78,160.78
sz300048,3.26,3.36,3.56,3.12,419111.0,-5.78,3.46,14002.0,758.0,3.24,675.0,3.26,-16.46,1.63,32.94,36.66
sh600105,5.51,5.94,6.05,5.51,401384.0,-9.97,6.12,23165.0,0.0,0.0,15848.0,5.51,40.17,2.53,68.23,69.04
sz002088,13.68,14.28,14.5,13.67,90711.0,-6.94,14.7,12773.0,173.0,13.67,111.0,13.69,15.21,2.34,42.49,49.52
sz002295,8.01,8.61,8.61,7.91,38873.0,-6.75,8.59,3210.0,636.0,8.0,65.0,8.02,42.08,1.72,20.04,20.07
sz000948,9.58,10.19,10.6,9.58,71104.0,-9.96,10.64,7073.0,0.0,0.0,1369.0,9.58,39.16,2.1,30.7,30.71
sh600117,3.69,3.6,3.92,3.55,178023.0,-0.27,3.7,6652.0,1255.0,3.68,1176.0,3.7,-1.89,3.47,27.35,38.56
sh603006,12.26,13.02,13.19,12.1,27529.0,-8.44,13.39,3487.0,275.0,12.24,72.0,12.26,23.46,2.23,12.25,23.58
sz002884,28.77,29.1,29.95,27.67,25767.0,-2.34,29.46,7407.0,30.0,28.71,29.0,28.77,14.33,2.57,18.64,34.65
sh600191,5.04,5.24,5.5,4.9,155405.0,-5.97,5.36,8108.0,142.0,5.03,43.0,5.05,-76.45,1.25,24.44,24.44
sh600222,4.83,5.12,5.31,4.83,178558.0,-10.06,5.37,8930.0,0.0,0.0,28564.0,4.83,-26.52,2.07,27.38,27.72
sz002549,7.28,6.95,7.59,6.95,266156.0,0.41,7.25,19533.0,407.0,7.26,2216.0,7.28,49.18,4.73,45.15,45.41
sh603363,22.7,22.25,24.68,21.6,206001.0,-4.82,23.85,47871.0,731.0,22.66,32.0,22.72,295.89,11.87,41.77,98.98
sh600082,4.35,4.65,4.65,4.3,94635.0,-8.81,4.77,4228.0,185.0,4.34,608.0,4.36,187.69,1.65,27.57,28.11
sz002633,9.06,9.16,9.33,8.64,24222.0,-5.03,9.54,2189.0,26.0,8.93,58.0,9.06,205.49,2.6,13.54,13.59
sz002660,6.53,7.05,7.2,6.53,48460.0,-10.06,7.26,3291.0,0.0,0.0,2243.0,6.53,-7.11,3.23,13.42,17.91
sh603906,12.33,12.8,13.4,12.33,153376.0,-10.0,13.7,19637.0,0.0,0.0,6328.0,12.33,35.07,2.43,11.51,31.33
sh603718,14.25,14.2,15.2,13.88,141409.0,-3.32,14.74,20637.0,43.0,14.23,44.0,14.25,1279.27,8.64,91.77,91.77
sz002624,27.28,27.6,29.15,25.65,125046.0,-3.47,28.26,34837.0,175.0,27.27,1.0,27.29,19.58,4.25,132.97,358.68
sh600238,8.66,8.73,9.06,8.5,58561.0,-3.24,8.95,5090.0,302.0,8.53,143.0,8.66,35.99,4.98,38.54,38.81
sz000038,13.18,12.76,13.47,12.66,116382.0,-4.22,13.76,15145.0,2666.0,13.17,1036.0,13.19,-2.87,2.43,25.69,68.9
sh600725,3.28,3.33,3.5,3.22,119965.0,-1.8,3.34,4004.0,600.0,3.26,1626.0,3.28,299.18,13.78,40.43,40.43
sz002190,18.8,18.09,19.46,17.68,71682.0,1.08,18.6,13462.0,178.0,18.79,61.0,18.81,-32.27,3.81,64.9,67.44
sz002289,7.03,6.99,7.22,6.61,85337.0,1.88,6.9,5858.0,32.0,6.95,1.0,7.03,-12.03,6.67,18.2,19.7
sh600556,7.91,7.91,7.91,7.91,9257.0,5.05,7.53,732.0,25959.0,7.9,0.0,0.0,-76.74,92.08,31.23,31.23
sh600573,7.5,7.87,7.99,7.45,29165.0,-8.09,8.16,2251.0,174.0,7.49,203.0,7.51,83.81,1.67,18.75,18.75
sh600682,14.08,14.51,15.15,13.94,428353.0,-9.1,15.49,62288.0,90.0,14.06,641.0,14.08,-23.13,1.33,141.1,182.01
sz002034,16.13,17.0,17.0,15.7,35277.0,-7.35,17.41,5762.0,644.0,16.12,382.0,16.14,21.01,1.81,35.17,67.19
sz002188,4.19,4.34,4.34,4.19,29310.0,-4.99,4.41,1240.0,0.0,0.0,2617.0,4.19,-2.24,-1.98,9.46,12.39
sz002299,25.97,25.5,27.2,25.21,379341.0,-1.89,26.47,98780.0,348.0,25.95,792.0,25.97,15.85,3.85,288.5,321.89
sh600807,5.03,5.38,5.38,5.01,146339.0,-4.37,5.26,7562.0,1491.0,5.02,277.0,5.04,31.8,3.63,39.59,44.5
sh600399,3.8,3.89,3.95,3.8,131903.0,-5.0,4.0,5061.0,0.0,0.0,6808.0,3.8,2.8,1.78,74.94,74.94
sz002348,3.75,3.68,4.1,3.61,278762.0,-1.06,3.79,10642.0,96.0,3.74,939.0,3.76,120.29,2.72,27.87,35.52
sh600778,6.37,0.0,0.0,0.0,0.0,0.0,6.37,0.0,0.0,0.0,0.0,0.0,51.67,2.51,19.82,19.84
sz000911,7.82,7.67,8.4,7.67,133030.0,-3.1,8.07,10540.0,466.0,7.81,130.0,7.83,-1.76,-11.09,25.34,25.34
sh600701,2.68,2.68,2.68,2.68,50459.0,5.1,2.55,1352.0,151119.0,2.67,0.0,0.0,-0.62,-62.47,20.79,27.73
sz000585,2.51,2.47,2.63,2.42,74993.0,-1.57,2.55,1880.0,46.0,2.5,20.0,2.52,153.52,288.51,15.3,21.92
sh600634,2.63,2.65,2.73,2.63,84841.0,-5.05,2.77,2248.0,0.0,0.0,17503.0,2.63,-0.27,-0.43,15.14,15.14
sz002676,3.66,3.86,3.96,3.65,178254.0,-9.63,4.05,6746.0,4671.0,0.0,1219.0,3.66,158.13,2.56,26.35,26.35
sh603797,13.15,14.18,14.18,13.09,28163.0,-7.98,14.29,3843.0,63.0,13.13,13.0,13.15,31.73,2.54,7.01,28.05
sh600101,8.2,8.7,8.86,8.06,57050.0,-8.48,8.96,4845.0,12.0,8.19,2.0,8.21,25.46,1.17,26.58,26.58
sz002102,2.38,2.4,2.47,2.33,1261991.0,1.28,2.35,30312.0,7297.0,2.36,4556.0,2.38,-2.23,2.39,51.17,62.69
sz002489,3.65,3.92,4.02,3.65,537751.0,-10.1,4.06,20629.0,0.0,0.0,4828.0,3.65,63.84,2.36,68.57,79.41
sz300228,6.73,7.12,7.22,6.73,205739.0,-10.03,7.48,14301.0,0.0,0.0,19318.0,6.73,232.22,1.76,27.85,31.93
sz000010,3.25,3.25,3.49,3.25,100001.0,-4.97,3.42,3307.0,0.0,0.0,3669.0,3.25,-3.91,6.31,16.97,26.65
sz000972,3.23,3.2,3.38,3.09,80149.0,0.31,3.22,2603.0,575.0,3.21,254.0,3.23,-5.89,5.74,24.91,24.91
sh603520,31.17,32.71,34.37,30.59,31452.0,-6.37,33.29,10352.0,4.0,31.1,8.0,31.17,33.29,4.03,37.4,37.4
sz300739,23.12,24.3,25.12,23.12,54521.0,-10.0,25.69,13109.0,0.0,0.0,1105.0,23.12,30.96,3.34,10.68,42.73
sz000502,7.75,8.17,8.58,7.59,28324.0,-7.96,8.42,2260.0,102.0,7.73,21.0,7.75,16.39,6.93,14.21,14.32
sz300571,43.13,42.76,44.62,42.13,41777.0,-3.68,44.78,17995.0,13.0,43.07,11.0,43.14,25.08,8.91,29.74,51.92
sz002513,6.24,6.69,6.69,6.24,63655.0,-9.96,6.93,4096.0,0.0,0.0,1946.0,6.24,-2.39,1.27,19.62,21.22
sh603085,9.36,10.17,10.17,9.36,84660.0,-10.0,10.4,8165.0,0.0,0.0,2920.0,9.36,56.6,2.66,13.8,27.24
sz002523,3.57,3.81,3.81,3.55,143790.0,-8.7,3.91,5293.0,2154.0,3.56,1161.0,3.58,46.63,2.4,48.14,50.57
sz300250,15.26,15.68,16.26,15.26,75604.0,-9.97,16.95,11803.0,0.0,0.0,7332.0,15.26,-11.86,2.91,22.48,35.08
sz002800,18.42,20.19,20.19,18.21,18883.0,-8.95,20.23,3621.0,22.0,18.41,1.0,18.58,79.83,3.1,6.76,13.76
sz002595,20.68,20.03,21.13,19.72,37503.0,0.05,20.67,7729.0,29.0,20.67,253.0,20.69,21.03,3.67,108.99,165.44
sh600122,3.74,4.01,4.08,3.74,278538.0,-9.88,4.15,10819.0,0.0,0.0,21382.0,3.74,-1.91,0.65,43.32,43.32
sz000673,4.38,4.57,4.75,4.36,249059.0,-8.94,4.81,11357.0,1784.0,4.37,70.0,4.39,-2.02,6.57,34.45,34.67
sz002785,10.58,10.95,10.95,10.3,23944.0,-5.37,11.18,2569.0,209.0,10.55,85.0,10.59,250.03,3.23,16.37,21.16
sz000980,4.94,5.33,5.33,4.94,263778.0,-10.02,5.49,13417.0,2231.0,0.0,511.0,4.95,13.1,0.57,61.55,100.17
sz300181,5.56,5.98,6.04,5.54,115098.0,-9.59,6.15,6641.0,1261.0,5.54,362.0,5.56,149.62,2.49,25.79,33.84
sz000524,7.73,8.34,8.36,7.73,56389.0,-10.01,8.59,4478.0,84.0,0.0,97.0,7.74,18.61,1.94,21.05,51.81
sh600063,3.07,3.22,3.23,3.0,246938.0,-7.25,3.31,7754.0,297.0,3.05,962.0,3.07,38.06,1.19,59.12,59.12
sz000068,4.6,4.81,4.97,4.58,156344.0,-9.45,5.08,7438.0,263.0,4.59,734.0,4.61,-31.52,9.37,46.31,46.31
sh603189,12.15,13.12,13.12,12.13,45003.0,-9.87,13.48,5669.0,91.0,12.13,69.0,12.15,105.42,3.37,13.38,26.83
sz300489,15.73,16.94,17.08,15.73,20962.0,-10.01,17.48,3430.0,0.0,0.0,557.0,15.73,-116.56,3.13,11.25,14.27
sh600167,12.67,13.1,13.45,12.39,42796.0,-6.22,13.51,5469.0,12.0,12.53,41.0,12.67,15.13,3.25,104.12,223.0
sh601858,10.57,11.0,11.29,10.57,88632.0,-9.97,11.74,9622.0,0.0,0.0,1945.0,10.57,18.97,2.36,20.14,83.56
sz300518,23.33,25.8,25.88,23.33,17302.0,-9.99,25.92,4224.0,8.0,0.0,26.0,23.4,89.39,1.96,10.92,21.78
sh603978,19.69,19.22,20.3,18.9,33007.0,-0.3,19.75,6465.0,10.0,19.62,258.0,19.69,29.27,2.21,14.99,31.5
sz000416,5.6,5.64,6.01,5.38,313161.0,-2.95,5.77,17894.0,1508.0,5.59,675.0,5.61,123.35,3.39,29.77,29.78
sh603601,8.82,8.9,9.12,8.7,31669.0,-3.08,9.1,2802.0,20.0,8.8,228.0,8.82,27.21,3.52,47.68,47.68
sz000668,14.61,15.81,15.84,14.61,28095.0,-9.98,16.23,4274.0,0.0,0.0,2075.0,14.61,128.17,2.31,21.43,21.45
sh600594,5.9,6.2,6.36,5.81,182582.0,-8.53,6.45,11131.0,1243.0,5.88,202.0,5.9,-6.09,1.31,46.72,46.72
sh603299,6.91,6.27,6.91,6.16,237191.0,10.03,6.28,15936.0,71226.0,6.9,0.0,0.0,25.01,1.38,38.66,53.6
sh600067,4.69,4.65,4.77,4.54,212652.0,-0.42,4.71,9966.0,1408.0,4.67,1284.0,4.69,7.97,0.88,69.98,69.98
sh603828,10.08,10.58,10.75,9.85,35473.0,-6.58,10.79,3624.0,11.0,10.01,114.0,10.08,70.81,3.95,42.46,42.9
sz000715,9.71,10.29,10.77,9.71,74098.0,-10.01,10.79,7537.0,0.0,0.0,4465.0,9.71,28.98,1.98,27.05,27.09
sz002697,5.64,5.94,6.03,5.61,195667.0,-7.24,6.08,11390.0,1875.0,5.62,1.0,5.64,22.07,2.85,55.63,76.7
sz000420,2.34,2.46,2.46,2.28,204285.0,-5.65,2.48,4826.0,3445.0,2.32,1169.0,2.34,32.73,1.57,38.91,46.11
sh600079,11.42,11.3,11.58,10.92,258048.0,-2.81,11.75,28956.0,88.0,11.39,1927.0,11.42,-6.54,1.67,146.87,154.59
sh603703,13.03,12.01,13.3,12.01,105463.0,4.83,12.43,13616.0,628.0,13.02,78.0,13.04,-35.88,6.85,14.2,29.93
sh603617,22.35,22.66,23.17,21.83,27839.0,-4.08,23.3,6216.0,3.0,22.3,5.0,22.35,32.22,4.14,6.8,22.75
sz002168,8.93,9.18,9.46,8.7,142348.0,-6.39,9.54,12921.0,1188.0,8.91,772.0,8.93,35.15,3.69,70.56,72.7
sh600783,18.15,18.88,19.38,17.75,183011.0,-7.49,19.62,34003.0,225.0,18.14,162.0,18.16,62.9,3.78,135.1,135.1
sh603777,14.84,12.95,14.84,12.7,256639.0,10.01,13.49,35544.0,21228.0,14.83,0.0,0.0,155.01,2.64,16.42,50.57
sz002100,9.12,9.58,10.36,9.11,435812.0,-9.88,10.12,42186.0,3512.0,0.0,452.0,9.12,30.57,2.76,87.86,87.86
sz000729,7.0,7.2,7.43,6.86,382421.0,-5.15,7.38,27382.0,267.0,6.98,1212.0,7.0,106.91,1.51,175.66,197.3
sh600193,3.29,3.37,3.38,3.29,40057.0,-4.91,3.46,1325.0,0.0,0.0,4474.0,3.29,38.85,6.51,13.99,13.99
sh600898,8.26,8.55,8.66,8.09,33269.0,-6.03,8.79,2790.0,11.0,8.24,36.0,8.26,-4.92,53.02,20.86,20.86
sh600877,6.38,6.49,6.52,6.38,97351.0,-5.06,6.72,6237.0,0.0,0.0,27559.0,6.38,-50.56,-20.68,43.85,43.85
sz300079,6.02,6.15,6.6,5.75,1085444.0,-3.99,6.27,67576.0,2450.0,6.0,3466.0,6.02,101.07,2.32,72.75,86.3
sh600064,10.39,11.0,11.24,10.31,332474.0,-8.86,11.4,35960.0,277.0,10.37,156.0,10.39,7.92,1.15,128.42,128.42
sz300256,3.31,3.39,3.48,3.19,270539.0,-5.16,3.49,9080.0,466.0,3.3,301.0,3.32,-1.77,2.02,26.29,32.01
sz300163,3.49,3.68,3.69,3.4,50459.0,-6.43,3.73,1795.0,170.0,3.48,159.0,3.53,-8.85,3.39,9.85,16.54
sz002647,13.35,13.88,13.88,13.33,32308.0,-4.64,14.0,4393.0,1632.0,13.34,163.0,13.36,131.67,7.65,74.75,74.75
sh601107,3.96,4.12,4.16,3.91,117566.0,-5.94,4.21,4745.0,234.0,3.95,454.0,3.97,13.74,0.81,85.64,121.1
sz002485,6.95,7.36,7.62,6.95,91574.0,-9.97,7.72,6614.0,1202.0,0.0,312.0,6.96,27.06,1.7,37.81,37.81
sh601113,7.2,7.56,7.57,7.17,110408.0,-6.86,7.73,8125.0,701.0,7.19,225.0,7.21,25.55,1.37,59.98,83.64
sz000918,6.88,6.98,7.33,6.85,102357.0,-5.36,7.27,7243.0,358.0,6.85,823.0,6.88,-7.88,3.7,124.13,124.13
sh600476,13.85,14.53,14.86,13.8,39445.0,-9.24,15.26,5650.0,406.0,13.83,142.0,13.85,184.2,9.46,22.31,22.31
sh600604,12.48,13.0,13.41,12.48,652535.0,-10.02,13.87,83834.0,0.0,0.0,22407.0,12.48,94.49,3.82,166.51,233.79
sz000020,11.4,11.6,12.24,11.1,21941.0,-3.06,11.76,2540.0,11.0,11.35,23.0,11.4,994.5,9.96,20.65,32.28
sz002825,16.73,18.0,18.2,16.73,25852.0,-10.01,18.59,4462.0,0.0,0.0,1314.0,16.73,35.02,3.71,6.8,23.44
sh603590,35.15,35.64,36.26,34.73,19488.0,-3.7,36.5,6921.0,21.0,35.11,15.0,35.2,20.61,2.18,14.06,56.24
sz300129,3.85,4.15,4.16,3.82,116691.0,-9.2,4.24,4655.0,506.0,3.83,1510.0,3.85,162.99,1.24,20.62,27.69
sh603668,8.69,8.96,8.97,8.51,52846.0,-3.01,8.96,4620.0,145.0,8.68,286.0,8.7,39.11,2.76,17.65,27.53
sh603619,15.71,16.6,16.96,15.71,45707.0,-9.97,17.45,7401.0,0.0,0.0,649.0,15.71,-257.69,2.61,22.52,62.84
sz300770,71.17,69.99,72.77,67.37,73789.0,-1.77,72.45,52028.0,49.0,71.16,7.0,71.18,38.05,4.91,22.85,91.36
sh600644,6.37,6.95,6.95,6.37,100986.0,-10.03,7.08,6575.0,540.0,0.0,117.0,6.38,29.16,2.43,34.3,34.3
sz002910,15.42,14.6,15.77,14.5,174863.0,3.63,14.88,26721.0,1823.0,15.41,40.0,15.43,44.94,2.4,11.43,28.89
sz300268,15.74,17.1,17.21,15.74,25367.0,-10.01,17.49,4130.0,0.0,0.0,7849.0,15.74,85.25,8.82,15.49,21.09
sz002502,3.74,3.88,3.94,3.62,142072.0,-6.97,4.02,5378.0,525.0,3.73,954.0,3.75,-2.46,1.5,26.24,32.16
sh600073,10.16,10.36,11.25,9.86,915967.0,-5.05,10.7,97349.0,555.0,10.14,741.0,10.16,29.51,2.35,95.27,95.27
sz300365,13.75,13.6,14.56,13.33,126527.0,-3.85,14.3,17610.0,1700.0,13.73,64.0,13.76,30.62,4.52,44.53,82.95
sh603505,18.05,19.34,19.83,18.05,76640.0,-9.98,20.05,14367.0,0.0,0.0,1957.0,18.05,27.3,4.91,20.22,43.32
sh601021,39.88,40.11,41.47,38.81,63928.0,-5.07,42.01,25718.0,3.0,39.83,78.0,39.88,22.97,2.61,365.49,365.66
sh600170,3.72,3.76,3.79,3.66,980287.0,-2.62,3.82,36556.0,936.0,3.71,1264.0,3.73,9.29,1.28,315.71,331.24
sz300234,11.13,11.25,11.83,10.55,131410.0,3.53,10.75,14652.0,2780.0,11.12,68.0,11.14,-121.08,3.69,19.09,32.23
sh600894,7.05,7.44,7.45,6.98,101875.0,-7.84,7.65,7345.0,288.0,7.04,116.0,7.06,25.06,0.82,60.63,60.63
sh600120,15.86,15.68,16.74,15.48,119620.0,-4.11,16.54,19307.0,190.0,15.84,284.0,15.86,15.32,1.43,105.49,138.68
sz000557,3.99,4.21,4.22,3.9,190989.0,-7.64,4.32,7784.0,285.0,3.97,680.0,3.99,37.65,1.17,23.35,58.19
sh600319,4.55,4.99,4.99,4.55,108184.0,-9.9,5.05,5055.0,0.0,0.0,6265.0,4.55,319.5,29.13,14.36,14.36
sz300130,16.9,17.01,17.5,16.9,89490.0,-10.01,18.78,15282.0,0.0,0.0,10905.0,16.9,26.99,3.75,56.61,80.76
sh600269,4.55,4.75,4.75,4.48,428560.0,-5.6,4.82,19763.0,1567.0,4.54,4072.0,4.56,6.33,0.68,106.26,106.26
sh603685,16.58,17.15,17.62,16.5,14095.0,-5.9,17.62,2390.0,891.0,16.57,17.0,16.59,19.55,2.17,7.33,21.55
sz300057,6.8,7.3,7.42,6.74,137945.0,-9.21,7.49,9759.0,685.0,6.77,281.0,6.8,27.88,1.15,26.2,36.27
sz002372,20.2,19.48,20.32,18.98,118247.0,1.51,19.9,23029.0,672.0,20.19,20.0,20.21,26.46,6.99,236.3,264.81
sh603025,10.62,11.08,11.08,10.45,28367.0,-5.01,11.18,3033.0,41.0,10.6,174.0,10.62,28.9,5.19,97.27,97.9
sh600221,2.07,2.13,2.15,2.04,1380271.0,-5.48,2.19,29002.0,11397.0,2.06,14435.0,2.08,-9.18,0.7,340.23,347.89
sh600346,16.65,17.02,17.25,16.4,229690.0,-6.36,17.78,38352.0,12.0,16.64,607.0,16.66,30.87,3.05,555.01,841.29
sh603033,24.86,25.84,25.84,24.28,7714.0,-4.64,26.07,1926.0,159.0,24.66,2.0,24.87,49.07,2.0,13.75,54.06
sh600993,17.02,16.81,17.64,16.6,129141.0,-1.62,17.3,22111.0,1178.0,17.01,67.0,17.03,30.47,3.05,73.23,73.37
sz000700,3.74,4.03,4.03,3.74,153831.0,-9.88,4.15,5950.0,0.0,0.0,10895.0,3.74,50.57,1.38,26.82,30.94
sh600000,11.8,11.75,11.86,11.54,1245454.0,-1.42,11.97,146022.0,3254.0,11.79,470.0,11.81,5.96,0.76,3316.24,3463.55
sz002002,5.06,5.23,5.5,5.06,762596.0,-9.96,5.62,39658.0,0.0,0.0,50936.0,5.06,23.86,2.09,129.01,130.99
sh603429,22.23,24.0,25.0,22.23,38116.0,-10.0,24.7,8945.0,0.0,0.0,1491.0,22.23,43.36,8.31,28.2,55.02
sz002519,4.0,4.11,4.24,3.88,175528.0,-3.85,4.16,7109.0,248.0,3.99,535.0,4.01,-3.85,1.86,33.26,45.06
sz300546,26.6,27.5,28.89,25.88,19098.0,-5.51,28.15,5282.0,17.0,26.58,5.0,26.6,29.67,4.82,17.1,35.95
sh600501,8.51,8.57,9.16,8.2,122502.0,-3.73,8.84,10589.0,126.0,8.49,48.0,8.51,-20.18,1.76,35.85,35.85
sh603159,19.76,20.58,21.62,19.51,15613.0,-8.6,21.62,3187.0,49.0,19.75,10.0,19.77,57.58,4.65,4.94,19.76
sh600873,5.15,5.02,5.3,4.99,427181.0,-0.19,5.16,21997.0,270.0,5.13,882.0,5.15,14.61,1.7,158.3,160.07
sh600303,4.98,4.96,5.25,4.76,224325.0,-3.49,5.16,11253.0,182.0,4.97,40.0,4.99,-19.57,1.18,30.89,33.65
sz000839,4.26,4.51,4.6,4.21,1014855.0,-8.78,4.67,44701.0,2328.0,4.25,917.0,4.27,8.34,1.79,166.95,166.98
sz300441,8.23,8.8,9.1,8.19,95296.0,-9.56,9.1,8074.0,463.0,8.2,21.0,8.24,51.65,3.45,20.18,54.51
sz300331,16.61,18.0,18.14,16.61,37403.0,-9.97,18.45,6421.0,623.0,0.0,67.0,16.65,62.82,2.58,22.1,37.55
sh600306,6.88,6.95,7.02,6.53,24709.0,-3.78,7.15,1681.0,186.0,6.86,226.0,6.88,-9.99,546.03,12.21,12.26
sz002015,5.35,5.49,5.63,5.26,49061.0,-5.81,5.68,2677.0,291.0,5.34,42.0,5.37,601.53,4.05,21.44,21.44
sh603396,32.48,35.08,35.37,32.45,24529.0,-9.93,36.06,8172.0,453.0,32.47,66.0,32.49,27.45,2.69,10.25,24.54
sh603477,7.27,7.63,7.75,7.17,49999.0,-8.09,7.91,3748.0,245.0,7.25,24.0,7.27,29.51,2.07,8.25,17.45
sh600100,9.73,10.0,10.34,9.5,375359.0,-6.53,10.41,37309.0,153.0,9.71,1544.0,9.73,-9.25,1.72,288.39,288.39
sz000860,52.91,56.0,56.6,52.2,99067.0,-8.78,58.0,53810.0,58.0,52.89,171.0,52.91,37.41,4.23,301.9,301.9
sz002441,7.61,7.97,8.15,7.44,81736.0,-6.97,8.18,6410.0,466.0,7.6,832.0,7.62,17.73,1.09,29.89,41.46
sz000430,5.58,5.96,5.98,5.58,37581.0,-10.0,6.2,2160.0,250.0,0.0,111.0,5.6,68.47,1.44,18.51,22.59
sh603711,28.8,31.0,31.6,28.8,26876.0,-10.0,32.0,7966.0,0.0,0.0,19.0,28.8,35.69,5.26,13.33,120.77
sz002614,17.43,18.77,18.96,17.43,55978.0,-10.02,19.37,10083.0,0.0,0.0,418.0,17.43,21.86,2.99,58.08,97.87
sz000592,3.81,4.06,4.14,3.81,750760.0,-9.93,4.23,29599.0,0.0,0.0,8933.0,3.81,264.73,2.32,72.92,73.6
sz300261,5.38,5.78,5.91,5.38,83306.0,-10.03,5.98,4714.0,0.0,0.0,31880.0,5.38,30.06,2.55,49.82,51.83
sh600694,28.86,29.16,29.9,28.61,49444.0,-1.97,29.44,14439.0,45.0,28.85,408.0,28.87,8.28,1.0,84.77,84.77
sz002739,20.1,21.1,21.62,20.09,284340.0,-9.54,22.22,59227.0,255.0,20.08,1148.0,20.1,29.99,2.73,354.05,354.05
sh601198,11.93,12.4,12.76,11.93,450373.0,-9.96,13.25,55248.0,0.0,0.0,6129.0,11.93,25.6,1.64,329.02,329.02
sz000633,5.18,5.6,5.6,5.18,82222.0,-9.91,5.75,4394.0,0.0,0.0,1026.0,5.18,203.08,12.26,19.95,19.95
sh600781,14.53,15.0,15.29,14.06,93204.0,-6.5,15.54,13783.0,490.0,14.52,5.0,14.54,9.9,1.62,54.38,91.13
sz300708,9.86,10.22,10.67,9.57,34843.0,-6.45,10.54,3561.0,49.0,9.85,25.0,9.88,268.77,3.54,8.48,25.58
sz000638,5.35,5.66,5.69,5.23,66304.0,-7.6,5.79,3616.0,497.0,5.34,8.0,5.36,-11.53,13.07,16.55,16.55
sz002095,24.71,26.6,26.79,24.71,58676.0,-10.01,27.46,15104.0,0.0,0.0,1071.0,24.71,194.77,7.26,62.18,62.45
sz300366,9.08,9.28,9.28,9.08,161919.0,-10.01,10.09,14752.0,0.0,0.0,50818.0,9.08,-12.51,2.01,27.97,47.72
sz000156,10.5,11.19,11.28,10.24,140263.0,-7.65,11.37,15169.0,172.0,10.49,2.0,10.52,20.99,1.38,134.43,150.5
sz300380,20.48,21.78,22.22,20.48,36283.0,-9.98,22.75,7715.0,0.0,0.0,1506.0,20.48,95.53,6.49,25.26,28.15
sh600826,11.15,12.16,12.16,11.15,83603.0,-10.01,12.39,9585.0,0.0,0.0,1038.0,11.15,14.19,1.37,46.9,46.9
sz002270,5.05,5.25,5.25,4.86,89244.0,-4.9,5.31,4541.0,334.0,5.03,159.0,5.05,22.34,1.66,37.32,38.34
sh600302,5.1,5.37,5.49,5.1,32157.0,-8.44,5.57,1697.0,271.0,5.09,844.0,5.11,82.75,1.45,17.65,17.65
sh603103,21.0,21.99,21.99,21.0,25184.0,-7.94,22.81,5395.0,149.0,20.99,135.0,21.01,32.7,4.05,11.13,95.13
sh600708,5.71,6.0,6.0,5.71,518215.0,-9.94,6.34,29781.0,0.0,0.0,30738.0,5.71,10.0,1.08,127.06,127.26
sz000923,14.82,15.85,15.85,14.69,40703.0,-8.74,16.24,6222.0,161.0,14.81,184.0,14.83,47.05,1.51,29.34,96.73
sz000875,3.1,3.19,3.26,3.03,488215.0,-6.06,3.3,15397.0,4781.0,3.09,3408.0,3.11,49.06,0.88,60.58,66.54
sz002734,13.35,14.4,14.4,13.26,71812.0,-9.37,14.73,9777.0,6.0,13.34,25.0,13.36,16.46,1.99,27.33,37.85
sz002809,17.22,18.26,18.26,17.03,21113.0,-7.27,18.57,3746.0,0.0,17.21,17.0,17.24,29.06,1.96,10.47,20.66
sh603690,17.89,19.88,19.88,17.89,24367.0,-10.01,19.88,4559.0,263.0,0.0,174.0,17.9,110.91,3.56,16.49,46.17
sz002208,12.19,13.24,13.37,12.17,86528.0,-9.84,13.52,11038.0,833.0,12.17,187.0,12.19,10.98,1.98,38.92,39.02
sz300498,37.75,39.47,41.0,37.31,491515.0,-8.4,41.21,191232.0,1223.0,37.74,40.0,37.76,96.03,5.82,1403.37,2005.7
sh600586,3.17,3.24,3.27,3.01,234159.0,-4.8,3.33,7390.0,93.0,3.16,2329.0,3.18,57.48,1.1,45.76,46.23
sz002714,60.08,60.99,64.76,58.99,163407.0,-6.27,64.1,100395.0,851.0,60.07,11.0,60.1,-799.16,13.49,698.82,1252.81
sz300680,17.81,19.66,19.66,17.8,30860.0,-9.96,19.78,5687.0,48.0,17.8,10.0,17.85,225.76,2.57,5.84,13.24
sh603883,59.1,56.8,60.5,55.7,28877.0,1.79,58.06,16918.0,34.0,59.09,1.0,59.11,36.5,5.13,157.8,169.35
sz300266,5.1,5.2,5.45,5.1,508398.0,-10.05,5.67,26524.0,0.0,0.0,81413.0,5.1,-5.94,3.28,74.56,79.79
sz002258,14.86,14.92,15.27,14.61,81214.0,-4.01,15.48,12139.0,123.0,14.85,140.0,14.87,14.58,2.67,77.71,77.92
sh603200,32.8,34.0,35.3,32.08,6349.0,-7.32,35.39,2149.0,5.0,32.77,6.0,32.81,28.56,3.21,8.29,24.61
sz300540,17.21,18.0,18.5,17.21,32572.0,-9.99,19.12,5776.0,0.0,0.0,3520.0,17.21,-19.67,3.97,11.02,21.46
sz300315,3.78,4.03,4.06,3.74,773842.0,-8.7,4.14,30332.0,3211.0,3.76,1914.0,3.78,-3.37,1.9,97.9,104.23
sz000996,13.74,14.51,14.7,13.74,184825.0,-10.02,15.27,26090.0,0.0,0.0,11617.0,13.74,469.14,8.75,47.4,47.4
sz000863,5.0,4.78,5.15,4.7,294751.0,1.63,4.92,14561.0,1752.0,4.99,1521.0,5.01,1370.4,1.14,45.87,68.56
sz002769,10.03,10.88,10.88,10.03,51532.0,-9.96,11.14,5328.0,0.0,0.0,1410.0,10.03,41.06,2.73,23.64,37.44
sz300468,16.12,17.0,17.58,16.12,43536.0,-9.99,17.91,7239.0,0.0,0.0,1165.0,16.12,44.98,2.93,30.03,31.31
sz300151,6.12,6.38,6.39,5.99,49659.0,-5.7,6.49,3066.0,44.0,6.11,3.0,6.13,51.01,3.47,17.5,30.75
sz002522,6.57,7.1,7.12,6.54,270099.0,-9.63,7.27,18264.0,6886.0,6.55,100.0,6.58,164.23,3.31,56.12,59.51
sz002082,10.1,10.2,10.88,9.87,61172.0,-2.79,10.39,6353.0,399.0,10.08,502.0,10.1,28.05,1.6,24.04,24.04
sh603305,23.5,24.6,24.98,23.19,40226.0,-8.81,25.77,9685.0,35.0,23.49,37.0,23.51,33.99,6.51,14.87,94.14
sz002635,13.59,14.1,14.42,13.59,125651.0,-10.0,15.1,17444.0,0.0,0.0,13624.0,13.59,15.67,1.4,49.28,99.86
sz000691,4.05,4.38,4.38,3.99,58327.0,-8.58,4.43,2411.0,33.0,4.03,157.0,4.06,120.46,15.6,11.76,13.09
sz002008,36.11,37.0,37.77,35.5,247148.0,-7.65,39.1,90289.0,1385.0,36.1,11.0,36.12,25.44,4.83,358.71,385.32
sz300542,16.15,17.47,17.49,16.0,37622.0,-9.01,17.75,6328.0,45.0,16.14,50.0,16.17,64.05,3.97,9.1,25.04
sh603979,8.53,9.24,9.24,8.52,40159.0,-9.54,9.43,3566.0,110.0,8.51,228.0,8.53,16.87,1.22,49.76,49.76
sh603316,7.78,8.14,8.18,7.67,21598.0,-7.38,8.4,1698.0,141.0,7.71,30.0,7.82,41.87,1.89,8.17,15.82
sh600848,31.7,32.03,33.18,31.7,112336.0,-9.99,35.22,35961.0,0.0,0.0,24169.0,31.7,79.47,5.15,249.8,355.01
sz300173,4.97,5.26,5.39,4.97,130745.0,-9.96,5.52,6698.0,0.0,0.0,5167.0,4.97,-3.45,3.44,20.44,29.13
sz000573,3.45,3.58,3.61,3.39,122176.0,-6.25,3.68,4283.0,308.0,3.43,284.0,3.45,15.74,1.26,21.62,22.39
sh603605,56.65,60.2,60.5,56.57,38655.0,-9.86,62.85,22560.0,73.0,56.63,57.0,56.66,36.99,6.37,35.18,114.07
sz300701,31.94,34.0,34.0,31.51,8353.0,-8.03,34.73,2743.0,18.0,31.91,1.0,31.94,34.01,5.17,7.24,25.55
sh600255,1.98,2.07,2.08,1.94,457402.0,-6.16,2.11,9180.0,3578.0,1.96,387.0,1.98,-2.69,1.62,35.04,35.04
sz002493,12.1,12.8,12.9,12.01,124886.0,-8.4,13.21,15550.0,753.0,12.09,37.0,12.12,48.27,3.54,642.0,761.22
sz300201,4.81,4.92,4.93,4.6,96769.0,-4.18,5.02,4647.0,167.0,4.78,274.0,4.81,49.04,3.16,42.68,50.07
sz002075,8.35,8.46,8.99,8.18,326710.0,-4.46,8.74,28010.0,1217.0,8.34,44.0,8.36,18.02,4.02,184.27,184.27
sh600177,9.21,9.19,9.43,9.06,462007.0,-3.46,9.54,42726.0,20.0,9.15,2187.0,9.21,8.41,1.13,329.85,329.85
sh600173,4.31,4.62,4.72,4.29,118991.0,-9.64,4.77,5339.0,357.0,4.29,266.0,4.31,4.98,1.22,30.13,30.22
sz300547,20.73,22.0,22.1,20.38,22649.0,-8.11,22.56,4842.0,126.0,20.72,15.0,20.74,18.56,3.13,12.97,25.6
sh603111,4.98,5.1,5.2,4.91,122773.0,-6.21,5.31,6190.0,406.0,4.96,1035.0,4.98,-1.55,2.81,41.63,49.47
sh600875,10.76,11.4,11.49,10.76,683288.0,-10.03,11.96,75774.0,905.0,0.0,1990.0,10.77,26.98,1.15,214.87,332.57
sh600862,8.38,9.03,9.11,8.38,178816.0,-9.99,9.31,15525.0,0.0,0.0,3765.0,8.38,31.59,2.98,116.74,116.74
sz002195,5.07,5.39,5.48,5.03,1963165.0,-9.3,5.59,103256.0,16331.0,5.05,2350.0,5.07,14.15,2.31,217.61,225.26
sz002575,6.56,7.12,7.12,6.49,147672.0,-9.02,7.21,9996.0,315.0,6.54,566.0,6.56,404.5,4.29,38.62,38.62
sz300307,6.16,6.61,6.66,6.13,122115.0,-8.33,6.72,7893.0,810.0,6.15,170.0,6.17,48.02,1.21,48.86,49.4
sz002321,7.8,7.9,8.5,7.5,545337.0,-0.26,7.82,43363.0,822.0,7.79,1711.0,7.81,33.42,1.38,41.42,41.67
sh603707,30.77,30.12,32.22,30.12,42990.0,-7.98,33.44,13379.0,221.0,30.74,81.0,30.77,37.66,6.6,87.57,170.13
sz002346,12.72,13.88,13.9,12.64,32473.0,-9.4,14.04,4252.0,227.0,12.7,103.0,12.72,39.85,2.63,50.2,56.17
sz000517,3.13,3.1,3.22,3.04,363903.0,-3.4,3.24,11481.0,1457.0,3.11,2011.0,3.13,8.06,1.83,95.02,99.66
sh603317,38.25,34.53,38.96,34.51,201756.0,3.91,36.81,74924.0,71.0,38.24,25.0,38.26,55.17,9.29,15.8,158.03
sz300393,17.17,18.39,18.5,16.81,28221.0,-8.08,18.68,4972.0,3.0,17.15,1.0,17.17,31.21,1.63,20.74,40.97
sh603699,12.67,13.7,13.88,12.67,52338.0,-10.01,14.08,6876.0,0.0,0.0,5160.0,12.67,29.84,3.42,95.03,95.03
sz000692,3.04,3.2,3.22,3.0,70717.0,-6.46,3.25,2193.0,840.0,3.02,303.0,3.04,109.52,1.19,16.2,16.2
sh601208,4.59,4.76,4.92,4.4,99906.0,-5.94,4.88,4706.0,330.0,4.58,988.0,4.6,103.58,1.23,28.76,28.76
sz300606,16.21,17.45,17.78,16.14,13945.0,-9.59,17.93,2340.0,87.0,16.2,2.0,16.22,28.59,2.76,5.38,14.46
sz300766,51.11,53.8,54.78,51.11,45622.0,-10.0,56.79,24151.0,0.0,0.0,2543.0,51.11,84.38,12.47,20.5,204.49
sh600477,4.19,4.5,4.5,4.16,216057.0,-9.31,4.62,9337.0,1841.0,4.18,1246.0,4.2,14.08,2.26,75.0,75.03
sz002172,4.18,4.42,4.6,4.16,168439.0,-9.52,4.62,7322.0,88.0,4.16,234.0,4.18,-49.56,1.82,28.71,32.46
sz000786,18.3,18.66,19.2,18.01,135261.0,-5.23,19.31,24922.0,210.0,18.29,61.0,18.31,13.42,2.12,258.76,309.18
sh600798,3.92,4.16,4.18,3.92,212217.0,-10.09,4.36,8494.0,0.0,0.0,33692.0,3.92,20.72,1.36,40.41,47.3
sz300555,9.08,9.88,9.88,9.08,40388.0,-10.01,10.09,3764.0,0.0,0.0,1924.0,9.08,283.31,2.86,7.92,18.16
sz300291,5.41,5.88,5.88,5.41,138685.0,-9.98,6.01,7696.0,0.0,0.0,1856.0,5.41,-1.31,1.48,32.24,43.95
sz002782,11.68,12.6,12.61,11.59,42856.0,-9.25,12.87,5173.0,239.0,11.66,731.0,11.68,63.16,5.9,49.76,49.76
sh600436,108.7,112.87,112.87,105.81,76894.0,-5.72,115.3,84233.0,2.0,108.62,17.0,108.7,53.7,11.9,655.81,655.81
sz002438,7.49,7.51,7.92,7.3,90828.0,-2.73,7.7,7020.0,1216.0,7.42,218.0,7.5,27.67,1.97,27.82,36.38
sz300388,9.93,10.0,10.34,9.8,64930.0,-5.43,10.5,6517.0,124.0,9.9,34.0,9.93,18.55,2.51,53.53,54.69
sh603017,12.0,12.8,12.8,11.95,32592.0,-7.62,12.99,4029.0,155.0,11.98,58.0,12.0,19.38,1.84,32.39,33.02
sz000655,4.52,4.88,4.88,4.48,106748.0,-9.24,4.98,4977.0,78.0,4.51,797.0,4.53,23.3,1.11,26.91,26.91
sz002576,10.71,11.63,11.63,10.71,40958.0,-10.0,11.9,4546.0,0.0,0.0,689.0,10.71,83.03,2.02,17.61,17.68
sz000078,3.82,4.11,4.11,3.77,324856.0,-8.17,4.16,12748.0,2906.0,3.8,2244.0,3.82,26.78,1.64,70.92,105.53
sz300629,16.26,17.25,17.46,16.02,10186.0,-8.39,17.75,1703.0,369.0,16.24,1.0,16.27,296.59,4.63,7.04,16.26
sh600768,10.23,10.45,10.85,10.21,27190.0,-3.13,10.56,2848.0,453.0,10.22,10.0,10.25,-43.64,13.76,13.68,13.68
sz000589,3.86,4.1,4.1,3.79,155195.0,-7.43,4.17,6140.0,261.0,3.85,801.0,3.87,25.05,0.87,29.93,29.93
sh600159,2.81,3.03,3.03,2.77,116404.0,-8.17,3.06,3362.0,54.0,2.8,1210.0,2.82,17.55,1.01,23.32,23.32
sz300111,2.29,2.48,2.48,2.27,140681.0,-8.76,2.51,3325.0,217.0,2.28,837.0,2.3,-2.29,12.12,25.58,25.64
sh603333,8.3,9.17,9.17,8.3,51889.0,-9.98,9.22,4447.0,0.0,0.0,1346.0,8.3,51.01,3.01,42.37,43.16
sz300554,16.15,17.1,17.1,15.8,18830.0,-6.81,17.33,3085.0,6.0,16.11,12.0,16.15,-108.36,3.01,7.52,15.12
sh600496,3.12,3.24,3.29,3.07,241182.0,-7.14,3.36,7665.0,1593.0,3.11,930.0,3.13,21.5,1.13,47.13,56.49
sh603228,54.78,58.51,59.76,54.78,23974.0,-10.0,60.87,13389.0,0.0,0.0,1399.0,54.78,28.39,5.2,54.97,235.7
sh600882,10.66,11.1,11.1,10.5,21334.0,-4.99,11.22,2291.0,345.0,10.64,305.0,10.66,140.06,3.57,43.04,43.65
sh600343,9.21,9.89,9.89,9.16,109923.0,-8.9,10.11,10490.0,348.0,9.19,1032.0,9.21,254.64,2.66,58.78,58.78
sz000922,10.87,11.6,11.61,10.87,162504.0,-10.02,12.08,18025.0,0.0,0.0,11034.0,10.87,16.45,2.76,52.75,53.25
sh603110,12.41,13.49,13.49,12.41,32390.0,-10.01,13.79,4156.0,0.0,0.0,222.0,12.41,48.97,2.81,6.74,17.84
sh601018,4.82,5.06,5.06,4.82,600888.0,-9.91,5.35,29269.0,0.0,0.0,120753.0,4.82,21.86,1.62,616.96,634.93
sz002147,3.21,3.24,3.26,3.21,163591.0,-5.03,3.38,5266.0,0.0,0.0,37945.0,3.21,-26.89,0.76,17.24,58.68
sh600301,6.98,7.1,7.25,6.98,17505.0,-5.03,7.35,1243.0,0.0,0.0,4366.0,6.98,27.92,5.4,16.41,16.41
sz002586,4.85,4.97,5.02,4.68,126856.0,-4.72,5.09,6227.0,800.0,4.84,334.0,4.86,22.67,1.0,33.64,55.49
sh600741,21.93,22.98,23.05,21.2,220427.0,-6.8,23.53,48232.0,10.0,21.8,58.0,21.93,9.93,1.45,691.39,691.39
sz002627,7.3,7.83,7.83,7.17,32146.0,-8.06,7.94,2397.0,348.0,7.29,201.0,7.32,22.0,1.1,20.23,22.97
sz300717,16.03,15.49,16.19,15.0,38203.0,0.88,15.89,5994.0,37.0,16.01,68.0,16.03,34.08,2.97,6.81,16.41
sz300283,4.46,4.72,4.79,4.42,62552.0,-8.42,4.87,2876.0,55.0,4.44,131.0,4.46,160.88,3.15,9.5,18.48
sh600259,29.89,31.6,32.5,29.8,79997.0,-9.29,32.95,24825.0,362.0,29.87,778.0,29.89,-36.03,5.31,78.35,90.21
sh603730,26.0,27.51,27.51,25.8,14478.0,-7.64,28.15,3811.0,194.0,25.91,1.0,26.02,18.73,3.07,21.21,106.68
sh603183,14.5,15.55,15.55,14.27,24143.0,-8.34,15.82,3607.0,69.0,14.49,152.0,14.51,29.66,2.57,10.69,18.14
sz002675,10.7,11.09,11.34,10.61,89786.0,-7.2,11.53,9829.0,109.0,10.69,40.0,10.71,28.47,2.04,67.44,85.84
sz300233,18.05,18.02,18.61,17.77,14517.0,-3.99,18.8,2624.0,338.0,17.9,4.0,18.05,24.51,1.73,64.08,70.96
sh600358,4.57,4.66,4.94,4.41,105930.0,-1.72,4.65,4944.0,73.0,4.56,409.0,4.58,-25.92,5.13,23.08,23.08
sz002560,5.58,5.9,6.01,5.51,94830.0,-8.67,6.11,5458.0,108.0,5.57,330.0,5.59,147.51,1.52,15.08,24.89
sh600572,7.5,7.85,7.98,7.35,932877.0,-7.98,8.15,71528.0,2648.0,7.49,4802.0,7.51,28.09,3.6,199.54,200.05
sz000066,8.01,8.39,8.65,7.95,862569.0,-8.46,8.75,71208.0,1994.0,7.99,378.0,8.01,26.5,3.73,199.51,235.19
sh600232,5.79,6.37,6.39,5.78,74339.0,-9.81,6.42,4483.0,3037.0,0.0,509.0,5.79,74.23,1.85,21.12,21.12
sz000917,7.19,7.56,7.64,7.09,388242.0,-8.76,7.88,28545.0,939.0,7.18,3158.0,7.2,67.87,1.01,93.08,101.92
sh600011,6.71,6.66,6.8,6.53,516011.0,-0.59,6.75,34451.0,4203.0,6.7,3124.0,6.72,36.89,1.39,704.55,1053.34
sz000878,10.05,10.3,10.57,10.05,408866.0,-10.03,11.17,41904.0,0.0,0.0,7235.0,10.05,89.28,2.17,142.35,170.82
sh600633,9.48,9.7,10.0,9.27,139125.0,-5.2,10.0,13454.0,732.0,9.47,523.0,9.49,19.27,1.55,122.32,123.42
sz300658,13.5,14.8,14.9,13.5,33892.0,-10.0,15.0,4673.0,0.0,0.0,7533.0,13.5,39.44,2.59,5.67,20.25
sh603198,16.23,17.68,17.68,16.16,85181.0,-9.58,17.95,14210.0,2.0,16.22,61.0,16.25,16.07,2.77,129.84,129.84
sz002300,7.22,7.69,7.89,7.2,113738.0,-9.3,7.96,8594.0,224.0,7.21,570.0,7.23,30.98,2.86,39.18,39.18
sz000815,11.7,11.7,11.7,11.7,14529.0,-10.0,13.0,1700.0,0.0,0.0,229591.0,11.7,266.09,4.01,37.07,81.35
sz000046,6.39,6.72,6.85,6.39,175528.0,-10.0,7.1,11549.0,0.0,0.0,4992.0,6.39,22.18,1.47,330.7,332.04
sz002552,6.66,7.1,7.33,6.66,50573.0,-10.0,7.4,3516.0,0.0,0.0,642.0,6.66,52.98,3.28,13.33,20.4
sz300269,4.69,4.99,4.99,4.62,89370.0,-6.94,5.04,4333.0,87.0,4.68,10.0,4.7,-0.95,1.41,18.42,27.85
sh600648,20.5,21.34,21.34,20.3,177206.0,-9.13,22.56,36619.0,61.0,20.48,1568.0,20.5,22.24,2.16,191.63,232.75
sz300693,13.64,14.4,14.8,13.64,25994.0,-9.97,15.15,3665.0,0.0,0.0,389.0,13.64,48.77,3.04,9.61,18.67
sz002918,22.2,23.8,23.8,22.19,27033.0,-9.98,24.66,6139.0,126.0,22.19,47.0,22.26,14.22,2.02,17.67,52.52
sh603586,15.5,15.5,15.77,15.11,19696.0,-3.49,16.06,3057.0,20.0,15.44,197.0,15.5,25.87,1.52,15.52,32.45
sh600482,21.9,22.68,23.19,21.48,73056.0,-7.98,23.8,16312.0,36.0,21.89,1.0,21.95,27.87,1.44,195.15,375.86
sz002591,7.3,7.28,7.68,7.18,45527.0,-5.68,7.74,3395.0,162.0,7.28,257.0,7.3,39.58,1.84,13.36,22.4
sz000885,9.7,9.9,10.08,9.32,92735.0,-4.24,10.13,8992.0,168.0,9.68,221.0,9.7,8.03,1.83,48.15,48.15
sz002787,7.25,7.72,7.9,7.25,36637.0,-9.94,8.05,2738.0,705.0,0.0,85.0,7.26,46.31,1.52,11.25,22.55
sh603096,62.38,62.0,64.72,61.56,8091.0,-1.92,63.6,5095.0,7.0,62.22,147.0,62.38,34.92,4.69,33.63,84.41
sh600853,4.06,4.33,4.33,4.05,165303.0,-9.78,4.5,6888.0,549.0,4.05,799.0,4.07,17.86,1.7,21.79,26.15
sz300008,3.39,3.47,3.55,3.24,358821.0,-5.83,3.6,12224.0,3320.0,3.37,711.0,3.39,-1.72,4.37,20.42,32.54
sh603300,8.95,9.71,9.71,8.95,158948.0,-9.96,9.94,14392.0,1351.0,0.0,431.0,8.96,217.92,2.81,40.68,43.43
sh600624,9.5,10.1,10.18,9.5,404010.0,-9.95,10.55,39467.0,0.0,0.0,27073.0,9.5,136.76,5.61,65.05,65.05
sh603817,6.74,7.16,7.16,6.71,28628.0,-6.91,7.24,1974.0,124.0,6.72,54.0,6.74,24.65,1.95,12.13,30.33
sz300716,9.66,10.43,10.43,9.64,21208.0,-8.7,10.58,2116.0,489.0,9.64,6.0,9.66,35.71,1.85,8.43,15.46
sz002059,6.26,6.66,6.66,6.26,52252.0,-10.06,6.96,3334.0,0.0,0.0,1280.0,6.26,9.39,2.33,45.75,45.75
sz300054,8.2,8.84,8.84,8.2,112512.0,-9.99,9.11,9427.0,0.0,0.0,5359.0,8.2,26.44,2.13,56.36,78.73
sz000530,4.22,4.39,4.51,4.13,165996.0,-7.46,4.56,7180.0,911.0,4.2,1270.0,4.22,18.56,1.03,25.22,35.58
sz002181,4.73,5.09,5.09,4.65,158844.0,-8.51,5.17,7702.0,1003.0,4.71,734.0,4.73,67.81,1.38,53.66,54.92
sz002198,8.22,8.72,8.95,8.22,199524.0,-9.97,9.13,17212.0,0.0,0.0,65099.0,8.22,116.21,5.26,37.09,41.72
sh603959,20.57,21.0,22.0,20.57,49930.0,-9.98,22.85,10432.0,0.0,0.0,2229.0,20.57,40.64,5.65,30.64,64.51
sh603377,17.0,16.09,17.23,16.09,36022.0,-0.64,17.11,6032.0,11.0,16.86,455.0,17.0,41.94,5.82,99.96,99.96
sz002130,4.69,5.07,5.07,4.68,354944.0,-9.81,5.2,17203.0,823.0,0.0,4314.0,4.69,255.78,2.2,46.62,59.18
sh600390,9.38,9.88,9.99,9.38,212294.0,-9.98,10.42,20400.0,0.0,0.0,5354.0,9.38,12.85,1.05,48.17,351.6
sz002731,17.24,17.09,17.89,16.6,70647.0,-1.37,17.48,12177.0,11.0,17.22,281.0,17.24,67.1,2.14,22.17,25.98
sz000021,7.45,8.04,8.09,7.45,302156.0,-10.02,8.28,23402.0,2486.0,0.0,1257.0,7.46,19.98,1.71,109.47,109.61
sh603026,31.05,31.5,32.78,30.11,98068.0,-6.45,33.19,30793.0,241.0,31.03,4.0,31.1,23.04,3.59,62.93,62.93
sh603879,10.77,11.35,11.43,10.52,22320.0,-7.79,11.68,2456.0,87.0,10.75,44.0,10.77,46.03,3.01,8.72,15.51
sz002770,3.2,3.32,3.5,3.19,167368.0,-5.6,3.39,5556.0,2103.0,3.19,175.0,3.21,25.82,1.94,19.3,35.04
sz300679,37.53,40.0,40.0,37.53,30536.0,-10.0,41.7,11710.0,0.0,0.0,2009.0,37.53,37.16,2.39,37.48,81.06
sh600655,8.9,9.5,9.52,8.72,181199.0,-7.29,9.6,16309.0,2265.0,8.89,2.0,8.91,10.61,1.16,127.92,345.41
sh600609,4.19,4.5,4.51,4.19,118896.0,-9.89,4.65,5064.0,0.0,0.0,9083.0,4.19,57.56,12.21,45.78,45.78
sz300004,4.2,4.52,4.53,4.19,180721.0,-9.68,4.65,7820.0,224.0,4.19,1245.0,4.21,-2.1,1.01,16.24,20.9
sz002566,6.69,6.89,6.99,6.52,41630.0,-6.3,7.14,2812.0,62.0,6.67,392.0,6.69,33.75,1.18,15.24,22.14
sz300534,6.18,6.65,6.65,6.15,54272.0,-9.52,6.83,3454.0,30.0,6.16,153.0,6.18,149.46,2.58,12.54,18.75
sh603577,12.12,12.92,12.92,11.87,55536.0,-7.13,13.05,6918.0,45.0,12.11,492.0,12.13,64.59,2.37,9.39,21.21
sh600132,35.73,36.49,37.98,35.19,37213.0,-3.43,37.0,13631.0,140.0,35.72,124.0,35.74,41.76,14.05,172.92,172.92
sz300068,12.61,13.02,13.13,12.6,295579.0,-9.93,14.0,37687.0,272.0,12.6,701.0,12.62,35.44,1.74,78.32,110.65
sz002271,19.15,18.8,19.41,18.71,227114.0,-2.35,19.61,43237.0,59.0,19.13,1075.0,19.15,18.59,3.74,190.67,285.73
sz002137,7.58,7.77,7.77,7.58,173838.0,-9.98,8.42,13248.0,0.0,0.0,29795.0,7.58,-12.62,3.15,27.66,43.85
sh600187,2.82,3.03,3.05,2.81,262448.0,-9.62,3.12,7673.0,6172.0,2.81,231.0,2.83,414.11,1.36,41.05,46.64
sz300106,6.7,6.77,7.4,6.4,172180.0,-2.47,6.87,12027.0,517.0,6.69,23.0,6.71,24.99,2.22,14.14,14.16
sz300153,7.31,7.58,7.9,7.31,88295.0,-9.98,8.12,6650.0,57.0,0.0,119.0,7.32,259.47,2.46,23.2,23.39
sh601811,12.09,12.94,13.0,12.09,48887.0,-9.98,13.43,6076.0,0.0,0.0,3000.0,12.09,15.37,1.66,24.07,149.17
sz002395,14.69,15.08,15.46,14.46,8449.0,-7.78,15.93,1267.0,3.0,14.57,58.0,14.69,113.2,3.05,26.27,26.27
sh600199,6.19,6.77,6.78,6.19,170476.0,-10.03,6.88,10953.0,0.0,0.0,1623.0,6.19,39.35,1.35,34.4,40.72
sh600793,17.19,18.33,18.5,17.19,27175.0,-10.0,19.1,4772.0,0.0,0.0,1067.0,17.19,8.52,5.03,18.1,18.1
sz002461,6.2,6.79,6.79,6.2,217736.0,-10.01,6.89,13950.0,0.0,0.0,112.0,6.2,36.29,1.66,84.34,137.23
sz300538,28.51,29.58,31.14,28.47,19138.0,-9.15,31.38,5720.0,203.0,28.48,83.0,28.51,77.1,5.43,6.82,24.03
sh600809,52.32,54.98,55.8,51.69,130613.0,-8.9,57.43,69469.0,157.0,52.31,1.0,52.39,27.82,6.38,453.01,453.01
sh600505,7.35,7.85,7.9,7.35,74574.0,-10.04,8.17,5626.0,0.0,0.0,893.0,7.35,42.51,2.4,26.8,26.8
sz000688,13.2,13.22,14.18,12.99,56783.0,-2.37,13.52,7697.0,30.0,13.03,177.0,13.2,36.64,6.22,150.12,150.12
sz002337,4.25,4.67,4.67,4.25,132366.0,-9.96,4.72,5829.0,0.0,0.0,3886.0,4.25,-1045.2,2.1,24.98,25.02
sz300135,2.97,3.02,3.11,2.94,170576.0,-5.71,3.15,5163.0,1893.0,2.96,268.0,2.98,64.36,2.22,27.37,27.37
sh603727,14.5,14.66,14.96,14.4,20502.0,-4.16,15.13,3014.0,4.0,14.46,70.0,14.5,67.87,1.43,13.76,33.95
sz300018,4.88,5.24,5.24,4.83,115798.0,-9.12,5.37,5810.0,779.0,4.86,599.0,4.88,-5.28,2.35,18.02,23.64
sh600107,6.86,6.89,7.28,6.85,116454.0,-9.86,7.61,8187.0,556.0,6.85,1159.0,6.87,233.58,4.4,24.7,24.7
sh601666,4.28,4.3,4.44,4.14,457529.0,-3.6,4.44,19696.0,44.0,4.27,1636.0,4.29,10.37,0.75,101.06,101.06
sz002380,14.44,15.4,15.4,14.44,49282.0,-9.18,15.9,7330.0,2.0,14.42,52.0,14.44,30.07,1.67,20.7,34.65
sz002345,4.4,4.65,4.72,4.32,137716.0,-7.76,4.77,6238.0,494.0,4.39,104.0,4.41,60.55,1.17,38.66,39.84
sz300531,17.46,18.59,19.16,17.46,57435.0,-10.0,19.4,10479.0,0.0,0.0,430.0,17.46,35.19,6.46,21.3,48.89
sz000677,3.85,3.49,3.85,3.45,250007.0,10.0,3.5,9479.0,120091.0,3.84,0.0,0.0,1222.61,12.11,33.26,33.26
sh600810,14.34,14.75,15.35,14.2,306810.0,-6.15,15.28,45351.0,591.0,14.32,98.0,14.34,8.65,1.89,63.42,63.42
sz300113,17.19,18.17,18.2,17.19,138727.0,-10.0,19.1,24270.0,0.0,0.0,15543.0,17.19,42.73,3.87,81.0,119.35
sh600192,6.6,6.8,6.88,6.6,157065.0,-9.96,7.33,10489.0,0.0,0.0,21639.0,6.6,264.31,1.51,29.16,29.16
sh600135,7.94,7.63,8.57,7.63,172571.0,-0.38,7.97,13990.0,342.0,7.93,550.0,7.95,310.96,1.75,29.62,29.62
sh601969,4.89,5.33,5.33,4.88,98903.0,-9.78,5.42,4970.0,394.0,0.0,590.0,4.89,-15.31,2.29,95.59,95.59
sz300433,7.48,7.86,7.97,7.48,338287.0,-9.99,8.31,25630.0,0.0,0.0,34592.0,7.48,68.3,1.83,292.5,293.73
sz002828,11.22,11.8,11.8,11.22,72515.0,-10.02,12.47,8274.0,0.0,0.0,3410.0,11.22,44.79,2.42,11.08,22.95
sz002503,2.6,2.82,2.83,2.59,368522.0,-9.72,2.88,9894.0,9255.0,0.0,5777.0,2.6,25.26,1.5,51.86,80.41
sz002468,21.9,23.16,23.5,21.65,135917.0,-8.94,24.05,29867.0,224.0,21.85,42.0,21.94,16.14,3.76,72.66,335.25
sh600977,16.24,16.98,17.19,16.24,293325.0,-9.98,18.04,48258.0,0.0,0.0,24775.0,16.24,20.08,2.58,91.76,303.2
sh600818,12.2,12.6,13.48,12.18,25854.0,-9.83,13.53,3294.0,17.0,12.18,194.0,12.2,902.12,6.16,29.03,39.22
sz000682,4.93,5.36,5.37,4.93,307094.0,-10.04,5.48,15558.0,0.0,0.0,14198.0,4.93,32.63,2.16,48.22,66.1
sz000606,7.35,7.51,7.51,7.02,139547.0,-5.04,7.74,10149.0,535.0,7.31,1932.0,7.36,45.75,1.97,38.15,56.29
sh603360,24.44,25.0,26.77,24.44,49715.0,-9.98,27.15,12608.0,0.0,0.0,28.0,24.44,30.45,5.49,19.16,45.62
sh600371,7.32,7.53,7.96,7.16,88291.0,-1.74,7.45,6701.0,144.0,7.3,432.0,7.32,31.61,3.37,16.47,16.47
sz300189,3.87,3.95,4.28,3.84,233201.0,-0.51,3.89,9417.0,3073.0,3.85,6147.0,3.87,-900.35,2.86,34.16,39.63
sh600218,16.34,16.5,16.9,16.34,420359.0,-10.02,18.16,69282.0,0.0,0.0,92593.0,16.34,133.63,3.06,60.25,60.25
sz002813,25.64,27.01,27.43,25.18,19288.0,-8.07,27.89,5081.0,25.0,25.63,33.0,25.65,-1352.7,4.74,7.69,30.77
sz300601,50.03,50.0,52.98,48.7,65009.0,-3.6,51.9,33011.0,2.0,50.01,218.0,50.03,75.44,16.15,126.78,321.02
sh600602,8.78,9.72,9.72,8.78,181190.0,-9.95,9.75,16372.0,0.0,0.0,13822.0,8.78,46.87,2.97,90.74,120.08
sh600126,5.08,5.1,5.23,4.98,116837.0,-2.31,5.2,5968.0,107.0,5.07,1326.0,5.09,9.16,0.9,140.6,171.56
sh603833,115.44,118.0,118.0,112.02,8702.0,-3.83,120.04,10024.0,1.0,115.32,348.0,115.44,30.5,6.33,106.33,485.07
sh600035,3.36,3.5,3.52,3.33,105945.0,-6.15,3.58,3638.0,553.0,3.35,222.0,3.37,12.49,0.9,51.3,58.06
sz002600,5.28,5.53,5.67,5.28,1543821.0,-10.05,5.87,83697.0,0.0,0.0,45381.0,5.28,-74.3,3.44,78.56,360.37
sh603501,54.8,0.0,0.0,0.0,0.0,0.0,54.8,0.0,0.0,0.0,0.0,0.0,169.89,14.51,77.01,249.73
sh603768,12.9,13.12,13.38,12.51,30951.0,-1.15,13.05,4003.0,612.0,12.89,71.0,12.91,37.82,1.52,9.05,26.32
sh603066,7.17,7.5,7.69,7.08,40905.0,-8.43,7.83,3026.0,166.0,7.16,72.0,7.21,22.78,2.27,21.56,21.68
sz300241,7.05,7.45,7.45,7.05,153276.0,-9.96,7.83,10897.0,0.0,0.0,46038.0,7.05,52.64,2.88,29.34,38.96
sz000012,4.62,4.85,4.85,4.52,193834.0,-5.71,4.9,9042.0,64.0,4.6,175.0,4.62,31.07,1.43,82.11,132.28
sz300448,13.03,13.83,13.98,12.94,46390.0,-9.39,14.38,6211.0,50.0,0.0,447.0,13.03,36.98,4.24,31.62,53.34
sz000753,3.28,3.49,3.51,3.25,198159.0,-8.89,3.6,6707.0,1267.0,3.26,3400.0,3.28,34.83,1.42,29.0,32.52
sz000983,6.26,6.6,6.73,6.19,620452.0,-9.01,6.88,39860.0,806.0,6.24,1742.0,6.26,10.47,0.96,197.26,197.27
sz300154,5.46,5.85,5.89,5.38,33799.0,-7.46,5.9,1909.0,447.0,5.43,47.0,5.46,22.69,1.54,17.31,24.89
sz000058,6.17,5.88,6.24,5.72,196524.0,4.58,5.9,11888.0,2194.0,6.16,924.0,6.18,301.02,3.97,33.2,76.24
sz300082,7.13,7.4,7.43,6.93,77783.0,-5.56,7.55,5590.0,282.0,7.12,77.0,7.14,13.76,1.45,48.1,48.54
sh600754,26.1,26.0,26.28,25.22,49848.0,-3.23,26.97,12829.0,28.0,26.06,41.0,26.1,21.79,1.92,169.26,250.02
sh600463,7.6,8.01,8.14,7.48,35380.0,-7.88,8.25,2748.0,323.0,7.58,3.0,7.61,-2576.65,1.63,22.8,22.8
sh603555,5.66,6.27,6.27,5.66,76947.0,-10.02,6.29,4563.0,921.0,0.0,395.0,5.67,-4.7,2.2,35.58,35.58
sh600712,5.07,5.37,5.37,5.07,89575.0,-9.95,5.63,4671.0,0.0,0.0,15784.0,5.07,-61.9,2.71,27.27,27.61
sh600335,7.04,7.21,7.49,6.91,121736.0,-7.61,7.62,8817.0,118.0,7.03,861.0,7.05,17.49,0.91,72.49,102.56
sz000626,9.08,9.05,9.52,8.81,72347.0,-5.52,9.61,6633.0,0.0,9.07,21.0,9.09,48.44,1.91,36.74,49.29
sh603958,8.6,9.1,9.1,8.41,16427.0,-7.43,9.29,1441.0,273.0,8.56,303.0,8.6,-24.08,1.83,5.68,18.91
sz000810,9.87,10.0,10.6,9.3,213580.0,-4.17,10.3,21498.0,881.0,9.86,306.0,9.88,27.94,3.37,95.81,106.01
sz300270,7.31,7.81,7.83,7.23,37942.0,-8.4,7.98,2850.0,223.0,7.28,60.0,7.31,-101.22,2.11,11.03,22.14
sz300043,4.79,4.98,5.2,4.79,210310.0,-9.96,5.32,10443.0,0.0,0.0,33249.0,4.79,24.61,2.15,41.37,59.6
sh600139,3.79,3.9,4.02,3.7,143992.0,-5.25,4.0,5538.0,811.0,3.77,695.0,3.79,147.59,6.05,25.09,25.09
sz000565,5.42,6.0,6.0,5.4,103995.0,-9.67,6.0,5900.0,45.0,5.41,56.0,5.44,51.46,2.15,23.5,23.5
sz002030,10.66,11.0,11.59,10.56,92479.0,-8.65,11.67,10135.0,2171.0,10.64,642.0,10.66,83.3,3.99,81.42,85.0
sz000861,2.54,2.6,2.62,2.48,152479.0,-4.87,2.67,3906.0,1439.0,2.52,459.0,2.54,44.39,1.6,50.18,55.38
sz000501,11.18,11.5,11.66,11.02,125887.0,-4.36,11.69,14204.0,48.0,11.17,55.0,11.2,8.11,1.01,85.92,85.97
sz002429,2.76,2.94,2.98,2.72,447723.0,-8.31,3.01,12771.0,1979.0,2.75,2986.0,2.77,26.69,1.41,109.65,124.94
sz000637,5.12,5.4,5.49,5.12,223169.0,-10.02,5.69,11757.0,0.0,0.0,21603.0,5.12,48.7,2.98,18.76,26.62
sh600517,7.84,8.24,8.5,7.84,433465.0,-9.99,8.71,35180.0,0.0,0.0,13232.0,7.84,119.4,3.1,97.57,106.32
sz300686,15.08,16.42,16.68,15.08,52756.0,-9.97,16.75,8277.0,0.0,0.0,3222.0,15.08,63.78,4.68,13.28,31.19
sz300514,12.23,13.27,13.28,12.22,47475.0,-8.73,13.4,6067.0,114.0,12.22,30.0,12.24,65.8,4.69,11.05,24.46
sz002174,18.66,19.65,19.65,18.62,103782.0,-7.21,20.11,19823.0,82.0,18.64,47.0,18.66,17.27,3.5,119.85,165.79
sh600295,8.35,8.9,8.9,8.2,73829.0,-7.73,9.05,6309.0,238.0,8.34,219.0,8.36,12.25,0.96,51.1,113.59
sz002761,11.48,12.36,12.46,11.48,200296.0,-9.96,12.75,23860.0,0.0,0.0,2937.0,11.48,160.33,5.7,39.61,39.81
sz000037,10.0,10.1,10.64,9.71,130503.0,-3.94,10.41,13303.0,205.0,9.98,334.0,10.0,3333.2,3.09,33.89,60.28
sh603858,28.72,28.72,28.72,28.72,32457.0,-10.0,31.91,9322.0,0.0,0.0,147383.0,28.72,12.95,1.83,122.4,254.56
sh600423,3.52,3.63,3.63,3.52,55688.0,-4.86,3.7,1967.0,0.0,0.0,8086.0,3.52,10.25,1.35,28.11,28.11
sh600690,16.32,16.6,16.85,15.86,585141.0,-5.01,17.18,96057.0,323.0,16.3,303.0,16.32,13.63,2.59,995.1,1039.33
sz002154,3.61,3.69,3.96,3.52,173880.0,-2.7,3.71,6434.0,3413.0,3.59,46.0,3.61,40.76,1.56,39.98,43.96
sz002902,23.1,24.6,25.2,23.1,31683.0,-10.01,25.67,7622.0,0.0,0.0,330.0,23.1,119.75,3.03,16.7,32.34
sz300515,9.13,10.01,10.01,9.13,23857.0,-9.96,10.14,2270.0,0.0,0.0,1140.0,9.13,48.63,3.82,8.31,18.45
sz000900,4.73,4.95,4.96,4.61,235838.0,-6.71,5.07,11349.0,2034.0,4.71,116.0,4.73,7.19,0.75,71.76,71.79
sh601069,14.13,14.06,14.55,13.64,217767.0,4.43,13.53,30730.0,1755.0,14.12,166.0,14.14,898.4,5.41,89.87,89.87
sz300301,4.2,4.39,4.39,4.09,180364.0,-4.55,4.4,7552.0,379.0,4.19,1113.0,4.21,-24.38,2.03,25.29,33.18
sh600257,4.75,4.91,5.04,4.67,69708.0,-6.5,5.08,3390.0,776.0,4.74,190.0,4.76,126.94,1.75,20.28,22.86
sh603269,14.03,14.76,14.87,13.81,12106.0,-8.0,15.25,1748.0,31.0,13.99,1.0,14.03,41.34,1.96,5.21,12.83
sz002118,10.01,10.26,10.97,9.93,663946.0,-7.74,10.85,69076.0,1471.0,9.99,1855.0,10.01,658.47,2.99,128.18,128.2
sh603378,14.37,15.2,15.25,14.37,27367.0,-10.02,15.97,4042.0,0.0,0.0,6934.0,14.37,43.09,2.15,9.91,27.99
sh603009,6.77,7.28,7.46,6.75,68970.0,-9.61,7.49,4863.0,67.0,6.76,365.0,6.78,54.33,1.39,21.71,24.31
sh600066,13.19,13.75,13.97,12.9,241028.0,-7.76,14.3,32354.0,354.0,13.17,718.0,13.19,12.6,1.83,292.02,292.02
sh600467,2.58,2.68,2.79,2.51,276563.0,-5.49,2.73,7351.0,1553.0,2.57,339.0,2.59,61.82,1.23,37.69,37.69
sh601212,3.91,4.07,4.21,3.74,388633.0,-4.63,4.1,15656.0,774.0,3.9,843.0,3.92,515.87,2.33,76.82,282.0
sh601558,1.3,1.35,1.35,1.3,518383.0,-5.11,1.37,6815.0,0.0,0.0,82087.0,1.3,30.83,5.33,74.19,78.4
sh600229,7.38,7.7,7.76,7.34,59162.0,-6.35,7.88,4482.0,216.0,7.37,171.0,7.39,14.28,1.95,51.81,51.81
sh600560,8.64,9.3,9.37,8.64,52966.0,-10.0,9.6,4743.0,0.0,0.0,2.0,8.64,86.97,2.53,19.32,19.32
sz300761,55.98,56.02,60.0,54.02,45017.0,-4.14,58.4,25721.0,37.0,55.96,56.0,55.99,22.25,4.18,23.11,226.09
sz000812,4.02,4.3,4.3,4.02,209369.0,-10.07,4.47,8548.0,0.0,0.0,6928.0,4.02,262.62,2.27,26.95,30.9
sh603507,19.84,20.12,21.38,19.61,16039.0,-7.29,21.4,3242.0,24.0,19.83,3.0,19.86,44.57,1.81,15.95,25.41
sh600969,7.02,7.4,7.46,6.95,105041.0,-7.63,7.6,7580.0,186.0,7.01,425.0,7.03,65.88,0.75,25.98,25.98
sh601118,4.86,5.09,5.18,4.75,274055.0,-6.36,5.19,13694.0,1346.0,4.85,1081.0,4.87,41.72,2.12,207.98,207.98
sz300447,10.06,10.89,10.89,9.97,35688.0,-9.21,11.08,3717.0,57.0,10.05,3.0,10.07,-12.16,2.49,17.51,31.46
sz300125,14.66,15.0,15.78,14.66,103023.0,-10.01,16.29,15718.0,0.0,0.0,1489.0,14.66,130.91,5.11,38.67,38.92
sh600285,8.51,9.07,9.14,8.46,140124.0,-9.18,9.37,12391.0,197.0,8.5,420.0,8.52,18.49,2.26,49.91,49.91
sh603348,19.64,20.22,20.78,19.02,34760.0,-5.89,20.87,6981.0,1.0,19.63,41.0,19.65,36.63,2.08,13.75,43.21
sz000930,7.52,8.05,8.25,7.52,247736.0,-9.94,8.35,19433.0,0.0,0.0,3716.0,7.52,32.32,1.49,61.09,138.94
sh600491,6.74,7.17,7.17,6.71,141794.0,-7.92,7.32,9801.0,1173.0,6.72,259.0,6.74,10.65,1.03,103.11,103.11
sz002650,3.51,3.79,3.79,3.48,250692.0,-8.59,3.84,9042.0,1675.0,3.5,737.0,3.52,34.66,1.81,33.24,40.44
sz000418,53.47,54.85,55.38,53.47,62026.0,-7.25,57.65,33972.0,1.0,53.4,299.0,53.47,17.3,3.79,234.92,338.19
sz002532,6.62,7.09,7.2,6.61,115304.0,-9.81,7.34,7940.0,1159.0,0.0,1779.0,6.62,25.06,2.37,25.02,33.3
sh603880,11.84,12.7,12.79,11.73,10841.0,-8.5,12.94,1328.0,28.0,11.81,111.0,11.84,42.35,2.72,7.51,15.39
sh600689,10.22,10.8,11.17,10.09,78208.0,-8.75,11.2,8313.0,26.0,10.2,1844.0,10.22,178.73,4.43,15.56,20.54
sz002220,2.72,3.0,3.0,2.67,315328.0,-2.86,2.8,8996.0,674.0,2.71,1351.0,2.73,-6.64,0.85,17.98,20.85
sz002125,5.36,5.8,5.88,5.36,140350.0,-9.92,5.95,7793.0,0.0,0.0,184.0,5.36,37.78,2.53,29.64,29.64
sz002229,7.88,8.47,8.47,7.88,197377.0,-10.05,8.76,15874.0,0.0,0.0,15456.0,7.88,596.52,2.46,32.44,39.38
sz002074,14.11,14.25,14.63,13.78,220374.0,-4.14,14.72,31381.0,208.0,14.09,390.0,14.11,25.83,1.84,142.74,160.38
sz000613,6.03,6.5,6.5,6.0,84612.0,-9.46,6.66,5285.0,84.0,6.02,190.0,6.04,8716.27,27.66,16.02,21.96
sz002390,5.36,5.8,5.8,5.36,216018.0,-10.07,5.96,11842.0,0.0,0.0,9091.0,5.36,-6.83,1.87,85.57,89.36
sh600279,4.85,5.08,5.14,4.76,195350.0,-7.97,5.27,9736.0,1095.0,4.84,102.0,4.86,25.48,0.91,33.61,33.61
sz002103,4.52,4.78,4.79,4.46,140474.0,-8.32,4.93,6508.0,4711.0,4.5,243.0,4.52,-3.64,2.4,16.92,24.66
sz000702,7.8,7.75,8.54,7.68,406742.0,-3.7,8.1,32912.0,148.0,7.78,2833.0,7.8,222.74,3.99,20.8,20.8
sz002171,5.49,5.88,5.88,5.4,109869.0,-8.5,6.0,6182.0,250.0,5.48,941.0,5.5,17.35,1.44,57.81,65.73
sz000532,10.17,10.68,11.16,10.17,69477.0,-10.0,11.3,7270.0,999.0,0.0,182.0,10.18,63.31,4.42,34.93,35.06
sz300667,24.96,25.23,26.22,24.35,21749.0,-7.04,26.85,5533.0,33.0,24.94,5.0,24.96,52.15,6.27,12.42,25.46
sz000550,24.17,26.39,26.39,24.17,60786.0,-10.01,26.86,14791.0,0.0,0.0,711.0,24.17,-569.82,2.0,125.3,208.64
sz000721,4.53,4.86,4.86,4.47,126265.0,-8.48,4.95,5865.0,874.0,4.52,838.0,4.54,336.79,3.46,19.74,22.61
sh600210,3.96,4.13,4.15,3.93,251655.0,-6.82,4.25,10169.0,1330.0,3.95,500.0,3.97,14.03,1.33,60.06,60.06
sh600653,2.3,2.45,2.45,2.23,302759.0,-7.26,2.48,7079.0,320.0,2.29,2916.0,2.31,9.32,2.07,40.17,44.77
sz000920,7.66,8.2,8.2,7.66,67979.0,-9.99,8.51,5324.0,0.0,0.0,9863.0,7.66,31.36,3.21,32.32,32.33
sh603588,10.04,10.7,10.7,9.9,102535.0,-8.73,11.0,10562.0,193.0,10.03,16.0,10.08,19.04,2.59,65.7,66.32
sh601010,3.31,3.51,3.51,3.21,124546.0,-6.76,3.55,4200.0,813.0,3.29,1019.0,3.31,24.39,1.33,61.17,61.17
sz002622,3.97,4.11,4.26,3.85,397643.0,-6.81,4.26,16153.0,223.0,3.96,1458.0,3.98,93.74,2.58,33.35,33.35
sz002596,7.67,8.22,8.22,7.67,322665.0,-9.98,8.52,25525.0,0.0,0.0,3034.0,7.67,71.29,2.47,68.91,88.52
sh600552,4.49,4.91,4.92,4.48,174767.0,-9.84,4.98,8111.0,1674.0,4.48,333.0,4.5,74.8,1.42,34.3,34.3
sz300492,26.58,28.63,28.63,26.58,29106.0,-9.99,29.53,7916.0,0.0,0.0,2544.0,26.58,80.15,6.97,9.6,22.11
sh600630,7.82,8.38,8.38,7.75,109228.0,-8.43,8.54,8833.0,80.0,7.81,195.0,7.83,145.04,1.83,33.22,33.22
sh603633,11.38,11.83,11.83,10.89,16012.0,-5.95,12.1,1802.0,20.0,10.89,76.0,11.38,40.89,2.4,12.28,17.8
sh603023,5.22,5.65,5.65,5.16,24901.0,-8.42,5.7,1331.0,27.0,5.2,188.0,5.28,31.55,3.12,18.79,18.79
sz000514,4.82,5.15,5.15,4.82,175447.0,-9.91,5.35,8685.0,0.0,0.0,12838.0,4.82,109.98,1.35,40.67,40.67
sh600838,6.68,7.0,7.01,6.52,69127.0,-6.7,7.16,4695.0,128.0,6.66,2800.0,6.68,26.7,2.05,26.78,26.78
sz300326,10.0,10.3,10.49,9.87,120742.0,-6.98,10.75,12274.0,719.0,9.98,379.0,10.01,14.79,2.8,64.47,71.96
sh600855,12.41,12.83,13.28,12.05,106682.0,-6.55,13.28,13556.0,196.0,12.4,420.0,12.42,60.29,3.78,40.97,43.69
sz002822,5.23,5.69,5.69,5.18,89075.0,-9.04,5.75,4744.0,1640.0,5.22,140.0,5.24,18.61,1.42,16.01,31.38
sh600115,6.21,6.36,6.48,6.16,1085603.0,-9.21,6.84,68018.0,73.0,6.2,1208.0,6.22,32.89,1.61,609.11,898.44
sh600650,10.87,11.3,11.56,10.77,41551.0,-8.66,11.9,4642.0,107.0,10.85,210.0,10.87,22.4,1.7,42.45,59.96
sz002630,3.25,3.49,3.49,3.25,714113.0,-9.97,3.61,23855.0,0.0,0.0,25115.0,3.25,-26.14,1.21,31.58,38.38
sz300359,6.19,6.7,6.7,6.17,144389.0,-9.77,6.86,9259.0,1057.0,6.18,19.0,6.2,-5.94,2.9,39.18,39.18
sz000603,10.11,10.48,10.65,9.6,87310.0,-3.53,10.48,8836.0,167.0,10.09,237.0,10.11,16.6,3.64,46.83,69.76
sz300402,9.11,9.78,9.98,9.11,29972.0,-9.98,10.12,2796.0,75.0,0.0,59.0,9.12,57.91,2.96,7.86,18.4
sz300360,8.74,9.27,9.27,8.55,40780.0,-7.02,9.4,3631.0,15.0,8.72,226.0,8.74,25.92,1.63,29.08,35.8
sz300085,14.32,15.14,15.43,14.32,149336.0,-9.99,15.91,22092.0,0.0,0.0,17170.0,14.32,393.84,7.59,59.44,101.19
sh600243,4.37,4.67,4.67,4.32,31761.0,-7.22,4.71,1427.0,450.0,4.36,108.0,4.38,-8.94,1.28,19.18,19.18
sh601163,12.98,13.58,13.58,12.8,68927.0,-5.74,13.77,9111.0,94.0,12.95,142.0,12.98,19.38,1.09,36.4,103.84
sz002019,13.37,14.2,14.25,13.37,252517.0,-10.03,14.86,34636.0,0.0,0.0,11825.0,13.37,28.85,2.38,108.63,161.37
sz002178,4.09,4.18,4.45,3.95,154808.0,-5.98,4.35,6433.0,301.0,4.07,728.0,4.09,-9.01,3.61,29.04,29.13
sh600981,4.6,4.87,4.98,4.57,127627.0,-9.45,5.08,6071.0,668.0,4.59,608.0,4.61,8.03,1.87,33.62,103.15
sz300063,3.37,3.53,3.58,3.28,137698.0,-7.16,3.63,4720.0,5172.0,3.36,1581.0,3.38,-2.71,2.43,18.74,24.48
sz002727,27.91,27.8,29.19,26.39,108054.0,-3.92,29.05,30117.0,3.0,27.9,99.0,27.92,28.04,3.91,81.57,158.46
sz300324,6.21,6.63,6.8,6.21,327272.0,-10.0,6.9,21104.0,0.0,0.0,6744.0,6.21,-3234.11,2.13,65.5,106.24
sz300142,24.53,26.1,26.5,24.53,225794.0,-9.98,27.25,57185.0,0.0,0.0,15876.0,24.53,35.49,8.14,337.38,377.13
sz000990,20.33,21.22,21.83,20.33,166610.0,-10.0,22.59,35111.0,0.0,0.0,22999.0,20.33,31.08,1.58,78.82,254.74
sh600611,4.47,4.67,4.69,4.4,240491.0,-5.7,4.74,10958.0,589.0,4.46,1512.0,4.48,8.98,1.13,69.88,105.68
sh600995,7.86,8.15,8.23,7.63,106189.0,-6.32,8.39,8431.0,355.0,7.84,6.0,7.86,13.3,1.77,37.61,37.61
sz002655,7.55,8.1,8.1,7.55,105530.0,-10.01,8.39,8188.0,0.0,0.0,439.0,7.55,73.16,5.54,27.18,27.18
sz300390,8.87,9.52,9.61,8.87,82487.0,-9.95,9.85,7489.0,0.0,0.0,6220.0,8.87,55.77,3.46,16.14,30.56
sh600012,6.28,6.49,6.52,6.11,74524.0,-4.41,6.57,4704.0,221.0,6.25,137.0,6.28,9.1,1.01,73.2,104.16
sh600730,5.59,6.12,6.16,5.59,141371.0,-9.98,6.21,8196.0,0.0,0.0,11337.0,5.59,437.47,1.64,32.79,32.79
sh600676,5.0,5.28,5.35,4.98,129905.0,-8.76,5.48,6706.0,32.0,4.99,990.0,5.01,18.0,0.88,48.1,51.42
sz000780,3.73,3.93,3.98,3.67,122321.0,-7.21,4.02,4674.0,801.0,3.71,97.0,3.73,-8.95,0.95,37.83,37.83
sh603636,10.53,11.1,11.26,10.53,128885.0,-10.0,11.7,13977.0,0.0,0.0,1088.0,10.53,33.56,3.18,55.25,55.46
sh603657,27.3,28.41,28.41,26.9,13799.0,-5.57,28.91,3809.0,450.0,27.23,74.0,27.31,24.92,3.06,6.55,26.21
sh600284,6.59,7.0,7.0,6.59,259014.0,-9.97,7.32,17483.0,0.0,0.0,4337.0,6.59,14.11,1.08,63.94,63.94
sz002900,12.34,13.21,13.31,12.3,25791.0,-8.93,13.55,3314.0,42.0,12.31,257.0,12.34,19.8,2.01,14.72,39.07
sz300069,13.9,14.05,14.27,13.53,46504.0,-7.52,15.03,6425.0,173.0,13.89,47.0,13.95,-8.76,4.71,12.84,16.26
sz000158,5.5,5.9,5.9,5.32,188367.0,-6.3,5.87,10614.0,159.0,5.49,811.0,5.51,47.1,1.51,89.33,90.91
sh600825,4.96,5.38,5.38,4.96,159684.0,-9.98,5.51,8210.0,0.0,0.0,3016.0,4.96,177.44,2.04,51.83,51.83
sz002241,9.59,9.99,9.99,9.59,603684.0,-10.04,10.66,58307.0,0.0,0.0,61504.0,9.59,35.08,2.02,265.24,311.21
sh603031,11.6,12.26,12.47,11.4,14735.0,-7.27,12.51,1759.0,6.0,11.57,141.0,11.6,210.89,2.13,6.48,12.99
sz300573,54.0,54.0,57.2,54.0,33952.0,-10.0,60.0,18581.0,0.0,0.0,7870.0,54.0,257.59,8.14,28.88,44.51
sz002678,7.48,7.46,7.67,7.13,27671.0,-3.23,7.73,2051.0,30.0,7.36,257.0,7.48,56.15,3.04,101.51,101.6
sh603165,16.92,18.2,18.2,16.66,18438.0,-8.14,18.42,3223.0,79.0,16.91,32.0,16.95,13.83,2.3,7.5,30.01
sz300432,6.63,7.05,7.05,6.63,76035.0,-10.04,7.37,5174.0,0.0,0.0,7363.0,6.63,-1.42,1.96,25.06,32.97
sh600422,10.29,10.87,11.15,10.29,291012.0,-9.97,11.43,31044.0,0.0,0.0,18699.0,10.29,22.01,2.0,78.07,78.45
sh603368,34.73,34.8,36.0,34.25,39195.0,-4.9,36.52,13799.0,51.0,34.69,30.0,34.74,15.64,2.26,89.98,89.98
sh600352,18.94,19.15,19.85,18.63,2137769.0,-6.75,20.31,411240.0,1110.0,18.93,1248.0,18.95,13.4,2.86,616.18,616.18
sz300633,28.02,28.88,29.5,28.0,21353.0,-7.49,30.29,6117.0,125.0,28.0,48.0,28.02,45.98,8.49,55.08,112.08
sz300577,32.84,34.71,34.96,31.99,19241.0,-7.6,35.54,6416.0,3.0,32.68,15.0,32.84,38.7,10.58,21.07,71.46
sh600645,18.08,19.4,19.4,18.0,73467.0,-9.6,20.0,13710.0,93.0,18.06,189.0,18.08,-183.45,2.85,69.39,79.58
sh603922,16.35,17.25,17.25,15.93,21706.0,-6.09,17.41,3633.0,76.0,16.27,126.0,16.35,88.14,1.85,5.23,20.93
sz000553,10.21,10.83,10.84,10.03,58157.0,-8.18,11.12,6050.0,248.0,10.2,22.0,10.24,33.92,1.12,47.85,249.79
sz002917,21.18,21.0,22.18,20.72,13017.0,-7.87,22.99,2794.0,2.0,21.17,19.0,21.23,37.52,3.63,7.17,23.95
sh600202,4.68,5.18,5.18,4.68,103020.0,-10.0,5.2,5021.0,0.0,0.0,1867.0,4.68,39.95,2.87,17.94,17.94
sh600373,12.88,13.71,13.79,12.74,170322.0,-9.04,14.16,22428.0,25.0,12.79,64.0,12.88,10.66,1.29,177.48,177.48
sh600733,8.74,9.2,9.36,8.74,268603.0,-9.99,9.71,24173.0,0.0,0.0,5715.0,8.74,73.81,1.76,34.69,305.35
sh600172,3.51,3.6,3.73,3.42,322646.0,-6.15,3.74,11557.0,1543.0,3.49,1086.0,3.51,-20.3,1.14,40.17,50.94
sh600929,8.17,8.01,8.45,7.84,126039.0,-0.73,8.23,10201.0,664.0,8.16,126.0,8.18,53.91,3.08,27.56,74.98
sz300519,13.9,15.05,15.05,13.9,17331.0,-9.39,15.34,2490.0,17.0,13.88,51.0,13.9,25.38,2.83,13.63,22.24
sh600506,10.88,11.24,11.45,10.71,32699.0,-6.37,11.62,3622.0,35.0,10.86,129.0,10.88,391.05,5.73,16.07,16.07
sz000615,5.5,5.8,5.95,5.45,174454.0,-8.33,6.0,9879.0,895.0,5.49,1002.0,5.51,20.09,2.24,35.41,43.08
sh600062,13.11,13.85,13.99,13.01,187180.0,-8.06,14.26,25281.0,278.0,13.09,388.0,13.11,13.71,1.67,107.93,136.77
sh600658,5.46,5.7,5.9,5.42,67900.0,-9.3,6.02,3856.0,127.0,5.44,155.0,5.46,15.51,0.91,61.07,61.07
sh603607,17.97,19.06,19.18,17.86,17746.0,-8.27,19.59,3289.0,4.0,17.93,40.0,17.97,23.58,2.89,5.73,22.91
sz002128,8.7,9.1,9.14,8.53,268144.0,-7.64,9.42,23674.0,710.0,8.68,62.0,8.7,6.85,1.08,142.19,142.19
sh603015,6.63,7.05,7.05,6.49,39656.0,-7.4,7.16,2687.0,1207.0,6.61,350.0,6.63,68.44,2.23,26.65,26.99
sz000027,5.94,5.88,6.13,5.83,243705.0,-1.49,6.03,14591.0,994.0,5.93,389.0,5.95,23.6,1.0,235.49,235.49
sz300740,13.37,14.0,14.39,13.25,44152.0,-9.05,14.7,6106.0,10.0,13.36,81.0,13.38,35.71,2.6,19.77,36.37
sz000042,10.74,11.06,11.11,10.61,35617.0,-5.04,11.31,3871.0,233.0,10.72,1113.0,10.74,17.32,0.95,71.1,71.4
sz000901,11.87,12.52,12.76,11.78,148657.0,-7.48,12.83,18206.0,397.0,11.85,21.0,11.87,45.85,1.86,67.3,72.9
sh600829,7.1,7.3,7.54,7.0,62393.0,-5.96,7.55,4511.0,1.0,7.08,944.0,7.1,15.72,2.49,41.17,41.17
sh603166,6.29,6.7,6.7,6.28,38304.0,-7.5,6.8,2465.0,335.0,6.27,124.0,6.29,31.41,1.75,37.24,37.6
sz002138,17.8,18.4,18.88,17.73,243966.0,-9.64,19.7,44493.0,331.0,17.79,65.0,17.83,31.16,3.44,124.43,143.52
sh600578,3.26,3.37,3.4,3.19,138310.0,-4.4,3.41,4593.0,1114.0,3.24,6.0,3.26,18.66,0.94,173.92,219.94
sz300164,6.48,6.68,6.83,6.48,186597.0,-10.0,7.2,12329.0,0.0,0.0,1075.0,6.48,25.65,1.72,20.56,29.24
sz002517,3.41,3.7,3.71,3.41,468400.0,-10.03,3.79,16579.0,0.0,0.0,6876.0,3.41,455.48,1.5,54.4,73.4
sh601600,3.87,4.0,4.06,3.77,1336732.0,-7.19,4.17,52651.0,229.0,3.85,4179.0,3.87,65.18,1.35,424.15,658.78
sz000558,3.52,3.72,3.79,3.48,154441.0,-7.37,3.8,5615.0,1139.0,3.51,1805.0,3.53,-44.45,3.68,45.35,45.38
sh600241,5.82,6.3,6.31,5.82,31466.0,-10.05,6.47,1891.0,0.0,0.0,407.0,5.82,-10.24,1.37,14.64,17.13
sh600885,23.54,24.1,24.3,22.45,61481.0,-4.89,24.75,14412.0,3.0,23.45,20.0,23.54,25.43,3.83,175.32,175.32
sz300474,36.73,39.98,39.98,36.73,29370.0,-10.0,40.81,11200.0,0.0,0.0,2712.0,36.73,74.4,4.95,52.06,110.71
sz300559,20.55,22.0,22.0,20.46,29599.0,-8.71,22.51,6221.0,4.0,20.54,17.0,20.6,41.43,6.92,30.12,54.75
sz000831,10.25,10.7,10.94,10.11,193212.0,-7.74,11.11,20395.0,1100.0,10.24,1238.0,10.26,115.63,4.71,100.54,100.54
sz300084,5.18,5.51,5.52,5.18,103351.0,-9.91,5.75,5501.0,0.0,0.0,1253.0,5.18,30.13,1.09,17.08,19.93
sz300539,9.41,10.21,10.21,9.32,42573.0,-9.17,10.36,4165.0,21.0,9.38,205.0,9.41,200.54,4.31,6.63,20.65
sz000777,12.78,13.82,13.82,12.78,101614.0,-10.0,14.2,13321.0,0.0,0.0,4466.0,12.78,37.42,3.56,49.0,49.0
sh603086,31.39,33.0,34.27,31.1,37693.0,-9.17,34.56,12109.0,1376.0,31.36,1.0,31.4,13.38,2.51,22.76,35.16
sz002923,25.27,26.47,26.72,25.01,27564.0,-7.37,27.28,7131.0,177.0,25.26,2.0,25.28,26.17,3.37,10.11,30.32
sz002735,23.51,24.87,25.0,23.05,14041.0,-5.96,25.0,3380.0,4.0,23.5,4.0,23.54,36.21,3.34,10.14,19.8
sz002368,29.84,31.58,32.99,29.84,143126.0,-10.01,33.16,43966.0,0.0,0.0,99.0,29.84,38.92,4.31,119.47,123.51
sh603036,11.72,12.26,12.39,11.5,18880.0,-7.93,12.73,2256.0,1.0,11.67,216.0,11.72,57.61,2.36,5.96,23.83
sz300471,11.82,11.97,12.3,11.82,175098.0,-9.98,13.13,20962.0,0.0,0.0,44487.0,11.82,-9.56,3.62,32.11,43.11
sh600665,4.0,4.17,4.18,3.99,84154.0,-5.88,4.25,3424.0,770.0,3.99,1575.0,4.01,7.06,0.98,34.56,34.56
sh603328,10.16,10.9,10.95,10.11,129279.0,-9.45,11.22,13503.0,159.0,10.14,156.0,10.16,14.86,2.21,100.84,101.37
sh600795,2.6,2.69,2.69,2.51,1178190.0,-4.06,2.71,30663.0,6318.0,2.58,491.0,2.6,35.27,1.05,510.91,510.91
sh601108,10.13,10.51,10.78,10.13,880643.0,-9.96,11.25,91468.0,0.0,0.0,43864.0,10.13,42.74,1.86,243.8,363.57
sz300209,10.86,11.89,11.89,10.83,44814.0,-9.73,12.03,5049.0,1898.0,10.85,95.0,10.88,299.74,0.8,28.64,31.57
sh600547,29.42,29.96,30.27,28.8,367468.0,0.86,29.17,109389.0,339.0,29.4,155.0,29.42,72.8,2.97,427.03,651.36
sz000060,4.62,4.88,4.95,4.58,671466.0,-9.06,5.08,31818.0,2510.0,4.6,246.0,4.62,18.95,1.57,164.85,164.92
sz002712,7.04,7.57,7.59,7.04,101288.0,-9.97,7.82,7346.0,0.0,0.0,736.0,7.04,69.71,1.19,21.86,40.92
sh603630,13.88,14.09,14.5,13.88,26756.0,-6.66,14.87,3790.0,82.0,13.87,103.0,13.89,24.34,1.73,11.18,31.47
sz002077,5.14,5.37,5.68,4.99,265171.0,-6.2,5.48,14322.0,216.0,5.13,1302.0,5.15,-4.44,0.94,27.33,29.83
sh603578,18.48,19.98,20.1,18.42,6561.0,-9.37,20.39,1263.0,7.0,18.47,48.0,18.52,28.24,2.96,5.9,16.55
sz300453,7.67,8.04,8.29,7.67,47787.0,-9.98,8.52,3774.0,0.0,0.0,7697.0,7.67,50.73,3.27,11.38,20.04
sh600909,6.12,6.46,6.56,6.03,477781.0,-8.25,6.67,30200.0,161.0,6.11,2100.0,6.13,25.38,1.72,165.36,221.61
sz300413,39.88,41.8,41.8,39.08,34567.0,-5.94,42.4,14010.0,45.0,39.86,50.0,39.88,41.72,6.52,82.02,394.82
sz000411,12.38,13.35,13.54,12.38,35514.0,-9.96,13.75,4585.0,327.0,0.0,25.0,12.39,25.36,2.67,25.66,25.68
sh600965,10.62,10.8,10.92,10.15,38872.0,-3.54,11.01,4114.0,7.0,10.61,398.0,10.63,53.37,4.36,86.95,86.95
sz300465,7.79,8.13,8.28,7.79,163426.0,-10.05,8.66,13046.0,0.0,0.0,8529.0,7.79,32.14,2.93,33.24,34.83
sz002374,3.35,3.45,3.51,3.27,134285.0,-5.63,3.55,4565.0,1010.0,3.34,82.0,3.36,-3.75,1.22,26.84,29.39
sh601866,2.84,2.94,3.05,2.84,526819.0,-10.13,3.16,15457.0,0.0,0.0,118202.0,2.84,19.5,1.94,225.27,331.8
sz300397,19.57,20.8,20.8,19.57,46622.0,-9.98,21.74,9222.0,0.0,0.0,28725.0,19.57,-34.83,4.38,30.22,46.97
sz300634,23.0,23.88,24.76,22.86,23184.0,-7.74,24.93,5512.0,253.0,22.99,39.0,23.03,56.28,7.25,48.53,92.0
sz002621,20.62,20.99,21.22,20.42,21785.0,-3.55,21.38,4545.0,234.0,20.6,6.0,20.67,153.43,5.88,67.05,71.67
sh600543,6.57,7.02,7.06,6.42,71947.0,-7.85,7.13,4855.0,15.0,6.55,449.0,6.57,83.61,1.81,21.1,21.1
sz002689,3.99,4.27,4.27,3.93,87812.0,-8.49,4.36,3589.0,282.0,3.97,480.0,3.99,512.65,3.16,41.53,41.63
sz002432,5.43,5.86,5.86,5.38,80986.0,-8.89,5.96,4544.0,377.0,5.41,177.0,5.43,916.0,1.56,23.5,23.5
sz300464,8.68,8.92,9.15,8.31,28843.0,-5.14,9.15,2565.0,4.0,8.6,357.0,8.68,90.68,1.94,17.15,27.6
sz002771,12.55,13.54,13.79,12.55,25174.0,-9.97,13.94,3252.0,0.0,0.0,96.0,12.55,57.28,3.01,12.4,20.27
sz002272,4.86,5.16,5.39,4.72,114448.0,-6.18,5.18,5709.0,1356.0,4.83,319.0,4.86,21.56,1.63,15.58,20.92
sh600267,10.61,11.05,11.49,10.58,160316.0,-8.22,11.56,17690.0,279.0,10.59,458.0,10.61,-21.73,1.65,102.44,102.44
sz000100,3.37,3.48,3.54,3.35,2266031.0,-6.13,3.59,78189.0,25680.0,3.36,26138.0,3.38,12.99,1.47,430.95,456.62
sz300576,13.92,14.87,14.96,13.77,17668.0,-8.18,15.16,2521.0,22.0,13.9,9.0,13.92,38.84,3.74,5.56,16.7
sh600561,6.31,6.6,6.66,6.23,36754.0,-7.07,6.79,2378.0,265.0,6.3,29.0,6.32,63.31,1.05,14.96,14.96
sz000526,20.23,21.27,21.76,20.14,16181.0,-9.61,22.38,3372.0,59.0,20.19,246.0,20.23,156.07,23.91,19.46,19.46
sh601828,11.55,12.25,12.25,11.44,132149.0,-6.85,12.4,15673.0,836.0,11.53,532.0,11.55,8.9,0.94,45.71,410.03
sz300673,35.29,38.0,38.0,35.29,21310.0,-10.0,39.21,7676.0,0.0,0.0,3647.0,35.29,36.95,4.38,13.44,43.04
sh600749,10.6,11.05,11.4,10.48,33956.0,-8.7,11.61,3698.0,22.0,10.55,35.0,10.6,65.48,2.3,24.06,24.06
sh600509,4.42,4.72,4.75,4.35,135304.0,-8.3,4.82,6142.0,967.0,4.41,44.0,4.43,172.26,0.78,40.03,50.89
sz300398,14.96,15.61,15.9,14.68,63141.0,-7.02,16.09,9668.0,237.0,14.95,52.0,14.97,22.43,2.88,53.56,63.84
sz300070,8.41,9.05,9.28,8.2,613521.0,-5.08,8.86,53915.0,1574.0,8.4,518.0,8.42,22.58,1.4,181.66,264.96
sz002487,4.07,4.37,4.39,4.0,60511.0,-8.13,4.43,2551.0,172.0,4.06,894.0,4.08,34.05,1.24,21.98,22.59
sz002683,11.97,12.89,13.2,11.97,163593.0,-10.0,13.3,20296.0,383.0,0.0,80.0,11.98,36.12,2.74,71.57,84.64
sz300675,19.38,21.28,21.28,19.35,13768.0,-9.35,21.38,2763.0,127.0,19.36,26.0,19.39,75.0,6.77,15.63,28.42
sz300170,14.53,15.56,15.64,14.53,293535.0,-9.98,16.14,43848.0,0.0,0.0,14460.0,14.53,32.82,4.27,101.72,128.97
sh600029,7.65,8.08,8.1,7.63,976370.0,-9.79,8.48,76346.0,148.0,7.64,5859.0,7.66,30.39,1.46,537.23,938.44
sz002620,6.38,6.75,6.77,6.31,49516.0,-7.13,6.87,3246.0,205.0,6.37,466.0,6.39,15.17,1.03,19.23,23.13
sz002638,2.67,2.75,2.8,2.56,285870.0,-5.65,2.83,7700.0,2422.0,2.66,5587.0,2.68,-3.12,1.03,26.15,40.55
sh603187,45.3,46.05,47.46,44.68,12866.0,-6.69,48.55,5955.0,10.0,45.28,18.0,45.3,22.81,2.7,9.06,36.24
sz002830,13.61,14.54,14.66,13.5,15911.0,-9.15,14.98,2233.0,47.0,13.6,61.0,13.62,38.94,2.92,5.42,18.15
sh601989,5.12,5.5,5.54,5.1,2100490.0,-9.7,5.67,110835.0,4254.0,5.1,2269.0,5.12,126.29,1.38,940.12,1171.45
sh600777,2.31,2.37,2.46,2.22,1012600.0,-4.94,2.43,23673.0,3399.0,2.3,1795.0,2.32,44.52,1.09,75.49,157.09
sz002628,5.11,5.43,5.57,5.11,359412.0,-10.04,5.68,18943.0,0.0,0.0,646.0,5.11,162.7,1.44,36.97,38.87
sz300665,9.9,10.2,10.5,9.66,30712.0,-6.16,10.55,3101.0,40.0,9.86,95.0,9.91,46.47,2.66,7.32,12.04
sz002760,16.35,17.4,17.42,16.22,21963.0,-8.45,17.86,3720.0,13.0,16.32,55.0,16.35,30.07,2.71,11.86,14.39
sh600639,14.03,14.44,14.99,14.0,63617.0,-9.07,15.43,9196.0,315.0,14.02,5.0,14.06,15.79,1.73,119.29,157.47
sz000897,2.32,2.39,2.39,2.32,208917.0,-4.92,2.44,4884.0,0.0,0.0,2696.0,2.32,-27.66,3.63,37.52,37.52
sz300415,6.96,7.4,7.4,6.96,57858.0,-9.96,7.73,4108.0,0.0,0.0,2137.0,6.96,16.81,2.55,19.79,30.07
sh600531,4.16,4.44,4.48,4.1,196866.0,-7.14,4.48,8472.0,595.0,4.15,1088.0,4.17,45.88,1.37,45.35,45.35
sh600386,4.2,4.4,4.45,4.1,108260.0,-6.25,4.48,4644.0,332.0,4.19,3159.0,4.21,32.35,1.88,33.87,33.87
sh600281,4.03,4.27,4.35,4.03,104357.0,-10.04,4.48,4349.0,0.0,0.0,1045.0,4.03,-18.57,4.84,20.73,20.73
sz300254,7.57,7.75,7.98,7.34,73610.0,-7.12,8.15,5655.0,8.0,7.56,10.0,7.58,79.69,1.93,12.25,15.77
sz000554,5.87,6.18,6.24,5.87,141626.0,-9.97,6.52,8518.0,0.0,0.0,1656.0,5.87,1425.01,3.13,21.29,28.22
sz002419,13.16,14.0,14.0,12.88,77981.0,-7.78,14.27,10403.0,12.0,13.13,111.0,13.16,17.17,2.3,157.91,157.96
sh601599,3.33,3.58,3.59,3.3,151336.0,-9.26,3.67,5146.0,889.0,3.32,2628.0,3.34,67.17,1.16,29.73,29.73
sz300222,13.87,14.56,14.68,13.81,66455.0,-8.08,15.09,9449.0,109.0,13.86,46.0,13.88,27.42,2.23,47.39,101.19
sz002381,8.64,9.16,9.16,8.45,76815.0,-7.89,9.38,6761.0,160.0,8.63,218.0,8.65,19.36,2.12,28.73,37.02
sz000756,6.99,7.45,7.55,6.98,99165.0,-9.81,7.75,7140.0,353.0,0.0,505.0,6.99,16.8,1.56,27.92,43.47
sh600091,3.88,4.02,4.09,3.88,35612.0,-4.9,4.08,1407.0,0.0,0.0,3898.0,3.88,195.71,1.89,16.97,16.97
sz002768,25.53,27.59,27.59,25.41,37987.0,-8.1,27.78,10004.0,6.0,25.51,106.0,25.53,20.82,3.29,45.11,69.25
sz300377,11.78,12.24,12.62,11.78,223867.0,-10.01,13.09,27011.0,0.0,0.0,2760.0,11.78,48.96,3.19,62.35,87.43
sh601330,10.68,11.45,11.45,10.68,84858.0,-10.03,11.87,9393.0,188.0,0.0,18.0,10.69,43.1,4.01,12.41,124.02
sh603037,19.6,20.15,20.15,19.0,11649.0,-4.25,20.47,2289.0,38.0,19.51,522.0,19.6,16.76,2.37,12.07,20.76
sh603001,10.22,10.53,10.53,10.13,22649.0,-4.13,10.66,2344.0,68.0,10.21,7.0,10.26,42.36,1.03,40.98,40.98
sh600766,8.11,8.2,8.45,7.88,208971.0,4.11,7.79,17094.0,2796.0,8.09,46.0,8.11,-474.63,35.84,18.16,18.18
sz002648,16.25,16.73,16.91,16.25,164082.0,-9.97,18.05,26896.0,0.0,0.0,81864.0,16.25,16.54,2.1,168.36,173.16
sh603167,10.14,10.55,10.55,9.95,55726.0,-4.97,10.67,5709.0,74.0,10.1,155.0,10.15,11.69,1.42,48.81,50.01
sh600641,10.78,10.85,11.01,10.58,110390.0,-2.8,11.09,11927.0,202.0,10.77,200.0,10.79,14.29,1.41,86.9,86.9
sz002587,5.65,5.92,6.0,5.55,96887.0,-8.43,6.17,5574.0,60.0,5.63,1230.0,5.65,20.28,2.71,22.57,34.99
sz000912,5.18,5.64,5.64,5.18,155577.0,-10.07,5.76,8324.0,0.0,0.0,6291.0,5.18,27.49,1.7,81.22,81.22
sh603713,38.09,40.0,40.0,37.12,22118.0,-7.46,41.16,8534.0,1.0,38.06,121.0,38.09,41.11,4.49,14.52,58.08
sh600297,4.58,4.81,4.81,4.46,273513.0,-7.47,4.95,12585.0,780.0,4.56,1954.0,4.58,12.75,1.02,371.45,374.81
sz300247,3.41,3.63,3.68,3.35,121227.0,-8.33,3.72,4264.0,607.0,3.39,638.0,3.41,-3.31,1.8,20.88,27.42
sz002349,6.15,6.5,6.55,6.08,54751.0,-7.1,6.62,3446.0,211.0,6.14,311.0,6.16,21.67,2.19,50.45,51.4
sh603298,13.36,14.0,14.2,13.22,29373.0,-7.8,14.49,4005.0,323.0,13.35,50.0,13.37,14.47,2.07,22.79,82.68
sh600097,10.2,11.04,11.04,10.18,16042.0,-8.85,11.19,1696.0,71.0,10.19,32.0,10.22,17.53,1.54,23.08,24.58
sz300449,15.83,16.95,17.12,15.71,35695.0,-9.08,17.41,5869.0,328.0,15.82,1.0,15.86,461.58,1.85,17.63,26.79
sh600104,26.12,26.64,27.0,25.77,449338.0,-4.6,27.38,117900.0,66.0,26.1,40.0,26.12,8.83,1.24,3004.7,3051.72
sh601166,19.34,19.3,19.44,18.76,1910472.0,-2.91,19.92,365511.0,5.0,19.31,57.0,19.34,6.42,0.88,3684.72,4017.73
sz300237,3.84,4.01,4.08,3.75,247809.0,-7.47,4.15,9757.0,1620.0,3.82,838.0,3.84,16.79,1.57,55.29,55.8
sz002043,6.06,6.3,6.5,6.0,125679.0,-8.73,6.64,7829.0,611.0,6.05,204.0,6.07,12.76,2.76,45.0,46.95
sh600866,5.02,5.15,5.54,4.91,200865.0,-7.04,5.4,10497.0,182.0,5.01,1100.0,5.04,51.96,2.64,32.4,37.1
sh600488,4.18,4.54,4.54,4.16,94414.0,-8.73,4.58,4083.0,648.0,4.16,1886.0,4.18,27.49,1.59,40.49,45.64
sz000927,4.5,4.6,4.74,4.5,362843.0,-10.0,5.0,16655.0,0.0,0.0,32146.0,4.5,117.12,-67.98,71.78,71.78
sz000630,2.32,2.45,2.45,2.28,1128543.0,-7.2,2.5,26779.0,2371.0,2.31,6425.0,2.33,31.0,1.35,221.8,244.22
sz300200,8.84,9.4,9.74,8.7,53738.0,-7.82,9.59,4999.0,91.0,8.82,134.0,8.84,22.75,1.51,17.96,23.57
sz000913,9.07,9.57,9.75,9.05,36138.0,-9.39,10.01,3382.0,198.0,9.06,287.0,9.08,72.04,1.65,41.14,41.14
sh601311,11.28,11.99,12.04,11.28,192999.0,-9.98,12.53,22360.0,0.0,0.0,4824.0,11.28,16.45,1.66,97.44,97.44
sh600353,4.89,5.31,5.31,4.89,109831.0,-9.94,5.43,5542.0,978.0,0.0,387.0,4.9,44.05,2.55,26.59,26.59
sz002251,8.2,8.57,8.7,8.12,101521.0,-6.61,8.78,8548.0,800.0,8.18,59.0,8.2,43.79,0.92,69.45,70.84
sh603516,22.21,24.38,24.38,22.21,14749.0,-10.01,24.68,3385.0,0.0,0.0,254.0,22.21,36.14,3.75,19.61,29.09
sz002509,2.31,2.46,2.48,2.27,519650.0,-7.97,2.51,12344.0,475.0,2.3,4085.0,2.32,-10.86,1.27,48.91,57.58
sz002742,7.53,7.93,8.3,7.53,124885.0,-10.04,8.37,9692.0,0.0,0.0,1850.0,7.53,28.93,2.12,20.31,32.53
sh603226,26.44,24.84,26.5,24.11,55323.0,-1.31,26.79,13654.0,1.0,25.6,125.0,26.44,32.55,3.62,7.75,30.8
sh600513,7.06,7.41,7.45,6.92,55451.0,-6.61,7.56,4013.0,42.0,7.05,91.0,7.07,27.09,2.13,20.15,20.15
sz300223,24.59,26.45,26.45,24.59,50085.0,-9.99,27.32,12514.0,0.0,0.0,5095.0,24.59,379.57,4.26,29.61,49.34
sz002215,7.95,8.21,8.4,7.95,458905.0,-9.97,8.83,37377.0,0.0,0.0,25399.0,7.95,23.74,3.29,57.63,72.67
sz002225,4.72,5.0,5.0,4.63,75478.0,-6.53,5.05,3630.0,575.0,4.7,378.0,4.72,17.81,2.0,32.22,41.92
sh603131,20.47,21.08,22.67,20.47,30072.0,-9.98,22.74,6396.0,0.0,0.0,76.0,20.47,55.65,4.01,10.23,46.49
sz002073,4.93,5.33,5.35,4.93,213043.0,-10.04,5.48,10886.0,2019.0,0.0,357.0,4.94,-14.8,1.07,38.59,46.05
sh600685,13.66,14.42,14.87,13.66,121614.0,-10.01,15.18,17156.0,0.0,0.0,2072.0,13.66,-9.45,2.03,112.21,193.08
sz002750,13.29,13.54,14.57,13.29,99979.0,-10.02,14.77,13899.0,0.0,0.0,9116.0,13.29,448.59,8.16,52.8,53.23
sh601229,12.31,12.41,12.58,12.02,670557.0,-2.84,12.67,82324.0,251.0,12.29,1095.0,12.31,7.21,0.92,639.58,1345.25
sh603517,43.71,45.7,45.7,41.92,20770.0,-5.92,46.46,9128.0,12.0,43.52,9.0,43.71,26.7,5.6,71.55,179.21
sh600236,5.77,5.88,5.91,5.75,102093.0,-2.53,5.92,5956.0,783.0,5.75,753.0,5.77,14.76,2.39,349.86,349.86
sz002117,17.19,18.29,18.65,17.13,63917.0,-9.67,19.03,11301.0,163.0,17.17,118.0,17.19,23.39,3.68,62.51,62.53
sh600651,4.11,4.14,4.38,4.03,230200.0,-2.84,4.23,9623.0,1717.0,4.09,1269.0,4.11,-1.26,-48.64,40.49,40.64
sz002012,4.95,5.35,5.35,4.95,290563.0,-10.0,5.5,14830.0,0.0,0.0,13945.0,4.95,112.66,1.87,23.12,23.15
sh600493,6.47,6.54,6.76,6.2,64308.0,-4.57,6.78,4209.0,100.0,6.44,83.0,6.47,55.67,2.42,17.6,17.6
sh600333,5.14,5.4,5.4,5.1,66989.0,-6.72,5.51,3526.0,178.0,5.13,613.0,5.15,-69.4,1.5,27.22,31.3
sz000735,9.54,10.21,10.45,9.54,694600.0,-10.0,10.6,69334.0,761.0,0.0,1506.0,9.55,250.15,2.78,109.79,109.85
sh601949,5.73,6.01,6.1,5.73,365241.0,-10.05,6.37,21413.0,0.0,0.0,4634.0,5.73,14.6,1.68,22.98,104.43
sh600354,4.26,4.38,4.63,4.18,280834.0,0.24,4.25,12445.0,2258.0,4.24,1091.0,4.26,-10.62,3.39,22.48,22.48
sh600163,3.84,4.15,4.2,3.84,129370.0,-9.65,4.25,5195.0,1026.0,3.83,25.0,3.85,32.89,2.02,38.38,38.38
sz002097,6.28,6.65,6.68,6.21,140337.0,-7.78,6.81,9083.0,65.0,6.27,1252.0,6.29,14.34,1.41,52.87,68.33
sh601000,2.76,2.9,2.9,2.69,799949.0,-7.38,2.98,22408.0,3243.0,2.74,346.0,2.76,9.81,1.01,153.84,163.56
sz000687,6.95,6.9,7.09,6.7,92285.0,-4.01,7.24,6408.0,294.0,6.94,103.0,6.96,-10.11,5.47,52.32,53.25
sh603861,10.2,10.86,10.86,10.04,19026.0,-7.94,11.08,1989.0,183.0,10.19,162.0,10.21,27.2,1.92,41.73,45.16
sz300174,25.73,26.9,27.96,25.73,32264.0,-10.0,28.59,8585.0,0.0,0.0,6032.0,25.73,150.1,9.63,58.22,62.99
sh601799,72.2,72.87,77.11,67.8,24173.0,-3.4,74.74,16931.0,19.0,72.1,6.0,72.6,30.67,4.39,199.38,199.38
sz300293,7.8,8.36,8.42,7.72,34928.0,-8.77,8.55,2806.0,200.0,7.78,29.0,7.8,126.82,2.79,21.06,21.06
sh600757,6.92,7.07,7.22,6.8,188201.0,-4.81,7.27,13258.0,215.0,6.91,70.0,6.93,10.6,1.21,83.97,83.98
sz300090,1.96,2.1,2.1,1.93,534680.0,-8.41,2.14,10794.0,7279.0,1.94,2191.0,1.96,-0.82,13.26,22.38,25.87
sz002605,10.4,10.34,11.09,10.1,100390.0,-2.8,10.7,10815.0,677.0,10.39,162.0,10.43,24.61,2.23,24.98,41.37
sz002922,14.58,15.0,15.06,13.88,15964.0,-5.39,15.41,2333.0,100.0,14.57,5.0,14.6,45.62,2.15,10.08,19.24
sh600137,13.87,14.79,14.84,13.8,15798.0,-7.59,15.01,2267.0,10.0,13.85,40.0,13.87,44.76,2.67,13.48,13.48
sh600456,20.84,22.8,22.82,20.84,85498.0,-10.02,23.16,18405.0,0.0,0.0,6998.0,20.84,50.15,2.51,89.67,89.67
sz002265,10.47,11.07,11.35,10.42,80089.0,-9.59,11.58,8651.0,476.0,10.46,18.0,10.48,-43.48,3.7,31.83,33.35
sh600461,6.1,6.41,6.42,6.0,51985.0,-5.28,6.44,3233.0,267.0,6.08,69.0,6.1,12.85,1.31,36.23,48.17
sh601168,5.73,5.83,5.94,5.63,410681.0,-4.82,6.02,23876.0,2041.0,5.71,3131.0,5.73,-6.32,1.51,136.55,136.55
sh600967,10.31,11.0,11.05,10.2,224239.0,-7.78,11.18,23854.0,2146.0,10.3,45.0,10.34,28.54,2.03,99.03,174.2
sh600415,4.02,4.18,4.26,3.96,293543.0,-6.51,4.3,12007.0,2882.0,4.01,417.0,4.03,38.92,1.81,218.82,218.82
sz300517,13.82,14.78,14.96,13.69,22485.0,-8.36,15.08,3210.0,87.0,13.81,5.0,13.86,43.43,2.19,5.68,14.77
sz002848,11.25,12.18,12.18,11.25,51400.0,-10.0,12.5,5962.0,0.0,0.0,2982.0,11.25,-24.25,3.25,9.85,18.8
sh603650,18.64,19.8,19.96,18.64,37811.0,-10.0,20.71,7279.0,0.0,0.0,129.0,18.64,26.99,4.93,10.96,109.23
sz000736,10.1,10.9,10.9,10.1,52732.0,-9.98,11.22,5484.0,0.0,0.0,4827.0,10.1,4.99,1.9,45.02,45.02
sh600919,7.3,7.25,7.48,7.16,1216709.0,-0.54,7.34,88689.0,298.0,7.28,3497.0,7.3,6.22,0.81,438.6,842.74
sh600398,8.79,8.96,8.96,8.5,188176.0,-3.09,9.07,16463.0,119.0,8.77,1897.0,8.79,11.18,2.93,394.92,394.92
sz300507,18.11,18.89,19.23,17.8,12292.0,-6.89,19.45,2270.0,8.0,18.08,10.0,18.12,35.11,2.31,12.69,22.16
sz002426,2.76,2.93,2.98,2.74,395505.0,-8.91,3.03,11323.0,170.0,2.75,2021.0,2.77,-9.07,1.22,59.4,94.99
sh600978,3.9,3.94,4.19,3.9,513565.0,-9.93,4.33,20407.0,0.0,0.0,4450.0,3.9,18.28,0.68,57.83,57.83
sz000622,5.07,5.47,5.47,5.07,139336.0,-9.95,5.63,7279.0,0.0,0.0,429.0,5.07,517.98,11.4,21.56,21.56
sh600558,3.58,3.83,3.83,3.53,114013.0,-8.21,3.9,4166.0,1088.0,3.57,615.0,3.59,51.93,1.66,32.13,32.13
sz300298,12.61,12.05,13.2,12.0,100404.0,0.16,12.59,12662.0,114.0,12.58,113.0,12.61,25.81,2.69,55.44,71.29
sz002526,2.39,2.55,2.56,2.35,441743.0,-8.43,2.61,10821.0,909.0,2.38,2270.0,2.4,26.69,1.71,38.84,42.61
sh600037,10.09,10.65,10.75,9.94,131317.0,-7.26,10.88,13576.0,163.0,10.07,826.0,10.09,18.2,1.06,140.43,140.43
sz000903,2.82,2.99,2.99,2.8,291042.0,-7.54,3.05,8367.0,1645.0,2.8,584.0,2.82,23.14,0.99,49.84,55.58
sh600612,42.48,44.7,44.7,41.8,19100.0,-5.47,44.94,8166.0,94.0,42.47,88.0,42.49,17.86,3.39,134.71,222.22
sz300620,34.07,36.52,36.56,33.88,11591.0,-8.36,37.18,4068.0,10.0,34.01,10.0,34.07,44.51,5.45,7.5,30.78
sh603011,5.18,5.6,5.6,5.12,42424.0,-8.96,5.69,2249.0,39.0,5.17,57.0,5.19,55.43,1.39,23.11,23.47
sh600698,3.33,3.33,3.39,3.33,108361.0,-5.13,3.51,3622.0,0.0,0.0,25729.0,3.33,-38.7,6.59,24.55,32.36
sz002447,3.17,3.42,3.43,3.16,424192.0,-9.69,3.51,13796.0,1361.0,0.0,3788.0,3.17,-6.5,2.8,42.82,45.24
sz000545,3.64,3.9,3.9,3.56,123198.0,-7.85,3.95,4603.0,541.0,3.62,191.0,3.64,38.02,1.73,34.92,35.92
sh603227,3.98,4.28,4.28,3.96,86154.0,-9.34,4.39,3548.0,267.0,3.96,258.0,3.98,52.09,2.25,26.22,26.22
sh600539,7.1,7.25,7.36,7.1,7127.0,-4.95,7.47,513.0,0.0,0.0,1303.0,7.1,147.97,3.77,16.33,16.33
sh600895,18.22,19.35,19.56,18.22,318431.0,-9.98,20.24,59895.0,0.0,0.0,5590.0,18.22,61.84,3.14,282.17,282.17
sh600555,2.79,2.98,3.01,2.77,201446.0,-9.42,3.08,5828.0,2375.0,2.78,311.0,2.82,-16.78,2.65,27.16,36.37
sz000663,6.18,6.51,6.83,6.12,48303.0,-6.36,6.6,3135.0,94.0,6.16,572.0,6.19,-1.59,2.65,16.03,21.07
sh603218,22.25,22.22,23.27,21.11,22503.0,-4.63,23.33,5036.0,23.0,22.18,2.0,22.28,28.78,2.96,22.12,90.61
sh600426,13.98,14.89,14.97,13.88,272549.0,-9.28,15.41,39148.0,479.0,13.97,666.0,13.99,7.77,1.79,226.11,227.41
sh600843,7.33,7.7,7.73,7.23,34169.0,-7.68,7.94,2565.0,2056.0,7.3,70.0,7.34,31.06,1.77,22.33,40.21
sz000652,3.63,3.79,3.86,3.6,217381.0,-8.56,3.97,8081.0,3508.0,3.61,786.0,3.63,17.2,1.34,53.51,53.56
sz002756,14.5,15.01,15.3,14.27,26451.0,-6.15,15.45,3928.0,88.0,14.48,3.0,14.5,13.15,1.49,26.83,52.2
sz300275,9.23,9.42,9.99,9.15,74127.0,-5.04,9.72,7139.0,83.0,9.22,128.0,9.24,-26.18,3.13,10.85,15.16
sz001872,16.31,17.2,17.45,16.31,35721.0,-9.99,18.12,6012.0,0.0,0.0,2099.0,16.31,19.2,0.93,75.82,292.51
sz300586,14.33,15.4,15.42,14.33,55625.0,-9.99,15.92,8124.0,0.0,0.0,4471.0,14.33,39.58,5.38,8.76,34.39
sz002243,14.73,15.6,15.64,14.73,149419.0,-10.02,16.37,22538.0,0.0,0.0,6489.0,14.73,63.66,3.43,53.76,53.76
sz300157,4.78,5.08,5.08,4.78,217970.0,-9.98,5.31,10634.0,0.0,0.0,3777.0,4.78,116.22,1.03,27.99,34.04
sz002145,3.99,4.35,4.35,3.99,297025.0,-9.93,4.43,12175.0,0.0,0.0,3348.0,3.99,14.58,1.92,39.91,63.49
sh600428,3.68,3.8,3.9,3.61,191211.0,-7.77,3.99,7224.0,700.0,3.67,570.0,3.69,81.2,0.83,79.0,79.0
sz002047,6.13,6.35,6.5,6.05,202447.0,-7.82,6.65,12676.0,828.0,6.12,267.0,6.14,28.31,2.06,77.43,82.22
sh603365,17.61,18.75,19.05,17.26,48985.0,-7.8,19.1,8944.0,31.0,17.58,143.0,17.61,16.3,2.07,15.6,46.96
sz300236,32.39,33.34,34.59,32.39,59669.0,-10.0,35.99,19915.0,0.0,0.0,2494.0,32.39,-2112.27,4.99,61.61,62.76
sh600704,5.58,5.62,5.77,5.48,395167.0,-3.46,5.78,22142.0,395.0,5.57,226.0,5.59,9.72,1.28,240.31,240.31
sz002656,6.01,6.49,6.55,6.01,215454.0,-10.03,6.68,13494.0,0.0,0.0,15267.0,6.01,152.91,1.79,28.35,42.82
sh600190,3.35,3.51,3.51,3.3,101842.0,-6.16,3.57,3466.0,1163.0,3.34,1384.0,3.36,27.64,1.07,59.61,67.08
sz000697,10.83,11.3,11.31,10.58,75697.0,-6.88,11.63,8318.0,28.0,10.81,158.0,10.83,379.7,2.4,49.14,72.74
sz002454,5.25,5.69,5.7,5.24,111355.0,-9.79,5.82,6028.0,44.0,5.24,209.0,5.26,14.31,0.97,32.81,33.0
sz002677,12.95,13.87,13.92,12.95,132467.0,-9.63,14.33,17734.0,26.0,12.93,10.0,12.95,21.39,5.75,37.03,83.66
sz002743,6.15,6.57,6.57,6.08,53144.0,-8.48,6.72,3334.0,281.0,6.12,142.0,6.15,24.55,1.0,20.52,20.74
sz300061,6.86,7.46,7.62,6.86,73189.0,-9.97,7.62,5205.0,502.0,0.0,235.0,6.88,-6.16,2.01,18.82,46.98
sh600515,5.25,5.59,5.63,5.25,208083.0,-9.95,5.83,11250.0,0.0,0.0,1340.0,5.25,12.35,0.65,87.06,205.15
sz000639,8.1,8.71,8.88,8.07,89008.0,-9.7,8.97,7479.0,259.0,8.08,1.0,8.1,13.11,1.41,62.45,62.45
sh603367,15.53,16.68,16.68,15.48,58152.0,-9.02,17.07,9292.0,209.0,15.52,255.0,15.54,13.77,1.64,44.68,70.41
sz300423,14.02,14.13,14.71,13.64,76136.0,-5.46,14.83,10750.0,454.0,14.0,20.0,14.03,14.92,2.39,34.46,69.45
sz300023,5.67,6.24,6.24,5.67,68487.0,-10.0,6.3,3974.0,0.0,0.0,968.0,5.67,-2.85,4.14,8.19,17.92
sz300654,14.0,15.0,15.0,13.81,52432.0,-8.56,15.31,7578.0,693.0,13.99,48.0,14.01,62.39,4.37,9.05,19.6
sh603658,63.19,64.7,64.7,60.0,12155.0,-2.69,64.94,7632.0,22.0,63.03,17.0,63.19,45.16,12.95,86.28,265.4
sz000906,6.51,6.9,7.03,6.5,109176.0,-9.83,7.22,7406.0,475.0,6.5,97.0,6.52,9.97,1.96,43.01,43.98
sz002702,5.15,5.09,5.39,4.7,314068.0,3.62,4.97,15980.0,2176.0,5.14,1161.0,5.16,69.43,3.03,16.42,24.76
sz002134,6.68,7.07,7.08,6.63,41082.0,-7.73,7.24,2789.0,76.0,6.66,83.0,6.68,-30.47,4.33,16.42,16.42
sz000788,6.57,7.01,7.13,6.52,110571.0,-9.25,7.24,7526.0,13.0,6.56,580.0,6.58,85.71,3.19,39.16,39.16
sh603648,11.42,11.8,11.8,11.42,49496.0,-10.01,12.69,5691.0,0.0,0.0,12208.0,11.42,32.58,2.52,31.2,42.1
sz002791,15.52,15.55,16.64,15.24,30297.0,-2.21,15.87,4782.0,12.0,15.51,23.0,15.53,23.98,1.85,25.0,49.9
sh600833,9.47,10.25,10.25,9.4,23817.0,-9.2,10.43,2341.0,158.0,9.46,113.0,9.48,42.43,2.8,21.13,21.13
sh600129,10.35,10.6,11.08,10.35,79465.0,-8.81,11.35,8527.0,45.0,10.33,217.0,10.35,35.2,1.69,56.29,57.64
sz000561,6.57,7.1,7.1,6.55,81926.0,-9.75,7.28,5552.0,412.0,6.56,216.0,6.58,45.31,2.93,39.03,39.73
sz002594,52.05,54.88,55.28,51.84,135543.0,-8.52,56.9,72521.0,776.0,52.04,5.0,52.06,41.43,2.7,594.52,1420.0
sz300337,3.73,4.06,4.06,3.7,118429.0,-9.25,4.11,4575.0,638.0,3.71,11.0,3.73,-25.79,2.15,26.14,30.66
sz002571,4.98,5.28,5.4,4.95,75507.0,-9.12,5.48,3901.0,128.0,4.96,356.0,4.98,-17.97,1.36,12.61,19.52
sh603659,48.26,49.8,50.5,47.54,16533.0,-5.71,51.18,8038.0,17.0,48.2,42.0,48.26,35.26,6.91,93.2,209.78
sz000623,16.82,17.49,17.76,16.73,207948.0,-7.99,18.28,35838.0,295.0,16.81,505.0,16.83,15.58,0.92,188.17,195.58
sz002728,15.55,16.02,16.42,15.48,17711.0,-5.53,16.46,2817.0,57.0,15.52,46.0,15.6,18.28,3.26,18.59,31.24
sh600982,3.46,3.64,3.64,3.4,90149.0,-5.46,3.66,3161.0,833.0,3.44,93.0,3.46,16.39,1.0,25.84,25.84
sh600183,11.96,12.59,12.75,11.94,302123.0,-9.87,13.27,37167.0,2408.0,11.94,641.0,11.96,25.32,3.99,253.25,253.25
sz300282,15.34,16.2,16.38,15.0,59952.0,-6.92,16.48,9373.0,28.0,15.33,403.0,15.35,33.05,1.53,34.89,38.28
sh603733,14.48,15.13,15.25,14.22,38565.0,-7.0,15.57,5691.0,28.0,14.46,5.0,14.49,38.36,2.71,8.98,88.62
sh603985,21.03,22.6,22.6,21.03,9543.0,-8.17,22.9,2068.0,6.0,21.02,4.0,21.1,18.1,1.94,14.0,21.87
sh600323,15.0,15.69,15.69,14.88,94356.0,-6.43,16.03,14379.0,213.0,14.99,70.0,15.07,15.16,1.91,114.94,114.94
sz300226,70.94,74.0,75.0,70.94,33563.0,-10.0,78.82,24291.0,0.0,0.0,5451.0,70.94,85.04,11.37,107.66,112.89
sz002730,7.43,8.14,8.14,7.43,28804.0,-9.94,8.25,2235.0,464.0,0.0,765.0,7.44,36.77,2.5,21.58,23.97
sh603506,21.8,22.32,22.5,21.56,13636.0,-4.93,22.93,3017.0,39.0,21.79,30.0,21.81,23.01,3.38,5.62,22.49
sh600836,4.13,4.53,4.53,4.13,114993.0,-10.02,4.59,4926.0,0.0,0.0,49124.0,4.13,-80.47,3.2,27.37,27.37
sz300482,30.65,32.89,33.59,30.58,23668.0,-9.8,33.98,7457.0,123.0,30.64,1.0,30.68,32.32,5.23,68.68,105.09
sz300375,7.45,8.03,8.06,7.45,47874.0,-10.02,8.28,3683.0,0.0,0.0,798.0,7.45,22.37,1.64,19.28,26.8
sz002362,14.63,15.3,15.7,14.5,40360.0,-9.13,16.1,6097.0,37.0,14.61,82.0,14.63,-1799.52,3.67,26.18,31.75
sz002338,12.07,13.09,13.09,12.01,33782.0,-9.52,13.34,4235.0,120.0,12.05,172.0,12.07,70.78,3.51,28.97,28.97
sz002155,7.6,7.91,8.09,7.41,358708.0,-2.81,7.82,28274.0,332.0,7.59,586.0,7.61,34.31,1.86,91.35,91.35
sz000410,6.9,7.23,7.33,6.8,126294.0,-6.25,7.36,8905.0,1133.0,6.88,240.0,6.9,-4.21,-10.37,51.08,52.82
sz300329,8.3,8.5,8.5,8.0,42481.0,-5.14,8.75,3525.0,284.0,8.27,177.0,8.3,39.51,2.28,20.82,21.05
sz000905,7.46,7.78,8.05,7.46,124691.0,-10.01,8.29,9600.0,0.0,0.0,8409.0,7.46,157.2,1.47,39.61,39.61
sh600380,8.26,8.56,8.63,8.11,164557.0,-5.71,8.76,13837.0,13.0,8.24,1215.0,8.26,20.55,1.59,160.08,160.08
sh600880,3.89,4.05,4.09,3.81,119780.0,-6.27,4.15,4742.0,455.0,3.88,481.0,3.9,-5.15,1.51,42.52,42.53
sh600252,2.92,3.2,3.2,2.91,498833.0,-9.6,3.23,15117.0,3787.0,2.91,4494.0,2.93,15.16,1.62,101.47,101.47
sh600603,4.66,5.02,5.02,4.61,98427.0,-8.27,5.08,4740.0,686.0,4.65,130.0,4.67,10.31,0.9,23.49,58.38
sh600189,4.19,4.61,4.61,4.16,70273.0,-9.31,4.62,3022.0,291.0,4.17,71.0,4.19,67.1,1.01,19.41,30.04
sz002386,6.34,6.72,6.81,6.24,174032.0,-8.51,6.93,11330.0,110.0,6.33,249.0,6.35,32.57,0.99,42.58,49.51
sz002767,17.84,17.1,18.16,16.02,39449.0,1.59,17.56,6741.0,351.0,17.82,45.0,17.85,118.65,3.72,22.07,26.76
sh603238,16.33,17.01,17.5,16.22,9204.0,-7.11,17.58,1542.0,81.0,16.31,2.0,16.33,31.72,2.34,4.9,19.6
sh601218,3.04,3.12,3.14,2.96,192915.0,-6.17,3.24,5900.0,1497.0,3.03,1400.0,3.05,916.82,1.22,30.15,30.15
sz000153,6.15,6.38,6.42,6.0,53494.0,-5.09,6.48,3328.0,737.0,6.13,83.0,6.16,29.07,1.47,19.19,19.2
sz002824,11.26,12.26,12.39,11.26,26496.0,-9.99,12.51,3102.0,0.0,0.0,3182.0,11.26,269.14,2.76,8.49,20.68
sz002580,5.45,5.9,5.9,5.44,85582.0,-9.77,6.04,4789.0,649.0,5.44,90.0,5.46,114.28,1.62,16.42,19.3
sh600706,11.54,12.15,12.15,11.51,24939.0,-8.05,12.55,2947.0,126.0,11.52,162.0,11.54,26.98,1.96,20.53,20.72
sh600288,8.8,9.44,9.54,8.8,101995.0,-9.93,9.77,9344.0,2759.0,0.0,541.0,8.8,113.4,2.48,38.44,38.44
sh603018,18.8,19.3,19.58,18.41,31838.0,-3.84,19.55,6069.0,25.0,18.7,346.0,18.8,14.27,2.34,58.07,58.99
sh603059,28.97,30.38,30.38,28.58,12120.0,-7.12,31.19,3577.0,10.0,28.94,1.0,28.97,23.09,2.59,5.79,23.18
sh600171,12.15,12.81,12.98,12.15,274230.0,-10.0,13.5,34149.0,0.0,0.0,6404.0,12.15,46.71,3.25,81.87,85.0
sz300528,7.56,8.01,8.18,7.54,75578.0,-9.79,8.38,5916.0,305.0,7.55,9334.0,7.57,-5.0,2.06,12.54,28.17
sh603332,28.63,30.3,30.44,28.28,21799.0,-8.24,31.2,6409.0,156.0,28.62,7.0,28.64,21.49,2.58,8.51,34.05
sz002765,6.03,6.28,6.38,5.87,90996.0,-7.52,6.52,5618.0,11.0,6.01,314.0,6.03,-53.58,2.09,15.37,25.4
sz002799,13.56,14.0,14.39,13.32,15138.0,-6.09,14.44,2107.0,448.0,13.46,45.0,13.58,57.92,3.65,10.42,20.34
sz002239,2.11,2.27,2.27,2.1,366087.0,-9.44,2.33,7946.0,13417.0,0.0,685.0,2.11,-167.35,1.27,63.8,66.07
sz002031,2.12,2.28,2.28,2.11,253928.0,-9.01,2.33,5554.0,2491.0,2.11,96.0,2.13,87.95,1.53,40.13,46.63
sz002204,3.38,3.65,3.66,3.36,161030.0,-9.38,3.73,5604.0,273.0,3.36,923.0,3.38,73.89,0.99,65.28,65.28
sz000510,4.66,5.0,5.01,4.62,123770.0,-9.16,5.13,5971.0,335.0,4.65,461.0,4.67,27.34,2.96,25.61,28.39
sz000809,2.61,2.77,2.79,2.55,114233.0,-6.79,2.8,3056.0,1973.0,2.59,327.0,2.61,56.42,0.68,21.53,21.53
sh603389,8.79,9.18,9.25,8.55,51078.0,-5.89,9.34,4567.0,52.0,8.77,486.0,8.79,-19.11,2.54,5.53,19.25
sh600489,7.92,8.02,8.25,7.71,507937.0,-0.25,7.94,40936.0,1082.0,7.91,1339.0,7.93,160.18,1.99,273.33,273.33
sz300713,18.08,19.79,19.79,18.08,11640.0,-10.0,20.09,2169.0,0.0,0.0,70.0,18.08,-843.7,2.41,7.74,17.29
sz000513,32.37,33.67,33.92,32.2,76819.0,-5.18,34.14,25339.0,29.0,32.35,332.0,32.37,20.64,2.11,148.33,232.76
sh600608,4.45,4.6,4.6,4.45,27734.0,-4.91,4.68,1239.0,0.0,0.0,10798.0,4.45,-2110.59,25.66,14.17,14.63
sh603099,9.6,10.04,10.22,9.51,25191.0,-6.8,10.3,2485.0,46.0,9.58,70.0,9.6,34.39,2.59,25.6,25.6
sz002651,4.72,4.99,5.07,4.65,50451.0,-8.35,5.15,2455.0,123.0,4.7,265.0,4.72,36.13,2.29,24.52,48.03
sh601777,6.34,6.5,6.58,6.34,497799.0,-9.94,7.04,31727.0,0.0,0.0,186952.0,6.34,88.54,1.13,80.14,83.29
sz000070,13.12,13.9,14.09,13.12,348249.0,-10.01,14.58,46949.0,0.0,0.0,46632.0,13.12,31.47,3.62,79.92,82.26
sh603717,8.89,9.72,9.72,8.89,33868.0,-10.02,9.88,3107.0,3.0,0.0,30.0,8.9,22.07,1.59,10.85,21.5
sh603013,16.09,16.88,17.2,16.09,46784.0,-10.01,17.88,7735.0,553.0,0.0,77.0,16.1,25.29,2.66,9.65,82.06
sh603319,16.14,17.06,17.06,15.88,10881.0,-7.4,17.43,1785.0,2.0,16.11,35.0,16.14,16.5,2.3,11.85,16.93
sz300007,11.88,12.68,12.76,11.88,98347.0,-10.0,13.2,12058.0,0.0,0.0,1052.0,11.88,52.41,2.35,26.96,34.81
sh603813,18.22,19.61,19.61,18.01,7619.0,-8.03,19.81,1438.0,84.0,18.21,4.0,18.23,27.68,2.61,8.53,16.32
sh603321,6.99,7.39,7.45,6.95,23544.0,-7.42,7.55,1681.0,65.0,6.97,38.0,6.99,45.41,2.08,8.12,21.46
sh603708,25.5,26.5,26.8,24.8,24921.0,-5.2,26.9,6446.0,17.0,25.45,62.0,25.5,26.55,4.2,40.03,119.34
sh603615,9.12,9.7,9.7,9.0,22647.0,-8.06,9.92,2124.0,153.0,9.11,8.0,9.13,32.99,1.6,6.83,21.89
sz002119,10.47,11.06,11.22,10.28,26802.0,-7.67,11.34,2872.0,55.0,10.45,170.0,10.47,34.01,3.63,29.6,30.22
sh601058,3.14,3.17,3.33,3.12,306502.0,-5.14,3.31,9767.0,52.0,3.13,633.0,3.15,11.59,1.33,67.8,84.83
sz002663,3.03,3.25,3.25,3.01,204443.0,-8.46,3.31,6377.0,1605.0,3.02,1961.0,3.04,129.42,1.06,37.87,54.42
sz002478,5.8,5.86,6.08,5.76,128317.0,-5.69,6.15,7628.0,27.0,5.77,30.0,5.8,9.77,1.35,34.43,55.68
sz300187,5.12,5.5,5.5,5.11,74524.0,-9.86,5.68,3916.0,1652.0,5.11,356.0,5.13,-18.88,2.28,32.53,33.0
sz000017,4.35,4.51,4.68,4.34,65015.0,-8.23,4.74,2914.0,17.0,4.34,95.0,4.36,-1094.78,171.94,13.18,23.98
sh600379,8.11,8.56,8.86,8.11,54397.0,-9.99,9.01,4547.0,0.0,0.0,293.0,8.11,50.38,3.65,19.13,19.13
sz002116,10.73,10.5,11.2,10.34,66407.0,-1.65,10.91,7210.0,53.0,10.71,198.0,10.73,20.57,3.02,44.59,44.81
sz002903,14.54,15.65,15.7,14.53,38393.0,-9.91,16.14,5746.0,614.0,0.0,62.0,14.54,150.03,3.58,9.6,21.81
sz300745,29.49,30.22,31.69,29.4,22484.0,-8.67,32.29,6844.0,6.0,29.45,181.0,29.49,48.28,3.08,8.44,33.77
sh600051,6.18,6.5,6.56,6.13,55478.0,-7.07,6.65,3506.0,57.0,6.16,103.0,6.18,7.21,0.8,19.21,19.21
sz002246,7.7,8.4,8.4,7.7,75641.0,-9.94,8.55,6020.0,0.0,0.0,4538.0,7.7,31.89,1.75,34.64,42.28
sz002927,25.24,26.45,27.8,25.24,22329.0,-9.99,28.04,5847.0,3.0,0.0,121.0,25.25,40.9,4.13,12.97,30.78
sz300141,7.11,7.47,7.47,6.86,36388.0,-6.57,7.61,2612.0,45.0,7.09,209.0,7.12,-494.08,2.55,11.66,18.17
sz300738,46.7,49.79,49.8,46.7,11331.0,-10.0,51.89,5392.0,0.0,0.0,2081.0,46.7,48.02,5.22,15.63,30.48
sh600106,3.46,3.75,3.75,3.43,220569.0,-9.19,3.81,7871.0,1379.0,3.45,751.0,3.47,15.15,1.04,38.0,38.0
sh603121,21.04,22.6,22.6,21.04,32320.0,-10.01,23.38,7043.0,0.0,0.0,753.0,21.04,43.23,3.58,9.47,37.87
sh600490,4.78,4.79,5.16,4.74,247339.0,-8.95,5.25,12207.0,363.0,4.77,136.0,4.79,66.99,1.77,71.29,106.06
sh600582,3.58,3.74,3.74,3.52,352136.0,-6.28,3.82,12830.0,2215.0,3.56,1894.0,3.58,15.07,0.94,148.16,148.16
sz002482,5.16,5.54,5.57,5.16,205464.0,-9.95,5.73,11024.0,11341.0,0.0,894.0,5.17,24.16,1.14,78.91,79.32
sz002053,8.03,8.5,8.5,7.85,34729.0,-6.63,8.6,2819.0,73.0,8.01,1202.0,8.03,43.13,1.58,29.85,61.11
sh603787,10.41,11.28,11.28,10.4,25853.0,-9.24,11.47,2790.0,27.0,10.39,288.0,10.41,23.85,2.21,7.38,21.24
sz000059,6.67,7.01,7.05,6.57,272625.0,-7.1,7.18,18678.0,2492.0,6.66,72.0,6.68,9.79,0.79,106.68,106.68
sh600280,3.92,4.05,4.23,3.89,176172.0,-9.05,4.31,7136.0,757.0,3.91,323.0,3.93,-11.99,3.07,45.01,45.01
sh603079,29.21,25.8,29.85,25.8,47831.0,3.33,28.27,13709.0,212.0,29.2,41.0,29.22,94.53,4.06,10.67,32.72
sz300110,5.4,5.63,5.97,5.26,741816.0,-6.09,5.75,41739.0,280.0,5.38,1665.0,5.4,154.06,2.92,63.62,63.84
sh600168,6.8,7.1,7.17,6.72,45945.0,-5.56,7.2,3179.0,357.0,6.78,27.0,6.8,16.72,0.95,48.25,48.25
sz300191,16.73,17.8,17.81,16.43,41541.0,-8.28,18.24,7149.0,3.0,16.71,322.0,16.73,184.22,4.52,34.63,53.54
sz002907,17.28,19.0,19.0,17.28,27603.0,-10.0,19.2,4961.0,0.0,0.0,202.0,17.28,49.68,8.04,10.19,69.13
sz000531,6.91,7.3,7.43,6.91,120865.0,-10.03,7.68,8641.0,0.0,0.0,1507.0,6.91,30.86,1.18,47.34,47.34
sz002943,28.36,30.0,30.37,27.78,16019.0,-7.77,30.75,4668.0,69.0,28.35,11.0,28.37,32.01,3.54,7.09,28.36
sz000333,49.07,49.9,51.04,49.0,663234.0,-6.35,52.4,331830.0,730.0,49.06,33.0,49.08,15.33,3.61,3165.13,3234.57
sh603157,7.04,7.51,7.54,7.0,48406.0,-8.57,7.7,3513.0,70.0,7.02,97.0,7.04,-11.9,1.11,10.26,38.56
sh601015,5.45,5.6,5.66,5.31,81989.0,-5.71,5.78,4523.0,117.0,5.44,155.0,5.46,24.74,1.19,61.15,68.33
sz002581,7.37,7.88,7.89,7.37,121458.0,-10.01,8.19,9242.0,0.0,0.0,2093.0,7.37,-25.45,1.77,29.54,48.62
sz002165,4.68,4.6,4.83,4.6,72900.0,-2.9,4.82,3413.0,605.0,4.66,616.0,4.69,60.21,1.85,24.68,28.18
sh603587,23.9,24.68,25.28,23.55,29794.0,-6.46,25.55,7280.0,5.0,23.85,72.0,23.9,15.41,2.92,14.58,95.84
sz300697,11.83,12.5,12.76,11.75,32091.0,-9.21,13.03,3940.0,15.0,11.81,228.0,11.83,30.22,3.09,6.15,24.61
sz000544,5.79,6.14,6.17,5.71,86551.0,-7.8,6.28,5151.0,418.0,5.77,700.0,5.79,13.32,0.96,30.2,56.43
sz300533,33.08,35.5,35.5,32.86,11120.0,-8.8,36.27,3783.0,69.0,33.07,15.0,33.1,30.42,2.08,11.7,33.49
sz300589,11.4,12.29,12.29,11.35,41217.0,-9.45,12.59,4852.0,30.0,11.38,328.0,11.4,67.65,6.81,6.84,23.12
sh600834,7.35,7.5,7.6,7.26,32013.0,-5.16,7.75,2381.0,77.0,7.34,69.0,7.36,73.07,2.31,35.09,35.09
sz002292,6.65,6.92,7.14,6.54,196230.0,-8.53,7.27,13400.0,18.0,6.63,1349.0,6.65,-5.58,2.29,54.09,90.25
sh601699,7.68,8.04,8.04,7.56,443458.0,-6.91,8.25,34415.0,149.0,7.66,320.0,7.68,8.15,0.91,229.74,229.74
sz002471,3.1,3.3,3.3,3.06,259889.0,-8.82,3.4,8290.0,1066.0,3.08,1672.0,3.1,44.72,2.09,39.21,39.31
sh600622,7.44,7.88,8.02,7.44,128575.0,-10.04,8.27,9792.0,0.0,0.0,4072.0,7.44,9.61,1.37,85.83,85.83
sh601002,6.8,7.0,7.33,6.72,249996.0,-6.85,7.3,17495.0,1200.0,6.79,561.0,6.81,23.5,2.04,53.9,53.9
sz002679,26.4,27.5,27.69,24.99,71386.0,-4.93,27.77,18866.0,502.0,26.34,1249.0,26.4,184.77,8.32,62.24,62.24
sh600388,11.69,11.4,11.8,11.13,143968.0,-0.09,11.7,16270.0,576.0,11.68,3261.0,11.7,15.38,2.42,124.97,124.97
sz300532,14.46,14.76,14.8,14.04,57009.0,-7.31,15.6,8213.0,57.0,14.45,112.0,14.49,125.92,4.96,17.3,40.09
sz002504,3.56,3.78,3.78,3.51,125391.0,-8.72,3.9,4581.0,638.0,3.54,144.0,3.56,46.6,3.79,14.76,36.52
sh603486,43.58,45.01,45.75,42.72,14156.0,-7.08,46.9,6262.0,2.0,43.5,109.0,43.6,37.64,6.74,17.48,174.36
sz000961,8.35,8.4,8.83,8.08,428553.0,-5.11,8.8,36329.0,1234.0,8.34,57.0,8.36,13.49,1.73,308.94,309.77
sh603706,20.68,22.0,22.48,20.68,27625.0,-10.01,22.98,5895.0,0.0,0.0,711.0,20.68,34.91,2.93,8.27,33.09
sh603722,22.13,23.02,23.02,21.55,15345.0,-5.75,23.48,3433.0,20.0,22.08,1.0,22.13,59.47,3.65,9.01,19.19
sz000610,11.46,12.08,12.1,11.46,153715.0,-9.98,12.73,17872.0,0.0,0.0,41150.0,11.46,27.74,3.13,26.96,27.13
sz002897,19.84,21.2,21.48,19.84,39496.0,-9.98,22.04,8057.0,0.0,0.0,4416.0,19.84,50.5,3.0,13.36,33.86
sz000570,4.43,4.8,4.8,4.43,97528.0,-9.96,4.92,4461.0,8613.0,0.0,811.0,4.44,46.75,1.17,18.22,24.87
sz300096,9.51,10.1,10.25,9.39,86984.0,-8.03,10.34,8529.0,213.0,9.5,174.0,9.52,292.03,5.68,35.81,40.89
sz300496,28.37,30.1,30.59,28.37,106884.0,-9.99,31.52,31144.0,0.0,0.0,3994.0,28.37,64.63,7.31,75.86,114.36
sh601086,5.63,5.72,5.85,5.4,57530.0,-4.9,5.92,3250.0,49.0,5.62,4.0,5.64,27.31,1.97,9.26,37.5
sz300429,22.21,23.6,23.86,22.21,54009.0,-10.01,24.68,12320.0,0.0,0.0,1977.0,22.21,42.17,3.79,30.93,60.23
sz002877,14.22,15.1,15.3,14.22,31122.0,-10.0,15.8,4545.0,0.0,0.0,94.0,14.22,46.14,4.54,7.39,29.55
sz002843,14.06,14.91,14.91,13.8,21341.0,-8.16,15.31,3092.0,9.0,14.04,100.0,14.06,34.85,2.88,11.81,19.68
sh603315,12.05,12.63,12.63,11.8,15739.0,-6.23,12.85,1916.0,5.0,12.03,10.0,12.05,290.44,2.68,26.5,26.5
sh601326,3.56,3.86,3.87,3.56,213492.0,-10.1,3.96,7846.0,3717.0,0.0,1081.0,3.57,34.28,1.42,58.86,198.91
sz300376,5.35,5.75,5.75,5.35,293158.0,-9.93,5.94,15991.0,18048.0,0.0,2764.0,5.36,21.91,2.52,123.48,124.54
sh600081,12.92,12.92,13.42,12.92,93899.0,-10.03,14.36,12246.0,0.0,0.0,29660.0,12.92,34.49,3.08,40.51,40.51
sh601595,13.05,13.93,13.98,12.95,29080.0,-9.31,14.39,3922.0,147.0,13.04,100.0,13.08,20.44,2.06,13.84,48.74
sh601258,1.39,1.46,1.47,1.37,1004264.0,-6.71,1.49,14315.0,1899.0,1.38,40058.0,1.4,-1.36,1.57,90.88,90.88
sz000928,5.36,5.8,5.8,5.36,236884.0,-10.07,5.96,13146.0,0.0,0.0,4264.0,5.36,13.23,1.43,39.83,67.36
sz002242,20.9,20.62,22.01,20.53,80336.0,-4.39,21.86,17065.0,1.0,20.8,656.0,20.9,20.82,3.97,159.25,160.41
sz002590,7.33,7.77,7.77,7.18,59958.0,-7.91,7.96,4478.0,1033.0,7.32,93.0,7.34,-60.55,1.97,31.85,35.16
sh603686,11.63,11.99,12.19,11.55,50241.0,-6.89,12.49,5967.0,42.0,11.62,15.0,11.64,16.44,1.47,34.53,34.77
sh600497,4.56,4.8,4.9,4.51,515493.0,-8.8,5.0,24307.0,1993.0,4.55,13593.0,4.57,39.94,1.58,196.53,232.16
sh603596,17.67,18.9,18.9,17.58,24174.0,-7.1,19.02,4380.0,740.0,17.65,16.0,17.67,27.04,3.57,30.63,72.19
sz000766,8.11,8.51,8.76,8.11,257466.0,-9.99,9.01,21565.0,0.0,0.0,1284.0,8.11,24.24,1.63,47.67,78.38
sz002541,7.79,8.28,8.28,7.68,85642.0,-8.46,8.51,6819.0,285.0,7.78,252.0,7.8,9.44,0.91,28.79,40.8
sz000662,5.7,5.91,6.09,5.65,126830.0,-5.16,6.01,7419.0,71.0,5.69,297.0,5.71,51.13,1.09,62.3,62.31
sz000708,12.27,12.69,12.99,12.01,76572.0,-5.83,13.03,9521.0,295.0,12.26,2.0,12.28,10.91,1.23,55.14,55.14
sz002664,13.09,14.04,14.06,13.09,57795.0,-9.97,14.54,7769.0,0.0,0.0,5950.0,13.09,20.21,2.36,45.81,52.36
sz002391,13.25,12.95,13.84,12.95,49835.0,-5.76,14.06,6675.0,18.0,13.23,319.0,13.25,14.69,1.43,31.49,47.63
sh600376,8.47,8.81,8.81,8.31,118455.0,-6.31,9.04,10105.0,769.0,8.45,404.0,8.47,6.8,0.95,215.63,218.49
sh600679,11.75,13.0,13.01,11.75,38384.0,-10.03,13.06,4680.0,0.0,0.0,195.0,11.75,233.53,3.48,27.1,47.26
sh603139,16.07,16.91,16.91,15.92,8193.0,-5.97,17.09,1339.0,27.0,16.03,24.0,16.07,28.82,1.68,8.62,16.05
sz002415,30.21,30.9,31.18,30.18,656104.0,-7.56,32.68,201465.0,786.0,30.2,159.0,30.23,25.5,7.2,2439.37,2824.17
sz002875,16.8,18.1,18.36,16.77,22536.0,-9.82,18.63,3940.0,4.0,16.78,347.0,16.8,23.51,2.5,6.62,22.15
sh600577,3.24,3.43,3.47,3.2,289370.0,-8.22,3.53,9668.0,3633.0,3.23,2077.0,3.25,14.09,1.92,62.25,62.25
sz002150,7.26,8.01,8.01,7.26,58990.0,-10.04,8.07,4391.0,0.0,0.0,799.0,7.26,15.11,1.64,19.83,19.91
sz300100,8.19,9.0,9.0,8.17,60832.0,-9.8,9.08,5144.0,145.0,8.17,496.0,8.19,-35.96,1.39,31.7,38.14
sh603976,15.9,17.37,17.37,15.9,17171.0,-10.02,17.67,2831.0,0.0,0.0,701.0,15.9,28.19,2.38,6.09,24.04
sz000666,12.73,13.6,13.6,12.73,114443.0,-9.97,14.14,15025.0,0.0,0.0,3890.0,12.73,10.79,1.05,37.36,89.64
sh603538,20.0,20.53,21.26,19.81,37198.0,-7.92,21.72,7638.0,95.0,19.98,70.0,20.0,22.82,2.41,17.89,29.83
sz000540,4.11,4.39,4.45,4.1,806835.0,-9.67,4.55,34339.0,22914.0,0.0,3842.0,4.11,16.84,1.6,267.38,287.92
sh601606,12.29,13.25,13.25,12.29,131119.0,-10.03,13.66,16710.0,1782.0,0.0,521.0,12.3,93.47,4.1,18.19,89.01
sh600581,3.83,3.92,4.02,3.74,377987.0,-5.43,4.05,14726.0,1834.0,3.81,1245.0,3.83,16.21,1.53,58.71,58.71
sh603896,36.88,39.39,39.5,36.7,28348.0,-7.8,40.0,10813.0,14.0,36.86,408.0,36.88,46.05,5.06,22.52,52.86
sz002365,10.92,11.1,11.45,10.9,63792.0,-6.27,11.65,7043.0,129.0,10.91,57.0,10.93,22.97,1.98,26.36,32.18
sz002618,13.22,14.13,14.23,13.22,72552.0,-10.01,14.69,9919.0,0.0,0.0,5063.0,13.22,307.91,4.22,72.44,72.44
sz300102,5.66,5.99,5.99,5.61,104524.0,-6.91,6.08,6079.0,799.0,5.65,113.0,5.67,30.12,1.41,40.04,40.73
sz000629,3.32,3.49,3.49,3.22,1063907.0,-6.48,3.55,35675.0,1120.0,3.3,1192.0,3.32,8.45,3.23,158.27,285.18
sz002307,6.41,6.91,6.92,6.41,342845.0,-9.97,7.12,22678.0,0.0,0.0,3528.0,6.41,107.22,2.98,57.16,57.58
sz002081,10.1,10.37,10.4,9.95,136674.0,-5.43,10.68,13910.0,378.0,10.08,169.0,10.1,12.45,1.95,260.19,270.32
sz000935,14.67,15.82,15.86,14.67,110273.0,-10.0,16.3,16762.0,795.0,0.0,550.0,14.68,14.66,3.07,112.0,112.0
sh603225,12.57,13.37,13.37,12.45,59214.0,-8.71,13.77,7655.0,86.0,12.56,10.0,12.62,10.49,1.88,20.95,149.74
sh603016,16.22,17.84,17.84,16.12,15115.0,-9.13,17.85,2545.0,20.0,16.21,1.0,16.25,39.32,2.86,11.43,24.03
sh600724,3.83,3.97,3.97,3.76,65326.0,-6.13,4.08,2529.0,146.0,3.8,171.0,3.83,6.49,2.11,55.34,55.35
sz300694,19.28,20.27,20.58,19.28,64503.0,-9.99,21.42,12732.0,0.0,0.0,2817.0,19.28,50.43,3.59,10.38,41.51
sz300306,7.8,8.35,8.39,7.8,30195.0,-10.03,8.67,2449.0,0.0,0.0,1864.0,7.8,-4.56,1.57,11.46,22.42
sz002686,7.1,7.46,7.98,6.9,24726.0,-7.19,7.65,1818.0,106.0,7.09,172.0,7.11,-472.86,2.11,24.72,31.36
sz300072,8.73,9.21,9.36,8.73,334540.0,-10.0,9.7,30029.0,0.0,0.0,23487.0,8.73,-264.26,2.22,185.95,205.2
sz300563,27.68,27.94,28.3,26.21,21434.0,-4.95,29.12,5816.0,3.0,27.67,42.0,27.69,51.57,4.46,8.88,22.14
sz002078,6.44,6.9,6.9,6.44,481814.0,-10.06,7.16,31847.0,0.0,0.0,4247.0,6.44,8.34,1.32,164.28,166.9
sz300733,12.67,13.51,13.51,12.46,19479.0,-8.25,13.81,2522.0,18.0,12.63,35.0,12.67,36.93,1.77,8.6,20.27
sh600345,26.25,27.5,27.99,26.25,80031.0,-10.01,29.17,21647.0,0.0,0.0,2832.0,26.25,24.9,2.68,51.98,51.98
sh600093,11.98,12.76,12.85,11.98,180678.0,-9.99,13.31,22407.0,0.0,0.0,20489.0,11.98,16.81,1.85,134.47,134.47
sz300648,16.61,17.0,18.13,16.61,31912.0,-9.97,18.45,5439.0,0.0,0.0,1050.0,16.61,109.07,4.23,9.97,22.49
sz300416,18.0,19.6,19.6,18.0,24763.0,-10.0,20.0,4621.0,0.0,0.0,666.0,18.0,33.48,3.28,13.79,24.4
sh600311,3.51,3.59,3.79,3.31,210973.0,-2.23,3.59,7654.0,884.0,3.5,1448.0,3.52,-19.56,3.29,23.36,23.36
sh600148,15.25,16.5,16.5,15.24,27454.0,-9.92,16.93,4313.0,631.0,15.24,40.0,15.26,79.59,5.08,21.58,21.58
sz300263,5.17,5.49,5.59,5.13,159655.0,-8.5,5.65,8552.0,2058.0,5.16,222.0,5.18,31.02,1.81,29.22,47.31
sz300409,14.81,15.5,16.0,14.81,117149.0,-9.97,16.45,17899.0,1064.0,0.0,299.0,14.82,96.64,2.94,37.5,67.98
sz002610,1.89,2.03,2.03,1.86,908250.0,-8.25,2.06,17602.0,506.0,1.88,11995.0,1.9,69.09,1.44,82.82,84.84
sh603233,46.6,46.82,49.53,46.33,28324.0,-2.71,47.9,13478.0,8.0,46.58,4.0,47.0,32.78,5.78,29.89,186.4
sz002191,12.58,12.98,13.8,12.22,591083.0,-6.19,13.41,76222.0,1280.0,12.57,1113.0,12.59,23.88,2.73,160.05,184.28
sz000568,70.5,75.9,75.9,70.09,246718.0,-9.48,77.88,177225.0,2.0,70.49,134.0,70.51,26.2,5.56,1029.37,1032.65
sz002876,36.0,36.8,37.77,35.5,12623.0,-5.73,38.19,4619.0,161.0,35.98,8.0,36.01,27064.41,3.32,19.69,28.8
sh600128,7.43,7.97,7.97,7.43,120301.0,-10.05,8.26,9169.0,0.0,0.0,3342.0,7.43,-32.64,1.19,18.33,18.33
sz002149,7.9,8.45,8.49,7.9,141923.0,-10.02,8.78,11595.0,0.0,0.0,4319.0,7.9,55.36,1.87,33.6,33.61
sz300080,5.74,6.06,6.14,5.69,108065.0,-7.42,6.2,6382.0,111.0,5.72,229.0,5.74,-9.35,1.89,28.81,28.86
sz000717,4.78,5.01,5.07,4.71,404804.0,-7.54,5.17,19836.0,3224.0,4.76,2698.0,4.78,4.04,1.76,115.65,115.65
sh600157,1.9,2.01,2.04,1.88,2627239.0,-8.21,2.07,51453.0,11059.0,1.89,12087.0,1.91,-57.27,0.98,236.09,236.09
sz300273,5.59,6.05,6.05,5.59,210460.0,-9.98,6.21,12108.0,0.0,0.0,22080.0,5.59,43.63,1.74,31.42,44.42
sz300138,6.95,6.88,7.4,6.71,304763.0,3.27,6.73,21213.0,1393.0,6.93,179.0,6.95,24.41,2.01,27.94,35.7
sz300501,18.92,19.98,20.07,18.26,9873.0,-6.34,20.2,1895.0,3.0,18.77,26.0,18.93,29.13,2.69,19.09,19.75
sh601007,9.58,10.2,10.2,9.51,21943.0,-7.8,10.39,2154.0,43.0,9.55,160.0,9.58,38.44,1.94,28.74,28.74
sh600716,4.24,4.63,4.63,4.21,159712.0,-9.4,4.68,7000.0,1528.0,4.23,204.0,4.25,6.23,0.7,38.59,39.69
sh600359,5.08,5.21,5.51,5.03,173211.0,-2.31,5.2,9201.0,1066.0,5.07,2322.0,5.09,-9.3,4.15,19.38,19.38
sz000791,3.99,4.04,4.14,3.85,184617.0,-4.09,4.16,7390.0,437.0,3.98,854.0,4.0,9.88,0.91,54.25,54.25
sz300635,13.84,15.01,15.01,13.65,30842.0,-8.28,15.09,4335.0,52.0,13.81,32.0,13.84,37.37,3.18,6.05,18.87
sh601700,6.09,6.61,6.62,6.09,347011.0,-10.04,6.77,21751.0,0.0,0.0,3953.0,6.09,195.56,2.4,68.9,69.01
sh600583,5.3,5.59,5.62,5.24,268719.0,-7.5,5.73,14556.0,1589.0,5.29,100.0,5.31,130.89,1.03,234.33,234.33
sh600318,7.57,7.9,8.18,7.51,69769.0,-9.23,8.34,5451.0,6.0,7.56,282.0,7.58,65.03,3.46,36.64,36.64
sz002083,5.47,5.63,5.66,5.34,113205.0,-4.7,5.74,6211.0,652.0,5.45,199.0,5.47,10.29,1.41,47.44,49.67
sz002045,5.17,5.48,5.58,5.17,172852.0,-9.93,5.74,9256.0,0.0,0.0,635.0,5.17,-10.73,1.46,21.49,24.22
sz000833,5.18,5.5,5.51,5.17,121206.0,-9.76,5.74,6449.0,1493.0,5.17,195.0,5.19,55.53,1.27,19.58,34.62
sz002652,4.49,4.6,4.84,4.32,76966.0,-4.47,4.7,3527.0,404.0,4.48,245.0,4.5,76.85,3.07,20.05,22.99
sh600926,8.65,8.7,8.95,8.5,554623.0,-2.59,8.88,48421.0,1558.0,8.64,644.0,8.66,7.78,0.9,180.07,443.76
sz002403,8.3,8.65,8.65,8.18,28750.0,-6.53,8.88,2436.0,52.0,8.27,757.0,8.3,18.88,1.29,24.32,29.08
sh600814,5.51,5.66,5.73,5.44,51445.0,-4.17,5.75,2879.0,26.0,5.49,298.0,5.51,25.45,1.61,39.4,39.4
sz002136,7.84,8.19,8.19,7.61,34868.0,-6.44,8.38,2768.0,194.0,7.82,165.0,7.84,67.27,2.41,16.78,16.86
sz002430,11.5,12.0,12.2,11.4,122889.0,-8.59,12.58,14475.0,245.0,11.47,21.0,11.52,14.63,2.02,109.23,110.93
sz000739,9.31,9.8,9.8,9.22,141408.0,-6.71,9.98,13379.0,602.0,9.29,291.0,9.31,26.5,3.17,106.77,109.72
sz002161,6.15,6.57,6.81,6.15,199185.0,-9.96,6.83,12786.0,0.0,0.0,877.0,6.15,-43.58,3.13,42.68,45.5
sz300081,10.42,11.22,11.78,10.41,93736.0,-9.94,11.57,10394.0,457.0,10.41,139.0,10.44,88.61,2.16,32.93,55.19
sh603337,36.29,36.9,37.58,35.5,12505.0,-3.02,37.42,4554.0,3.0,36.2,70.0,36.29,24.51,4.28,29.42,111.61
sh600663,16.5,17.45,17.45,16.35,70729.0,-7.92,17.92,11880.0,19.0,16.46,147.0,16.5,15.69,3.27,403.35,554.7
sh601677,9.87,10.49,10.49,9.72,28092.0,-6.53,10.56,2826.0,41.0,9.86,115.0,9.88,11.47,0.96,56.72,58.22
sz002280,3.81,4.06,4.08,3.81,328518.0,-9.93,4.23,12919.0,0.0,0.0,7573.0,3.81,-11.19,1.57,66.75,82.95
sz002685,5.3,5.76,5.76,5.24,56898.0,-8.93,5.82,3102.0,148.0,5.28,12.0,5.3,24.82,1.14,39.65,53.41
sz300092,7.07,7.18,7.54,6.92,56856.0,-4.59,7.41,4128.0,179.0,7.05,355.0,7.07,77.53,2.93,11.83,16.57
sh600871,2.42,2.55,2.57,2.4,597255.0,-8.68,2.65,14827.0,3997.0,2.41,12405.0,2.43,153.08,7.5,291.43,459.42
sh600103,2.93,3.12,3.12,2.9,181191.0,-7.86,3.18,5455.0,1459.0,2.91,2016.0,2.93,32.86,1.48,31.11,51.97
sz300140,9.08,9.9,9.9,9.08,71195.0,-10.01,10.09,6673.0,0.0,0.0,2470.0,9.08,54.52,1.71,22.42,38.79
sz002783,14.36,15.16,15.35,14.36,318458.0,-9.97,15.95,47436.0,0.0,0.0,17255.0,14.36,57.42,3.3,39.43,47.95
sz002805,21.32,23.0,23.0,21.11,16514.0,-8.97,23.42,3641.0,40.0,21.3,121.0,21.32,122.59,3.51,11.43,20.66
sz300029,4.88,5.33,5.33,4.83,34057.0,-8.44,5.33,1718.0,125.0,4.86,198.0,4.88,-7.7,8.41,9.76,9.76
sz300336,4.32,4.6,4.7,4.32,193659.0,-10.0,4.8,8617.0,0.0,0.0,2053.0,4.32,2943.18,1.13,30.62,34.83
sz002661,13.49,13.98,14.3,13.49,48494.0,-6.32,14.4,6714.0,318.0,13.48,345.0,13.5,25.87,1.95,44.11,44.78
sz000016,4.32,4.7,4.7,4.32,310073.0,-10.0,4.8,13663.0,0.0,0.0,4160.0,4.32,23.58,1.27,68.97,104.02
sz002855,9.14,9.99,9.99,9.14,27270.0,-9.95,10.15,2587.0,519.0,0.0,21.0,9.18,77.88,1.87,7.62,22.99
sz300617,21.72,23.5,23.75,21.65,8758.0,-9.69,24.05,1962.0,46.0,21.7,66.0,21.72,30.66,2.63,7.97,21.72
sh600283,11.13,11.95,11.95,11.07,26489.0,-9.51,12.3,3018.0,21.0,11.12,50.0,11.14,91.17,2.15,39.29,39.29
sh600775,13.01,13.81,14.09,13.01,376383.0,-9.97,14.45,50471.0,0.0,0.0,45708.0,13.01,79.83,3.41,87.41,118.89
sz000008,3.98,4.18,4.19,3.92,408777.0,-7.23,4.29,16515.0,1452.0,3.97,1306.0,3.99,33.92,1.51,102.95,110.68
sz300484,10.62,11.43,11.51,10.62,31059.0,-10.0,11.8,3405.0,0.0,0.0,1950.0,10.62,73.07,3.11,14.32,22.09
sh600729,32.2,32.5,34.9,31.58,72185.0,-7.74,34.9,23178.0,76.0,32.19,3.0,32.22,16.76,2.17,130.87,130.9
sz002752,6.8,6.9,7.24,6.76,55601.0,-2.72,6.99,3898.0,23.0,6.78,778.0,6.8,186.91,3.13,11.59,56.66
sh603178,10.38,9.91,10.53,9.82,40557.0,1.57,10.22,4066.0,80.0,10.35,88.0,10.38,-225.02,2.58,5.29,21.09
sz002940,33.88,36.29,36.29,33.05,11450.0,-7.43,36.6,3981.0,89.0,33.87,11.0,33.92,28.04,3.2,7.62,30.49
sz000932,6.83,7.29,7.32,6.8,584547.0,-9.42,7.54,41413.0,1262.0,6.82,2985.0,6.84,3.25,1.11,205.95,205.97
sz300480,9.7,10.65,10.65,9.7,23855.0,-10.02,10.78,2403.0,234.0,0.0,41.0,9.71,43.24,2.66,10.24,18.6
sz000960,10.77,11.13,11.47,10.68,265064.0,-9.19,11.86,29401.0,16.0,10.76,348.0,10.78,20.01,1.48,179.73,179.73
sz000620,4.04,4.22,4.24,4.0,99946.0,-6.48,4.32,4129.0,123.0,4.02,374.0,4.04,6.63,0.98,76.62,76.63
sz002601,14.4,15.04,15.04,14.21,170510.0,-8.1,15.67,24958.0,156.0,14.39,63.0,14.41,12.66,2.26,101.6,292.61
sz300399,11.69,12.65,12.65,11.69,34773.0,-10.01,12.99,4177.0,0.0,0.0,3418.0,11.69,64.81,5.25,15.67,23.1
sz300259,3.41,3.64,3.68,3.41,249785.0,-10.03,3.79,8766.0,0.0,0.0,2106.0,3.41,26.14,2.05,24.7,40.09
sh600784,5.16,5.32,5.32,4.99,63528.0,-4.8,5.42,3258.0,764.0,5.15,586.0,5.17,-377.35,1.94,29.32,29.32
sz300332,4.5,4.78,4.78,4.41,170324.0,-7.79,4.88,7783.0,1777.0,4.48,2105.0,4.5,37.58,1.14,32.02,39.61
sh600821,4.0,4.18,4.25,3.96,60750.0,-7.83,4.34,2487.0,342.0,3.99,873.0,4.03,-5.87,8.56,16.65,16.65
sh603977,7.08,7.56,7.56,7.01,19597.0,-6.84,7.6,1416.0,62.0,7.07,467.0,7.09,40.74,1.5,12.46,27.7
sh600883,6.75,6.99,6.99,6.6,26820.0,-4.39,7.06,1825.0,34.0,6.73,93.0,6.75,154.1,2.42,15.94,15.94
sh600797,8.8,9.3,9.47,8.8,415465.0,-10.02,9.78,37762.0,0.0,0.0,2361.0,8.8,44.33,2.04,89.34,92.86
sz000929,7.47,7.86,8.19,7.42,32640.0,-8.68,8.18,2530.0,13.0,7.46,98.0,7.48,-37.95,2.01,13.88,13.88
sz002707,5.9,6.36,6.36,5.9,137343.0,-10.06,6.56,8326.0,0.0,0.0,239.0,5.9,230.5,2.29,31.32,52.24
sh600613,6.49,7.01,7.01,6.48,62295.0,-8.72,7.11,4201.0,555.0,6.48,635.0,6.5,34.78,1.35,31.11,34.66
sz300545,22.71,24.68,24.68,22.69,36257.0,-9.92,25.21,8505.0,33.0,22.69,18.0,22.71,36.49,5.38,10.93,32.73
sz300346,11.56,12.5,12.5,11.5,50381.0,-8.33,12.61,6001.0,10.0,11.55,76.0,11.57,56.15,2.65,28.18,31.61
sz002050,14.78,15.5,15.5,14.55,153419.0,-7.04,15.9,22909.0,5.0,14.76,48.0,14.78,24.17,3.61,275.02,314.91
sh603678,19.19,19.25,19.49,18.21,59875.0,-2.84,19.75,11358.0,1855.0,19.18,46.0,19.2,24.8,3.05,86.87,86.87
sh600532,4.94,5.19,5.36,4.94,143695.0,-10.02,5.49,7322.0,0.0,0.0,2625.0,4.94,112.02,1.39,25.49,25.49
sh601011,5.93,6.3,6.37,5.93,551065.0,-10.02,6.59,33560.0,0.0,0.0,1178.0,5.93,26.56,1.55,94.83,95.53
sz002898,13.6,14.57,14.57,13.5,12061.0,-8.29,14.83,1685.0,34.0,13.58,338.0,13.6,37.23,3.26,8.14,21.76
sz000785,8.93,9.7,9.7,8.93,55863.0,-9.98,9.92,5175.0,0.0,0.0,2502.0,8.93,51.13,1.88,22.42,22.43
sh600300,3.64,3.64,3.64,3.5,1391582.0,9.97,3.31,50514.0,119730.0,3.63,0.0,0.0,56.6,2.25,60.86,60.86
sz000712,12.42,12.61,13.21,12.42,177190.0,-10.0,13.8,22524.0,0.0,0.0,10681.0,12.42,-85.83,3.34,98.86,111.28
sz002909,9.55,10.38,10.38,9.45,23212.0,-8.96,10.49,2278.0,165.0,9.54,192.0,9.56,69.2,3.6,7.18,16.04
sz300309,6.96,7.52,7.52,6.96,132919.0,-9.96,7.73,9344.0,0.0,0.0,22039.0,6.96,28.8,3.11,48.4,60.64
sh603090,13.92,15.0,15.0,13.92,15723.0,-10.02,15.47,2263.0,0.0,0.0,176.0,13.92,43.18,2.88,5.66,13.92
sz300712,14.5,15.46,15.46,14.23,10539.0,-6.27,15.47,1558.0,14.0,14.49,78.0,14.51,26.94,2.14,8.76,20.31
sz002775,6.47,7.1,7.1,6.47,107488.0,-10.01,7.19,7165.0,0.0,0.0,2550.0,6.47,13.24,1.32,26.83,33.18
sh600986,4.49,4.8,4.8,4.49,357807.0,-10.02,4.99,16484.0,0.0,0.0,9374.0,4.49,30.12,0.97,57.71,59.52
sz300335,6.49,7.0,7.0,6.49,97453.0,-9.99,7.21,6496.0,0.0,0.0,1832.0,6.49,18.06,1.69,17.21,23.55
sh600439,3.08,3.26,3.26,3.01,219150.0,-7.51,3.33,6927.0,371.0,3.06,648.0,3.08,14.88,1.23,34.87,34.87
sz000521,3.62,3.78,3.81,3.54,175197.0,-6.94,3.89,6455.0,1351.0,3.61,654.0,3.63,88.1,0.75,29.05,37.81
sz300628,98.5,103.17,103.17,97.6,27085.0,-9.12,108.39,27085.0,224.0,98.45,16.0,98.51,32.21,7.91,73.56,295.05
sh601838,9.01,9.2,9.35,8.84,446114.0,-4.66,9.45,40606.0,759.0,8.99,1482.0,9.01,6.66,1.0,168.18,325.46
sh600313,2.93,2.86,3.06,2.86,740323.0,5.4,2.78,22052.0,4176.0,2.92,3898.0,2.94,92.17,2.24,29.87,31.71
sz300522,15.52,16.9,16.9,15.34,17473.0,-8.92,17.04,2786.0,24.0,15.5,46.0,15.52,28.52,2.88,7.97,18.78
sh600737,8.53,8.91,9.2,8.52,467766.0,-9.93,9.47,41175.0,392.0,0.0,288.0,8.53,50.72,2.12,175.03,182.44
sz002227,12.05,12.99,12.99,12.03,21849.0,-9.87,13.37,2724.0,186.0,12.03,108.0,12.05,145.22,3.28,26.55,26.58
sz002535,3.52,3.8,3.8,3.51,131193.0,-9.74,3.9,4750.0,1067.0,3.51,399.0,3.53,-15.77,1.02,20.04,28.22
sh600420,9.25,9.82,9.82,9.18,89965.0,-7.78,10.03,8575.0,6.0,9.24,80.0,9.26,13.62,1.4,53.23,97.7
sz002253,13.81,14.55,14.66,13.66,38725.0,-8.24,15.05,5489.0,3.0,13.8,117.0,13.82,60.01,2.29,28.56,31.16
sz002452,4.07,4.4,4.4,4.03,59679.0,-8.74,4.46,2508.0,310.0,4.06,116.0,4.08,-9.51,1.93,16.0,21.55
sh601968,4.52,4.95,4.95,4.52,111314.0,-9.96,5.02,5144.0,250.0,0.0,575.0,4.53,58.71,1.83,37.67,37.67
sh601001,4.64,4.88,4.89,4.56,366801.0,-7.57,5.02,17400.0,312.0,4.63,421.0,4.65,10.07,1.33,77.66,77.66
sh603585,22.65,23.5,23.53,22.43,21090.0,-5.63,24.0,4856.0,12.0,22.63,29.0,22.68,12.26,2.21,12.23,40.77
sz300211,5.53,5.98,5.99,5.53,48277.0,-9.93,6.14,2760.0,0.0,0.0,242.0,5.53,384.18,3.4,10.27,16.74
sz300700,19.73,21.59,21.59,19.6,16302.0,-9.41,21.78,3330.0,1.0,19.7,14.0,19.73,-173.19,3.06,8.74,16.26
sh603683,12.6,13.65,13.65,12.6,30103.0,-10.0,14.0,3904.0,0.0,0.0,6.0,12.6,84.3,2.02,5.6,15.96
sh603628,7.62,8.31,8.31,7.61,23056.0,-9.29,8.4,1815.0,187.0,7.61,6.0,7.7,89.67,2.19,6.77,20.86
sh600847,13.1,12.46,13.28,12.14,20416.0,1.71,12.88,2609.0,516.0,13.04,11.0,13.1,-12.53,2.95,20.08,20.08
sh600642,5.61,5.53,5.75,5.5,428703.0,0.18,5.6,24208.0,758.0,5.6,571.0,5.62,12.52,0.95,255.37,255.37
sz300320,5.16,5.52,5.52,5.05,95136.0,-7.86,5.6,4963.0,50.0,5.12,2.0,5.16,17.47,1.99,23.5,31.02
sz002608,8.17,8.59,8.8,8.09,78706.0,-8.82,8.96,6595.0,70.0,8.16,162.0,8.18,9.6,1.22,44.03,308.67
sz000816,2.13,2.19,2.19,2.13,185504.0,-4.91,2.24,3971.0,0.0,0.0,56780.0,2.13,30.12,0.97,28.46,30.22
sh603388,11.21,12.18,12.18,11.12,9639.0,-9.08,12.33,1125.0,67.0,11.2,178.0,11.27,16.68,2.53,9.53,23.15
sz300445,11.57,12.14,12.15,11.21,20745.0,-6.24,12.34,2449.0,15.0,11.52,137.0,11.57,24.84,3.48,10.19,18.97
sh600223,3.8,3.86,3.88,3.75,73772.0,-3.31,3.93,2809.0,102.0,3.79,439.0,3.81,20.66,1.53,38.04,38.04
sh600984,6.39,6.5,6.57,6.11,124174.0,-5.19,6.74,7912.0,21.0,6.37,589.0,6.39,29.17,1.56,50.23,52.9
sz002314,3.08,3.3,3.3,3.06,125323.0,-8.61,3.37,3960.0,2250.0,3.06,1789.0,3.08,19.79,1.06,35.03,83.4
sz300403,5.06,5.53,5.53,5.06,87251.0,-9.96,5.62,4584.0,1314.0,0.0,309.0,5.07,17.66,2.24,19.28,30.51
sh600480,9.13,9.88,9.88,9.11,83564.0,-9.78,10.12,7916.0,294.0,9.12,119.0,9.14,16.46,1.04,41.17,41.55
sz002851,28.85,30.0,30.8,28.85,36055.0,-9.98,32.05,10659.0,0.0,0.0,2125.0,28.85,38.28,5.29,46.18,90.29
sh601801,6.22,6.6,6.65,6.1,111067.0,-7.85,6.75,7115.0,187.0,6.21,79.0,6.23,17.26,1.2,123.73,123.73
sh600901,6.27,6.66,6.66,6.1,250870.0,-7.11,6.75,16038.0,20.0,6.25,172.0,6.27,14.34,1.64,114.14,187.26
sz002835,8.15,8.7,8.7,8.1,38650.0,-9.44,9.0,3237.0,537.0,8.14,2.0,8.16,359.83,2.79,6.88,17.95
sh603126,5.69,6.0,6.1,5.62,65623.0,-8.08,6.19,3852.0,315.0,5.67,434.0,5.69,29.55,2.09,34.74,34.74
sz300568,26.33,27.05,28.0,26.03,25942.0,-8.26,28.7,6941.0,260.0,26.3,23.0,26.33,24.2,3.36,33.88,50.55
sh600735,6.59,6.97,7.05,6.59,117371.0,-9.97,7.32,8027.0,0.0,0.0,20668.0,6.59,31.17,2.75,24.78,24.78
sh603918,12.44,13.33,13.33,12.33,17701.0,-7.99,13.52,2260.0,106.0,12.41,49.0,12.44,42.09,3.88,21.96,22.33
sh601008,4.56,4.8,4.9,4.56,411979.0,-10.06,5.07,19404.0,0.0,0.0,13034.0,4.56,3474.44,1.46,46.29,46.29
sh601225,8.63,8.7,8.81,8.47,808345.0,-4.32,9.02,69627.0,494.0,8.62,55.0,8.64,7.9,1.64,863.0,863.0
sh600636,12.18,13.12,13.12,12.18,59996.0,-9.98,13.53,7616.0,0.0,0.0,186.0,12.18,11.45,1.77,54.44,54.44
sh600858,5.35,5.54,5.54,5.25,56371.0,-5.14,5.64,3060.0,69.0,5.34,120.0,5.36,55.12,0.89,27.69,27.82
sh600824,3.67,3.81,3.88,3.63,97986.0,-7.09,3.95,3675.0,396.0,3.66,349.0,3.68,31.65,1.57,38.68,38.68
sz000062,19.38,20.91,21.45,19.35,48236.0,-9.69,21.46,9692.0,214.0,19.36,95.0,19.38,20.89,2.93,139.62,139.79
sh600033,3.23,3.37,3.37,3.18,131315.0,-4.72,3.39,4307.0,1180.0,3.22,581.0,3.24,11.84,0.94,88.64,88.64
sz300067,6.2,6.6,6.69,6.12,136399.0,-8.55,6.78,8779.0,797.0,6.19,74.0,6.21,31.11,2.7,31.26,44.62
sz002516,3.13,3.3,3.3,3.1,181553.0,-7.67,3.39,5780.0,4477.0,3.12,720.0,3.14,23.07,1.23,29.51,47.02
sh603356,11.86,12.89,12.89,11.8,15016.0,-8.77,13.0,1842.0,130.0,11.85,20.0,11.9,25.43,2.26,10.7,15.81
sh603528,6.83,7.11,7.33,6.64,55135.0,-7.07,7.35,3834.0,529.0,6.81,180.0,6.83,30.6,2.82,41.92,42.82
sz300621,9.52,9.99,9.99,9.3,16226.0,-6.48,10.18,1564.0,30.0,9.47,78.0,9.52,32.01,2.22,6.18,19.82
sz300009,14.09,14.7,14.9,14.0,92394.0,-7.73,15.27,13359.0,142.0,14.08,43.0,14.1,54.82,5.58,96.05,147.99
sz002688,5.09,5.35,5.35,5.09,143330.0,-10.07,5.66,7424.0,0.0,0.0,5104.0,5.09,18.96,1.89,31.72,32.34
sz300509,14.68,14.35,15.2,13.89,23410.0,-4.05,15.3,3382.0,2.0,14.55,92.0,14.68,50.73,3.66,10.93,22.31
sz002256,3.12,3.31,3.34,3.06,383255.0,-8.24,3.4,12159.0,17536.0,3.1,952.0,3.12,-22.53,3.08,38.98,58.73
sz002366,11.22,12.0,12.04,11.22,141857.0,-10.02,12.47,16301.0,0.0,0.0,25890.0,11.22,38.24,3.14,54.86,97.28
sz002343,8.68,9.18,9.43,8.68,91455.0,-9.96,9.64,8250.0,0.0,0.0,7852.0,8.68,-3.51,2.78,34.91,41.23
sh600637,10.33,11.08,11.15,10.22,305502.0,-8.99,11.35,32198.0,5.0,10.31,1199.0,10.33,16.57,1.23,352.72,354.6
sz002167,6.35,6.6,6.69,6.13,184520.0,-6.75,6.81,11802.0,94.0,6.33,679.0,6.35,-7932.34,3.79,39.28,39.43
sz002646,11.12,11.75,11.78,11.1,32803.0,-6.71,11.92,3732.0,294.0,11.11,6.0,11.13,70.23,2.05,50.02,50.04
sz000034,13.8,14.47,14.8,13.8,95870.0,-9.98,15.33,13639.0,0.0,0.0,101.0,13.8,16.8,2.29,67.54,90.26
sz300499,14.31,15.6,15.6,14.31,15565.0,-10.0,15.9,2281.0,0.0,0.0,16.0,14.31,26.47,2.57,11.92,17.74
sz000539,4.26,4.48,4.48,4.21,76500.0,-6.37,4.55,3321.0,579.0,4.25,134.0,4.27,38.68,0.92,108.8,223.66
sz002891,30.72,31.77,31.77,30.45,9420.0,-5.33,32.45,2925.0,13.0,30.7,7.0,30.8,60.62,3.83,16.54,30.72
sh600874,7.76,8.3,8.3,7.69,118564.0,-9.13,8.54,9435.0,106.0,7.75,501.0,7.77,22.83,1.92,84.37,110.75
sz000061,5.22,5.65,5.68,5.14,130493.0,-8.58,5.71,7048.0,2918.0,5.2,316.0,5.22,97.75,1.78,88.5,88.58
sh600361,4.29,4.5,4.58,4.18,113984.0,-6.13,4.57,5033.0,163.0,4.27,527.0,4.29,28.19,1.03,28.56,28.56
sh603329,19.55,20.5,20.5,19.55,26912.0,-9.99,21.72,5353.0,0.0,0.0,5573.0,19.55,70.19,3.49,12.64,25.81
sz002831,46.36,51.0,51.0,46.36,29021.0,-10.0,51.51,14012.0,0.0,0.0,1303.0,46.36,19.31,3.21,55.35,185.44
sz300569,16.49,17.6,17.65,16.49,31035.0,-9.99,18.32,5243.0,0.0,0.0,1561.0,16.49,22.11,1.37,13.95,24.74
sh603663,17.7,18.69,18.69,17.02,10808.0,-6.4,18.91,1935.0,76.0,17.54,23.0,17.7,33.3,4.31,8.79,24.02
sz300558,38.08,39.0,40.15,37.68,31715.0,-5.08,40.12,12264.0,19.0,38.06,108.0,38.08,86.89,6.81,64.51,152.7
sh601918,3.25,3.36,3.38,3.17,347703.0,-5.52,3.44,11436.0,1907.0,3.23,3358.0,3.25,26.86,1.46,84.19,84.19
sz000955,4.64,5.0,5.03,4.64,174376.0,-10.08,5.16,8378.0,0.0,0.0,3143.0,4.64,-26.15,4.04,24.94,24.98
sz300446,25.82,27.88,27.92,25.82,22700.0,-10.0,28.69,6050.0,0.0,0.0,780.0,25.82,30.95,4.89,30.57,31.71
sh601016,2.67,2.82,2.82,2.62,355835.0,-6.97,2.87,9667.0,76.0,2.66,2502.0,2.68,25.66,1.57,110.95,110.95
sz300710,23.39,24.62,25.3,23.27,21743.0,-9.52,25.85,5241.0,19.0,23.38,8.0,23.47,82.78,2.75,7.84,16.05
sz300169,4.74,5.09,5.16,4.69,49014.0,-8.32,5.17,2404.0,521.0,4.73,220.0,4.75,96.33,1.29,12.21,15.45
sz002721,5.71,6.08,6.17,5.69,129947.0,-9.65,6.32,7700.0,1145.0,5.7,127.0,5.72,-35.56,1.03,33.53,47.66
sh600606,7.08,7.25,7.34,7.03,661947.0,-5.22,7.47,47459.0,3762.0,7.06,532.0,7.08,7.01,1.19,861.51,861.51
sh600803,10.61,11.0,11.15,10.61,229008.0,-7.82,11.51,24996.0,388.0,10.6,1086.0,10.62,9.84,1.49,130.43,130.43
sz000882,2.63,2.8,2.82,2.61,295783.0,-8.68,2.88,8068.0,1199.0,2.62,1023.0,2.64,177.32,0.92,65.28,71.99
sh601106,3.15,3.39,3.4,3.11,434775.0,-8.96,3.46,14093.0,5036.0,3.14,808.0,3.16,172.06,1.97,205.95,216.02
sh600736,7.27,7.52,7.73,7.27,314742.0,-10.02,8.08,23455.0,0.0,0.0,11529.0,7.27,13.68,2.27,83.7,83.7
sz000751,3.22,3.32,3.39,3.18,179511.0,-7.2,3.47,5928.0,885.0,3.21,1401.0,3.23,106.58,1.85,45.4,45.4
sz300596,33.45,33.9,35.19,33.33,13435.0,-5.27,35.31,4570.0,92.0,33.41,2.0,33.45,28.57,5.36,40.97,60.21
sz300404,21.19,21.54,22.45,20.57,45624.0,-6.2,22.59,9741.0,646.0,21.18,82.0,21.2,767.16,6.86,17.56,28.38
sz300597,13.57,14.45,14.65,13.57,76323.0,-10.01,15.08,10736.0,0.0,0.0,477.0,13.57,74.03,4.24,18.41,32.57
sz300567,67.95,71.8,73.5,67.95,17197.0,-10.0,75.5,11971.0,0.0,0.0,1275.0,67.95,34.64,8.99,56.86,111.18
sz300705,11.53,12.63,12.63,11.52,37697.0,-9.92,12.8,4483.0,108.0,0.0,9.0,11.53,38.87,3.71,10.97,27.06
sz002176,5.3,5.65,5.65,5.24,466053.0,-8.93,5.82,25360.0,668.0,5.28,161.0,5.3,-4.94,2.51,77.82,90.44
sz002701,4.89,5.13,5.18,4.87,410406.0,-6.68,5.24,20631.0,1006.0,4.87,526.0,4.89,46.29,2.06,115.08,115.17
sz002064,4.81,5.1,5.1,4.73,266348.0,-8.21,5.24,13060.0,1437.0,4.79,568.0,4.81,18.08,2.06,74.85,80.65
sz300197,3.67,3.98,3.98,3.67,336881.0,-10.05,4.08,12780.0,0.0,0.0,891.0,3.67,30.39,1.36,61.14,86.08
sh600647,14.3,14.65,15.15,14.03,13918.0,-5.67,15.16,2010.0,23.0,14.12,29.0,14.3,-69.09,6.62,19.9,19.9
sz300456,24.74,26.04,26.5,24.35,41531.0,-7.82,26.84,10599.0,44.0,24.72,104.0,24.74,83.11,2.72,35.52,83.7
sh600007,14.2,14.43,14.56,14.1,19973.0,-2.67,14.59,2860.0,20.0,14.17,27.0,14.2,17.49,2.0,143.03,143.03
sz300695,54.5,57.55,57.55,53.55,4317.0,-6.66,58.39,2391.0,4.0,54.44,9.0,54.5,18.32,2.07,9.09,36.34
sz300299,5.79,6.13,6.26,5.79,394011.0,-9.95,6.43,23581.0,0.0,0.0,17232.0,5.79,82.49,3.34,35.79,42.06
sz002693,4.53,4.67,4.88,4.44,104895.0,-3.21,4.68,4892.0,258.0,4.51,545.0,4.53,-24.5,3.58,18.27,18.35
sh603589,58.57,62.0,64.0,58.49,64827.0,-9.88,64.99,39298.0,11.0,58.49,784.0,58.57,21.57,5.24,351.42,351.42
sz002599,11.57,10.47,11.57,9.49,59441.0,9.77,10.54,5828.0,404.0,9.9,110.0,11.58,29.87,2.38,23.4,37.55
sz000050,12.7,13.02,13.47,12.65,569700.0,-9.67,14.06,74040.0,3407.0,12.69,789.0,12.71,33.92,0.99,231.12,260.11
sz000973,4.22,4.47,4.55,4.22,306220.0,-10.02,4.69,13245.0,0.0,0.0,2373.0,4.22,36.52,1.77,40.82,40.83
sz300038,10.04,10.78,10.78,10.04,187219.0,-9.96,11.15,19378.0,0.0,0.0,6074.0,10.04,17.52,1.11,68.77,117.65
sz002455,5.58,5.68,5.79,5.33,66221.0,-4.94,5.87,3685.0,69.0,5.56,380.0,5.58,27.2,2.16,19.07,28.85
sz002355,8.98,9.47,9.48,8.98,140637.0,-10.02,9.98,12881.0,0.0,0.0,19591.0,8.98,-21.04,1.99,52.42,56.11
sz300721,18.41,19.77,19.77,18.19,16225.0,-7.9,19.99,3069.0,70.0,18.4,10.0,18.45,50.64,1.7,7.67,14.89
sh600116,8.45,8.6,8.66,8.0,130677.0,-4.2,8.82,10943.0,192.0,8.44,30.0,8.46,39.22,2.91,83.91,83.91
sz002351,5.38,5.73,5.75,5.29,56410.0,-8.5,5.88,3120.0,340.0,5.37,3.0,5.39,54.16,1.77,15.67,32.03
sz300652,19.52,20.92,20.92,19.21,5026.0,-7.84,21.18,1008.0,6.0,19.46,40.0,19.52,21.03,2.31,5.76,17.18
sh600351,6.89,7.35,7.46,6.89,117411.0,-9.93,7.65,8359.0,0.0,0.0,36679.0,6.89,18.39,1.79,53.05,53.05
sh601928,7.86,8.13,8.16,7.79,176858.0,-4.61,8.24,14100.0,617.0,7.85,18.0,7.89,14.49,1.47,200.03,200.03
sh600790,3.84,4.04,4.05,3.77,214126.0,-7.02,4.13,8343.0,1976.0,3.83,307.0,3.85,11.08,1.03,56.29,56.29
sh600208,3.25,3.45,3.48,3.19,663274.0,-8.19,3.54,22043.0,1876.0,3.23,427.0,3.25,11.06,0.81,279.44,279.48
sh600133,5.89,6.4,6.4,5.84,134976.0,-9.24,6.49,8232.0,713.0,5.88,3578.0,5.9,12.57,1.1,40.83,42.75
sz000727,2.12,2.3,2.3,2.12,945812.0,-10.17,2.36,20803.0,0.0,0.0,6096.0,2.12,-9.25,1.01,62.13,96.03
sh603937,10.83,11.36,11.48,10.63,27585.0,-8.3,11.81,3049.0,28.0,10.81,402.0,10.83,19.72,1.68,8.22,22.62
sh603351,50.72,53.81,54.44,49.68,9519.0,-7.71,54.96,4965.0,75.0,50.71,1.0,50.73,27.5,2.84,8.45,33.81
sz000518,3.3,3.52,3.52,3.21,107376.0,-7.04,3.55,3601.0,436.0,3.28,452.0,3.3,-74.19,5.79,33.97,33.98
sz002853,18.14,19.9,19.9,18.14,14953.0,-9.98,20.15,2793.0,0.0,0.0,250.0,18.14,19.55,2.7,9.27,28.18
sz300676,60.28,64.79,64.79,60.28,52463.0,-10.0,66.98,32750.0,0.0,0.0,96.0,60.28,62.79,5.68,147.8,241.18
sh600027,3.84,4.08,4.09,3.78,531938.0,-7.47,4.15,20842.0,6185.0,3.82,597.0,3.84,21.25,0.87,268.64,378.74
sh603890,13.15,13.98,13.98,12.98,25844.0,-7.65,14.24,3477.0,39.0,13.11,75.0,13.15,21.18,1.76,12.73,25.22
sh600939,4.98,5.07,5.22,4.94,92553.0,-6.74,5.34,4697.0,133.0,4.96,353.0,4.98,24.31,1.39,20.4,90.36
sz300305,7.83,8.28,8.28,7.78,20747.0,-5.78,8.31,1671.0,211.0,7.81,121.0,7.85,27.96,1.53,17.92,22.61
sh601579,8.22,8.83,8.83,8.13,40604.0,-7.74,8.91,3425.0,898.0,8.2,235.0,8.22,25.89,1.27,32.88,40.88
sz300758,33.16,35.31,35.87,33.16,32386.0,-9.99,36.84,11116.0,62.0,0.0,12.0,33.17,35.29,3.29,8.85,35.38
sh603002,3.84,4.06,4.06,3.77,110380.0,-7.69,4.16,4339.0,108.0,3.82,1512.0,3.84,69.51,2.12,23.43,23.59
sh600275,3.39,3.5,3.5,3.39,34646.0,-5.04,3.57,1180.0,0.0,0.0,10513.0,3.39,145.06,11.62,17.25,17.25
sh603960,25.35,25.96,26.9,24.79,16364.0,-5.52,26.83,4213.0,4.0,25.18,13.0,25.35,59.92,8.69,17.07,44.56
sz002492,5.39,5.72,5.82,5.37,93691.0,-9.72,5.97,5217.0,380.0,5.38,108.0,5.4,35.01,1.73,21.46,21.83
sh601111,9.18,9.45,9.59,9.14,840036.0,-9.56,10.15,78279.0,217.0,9.14,958.0,9.18,17.94,1.48,867.39,1333.38
sz000628,9.96,10.48,10.54,9.83,52229.0,-7.35,10.75,5334.0,74.0,9.92,283.0,9.96,41.8,3.47,18.72,31.02
sh600997,6.12,6.43,6.45,6.05,201170.0,-6.85,6.57,12597.0,741.0,6.1,67.0,6.12,6.58,0.89,75.56,97.17
sz300213,6.55,6.83,7.02,6.47,110431.0,-8.65,7.17,7452.0,291.0,6.53,1214.0,6.55,31.24,2.02,28.43,38.97
sh601518,2.8,2.95,2.95,2.73,84464.0,-6.35,2.99,2413.0,1337.0,2.78,728.0,2.81,16.44,1.07,33.97,37.81
sz002400,3.27,3.45,3.49,3.23,455606.0,-8.91,3.59,15255.0,368.0,3.26,2310.0,3.28,33.59,1.08,54.76,57.01
sz300087,7.67,7.37,8.52,7.36,74707.0,-1.41,7.78,5916.0,57.0,7.66,120.0,7.68,46.85,4.39,27.0,33.01
sz002296,5.93,6.2,6.39,5.93,83336.0,-10.02,6.59,5130.0,3185.0,0.0,457.0,5.94,74.65,1.56,19.2,22.34
sz300719,9.89,10.54,10.7,9.83,22870.0,-8.34,10.79,2347.0,9.0,9.88,191.0,9.9,46.02,2.68,7.7,25.05
sz002020,12.16,11.68,12.66,11.6,348193.0,1.42,11.99,42228.0,1700.0,12.15,156.0,12.17,21.32,2.46,71.56,88.14
sh603500,11.5,12.18,12.44,11.34,25942.0,-8.73,12.6,3063.0,196.0,11.46,10.0,11.55,21.81,2.35,5.8,20.29
sz000601,4.55,4.73,4.78,4.47,108346.0,-5.21,4.8,5039.0,92.0,4.54,631.0,4.56,15.77,1.06,49.13,49.17
sz000607,4.87,5.16,5.26,4.87,133300.0,-9.98,5.41,6719.0,0.0,0.0,2506.0,4.87,45.68,2.99,43.09,49.56
sh603063,9.25,9.46,9.84,9.05,61478.0,-3.85,9.62,5813.0,3.0,9.24,119.0,9.26,61.44,1.63,23.62,39.86
sz300692,12.06,12.3,12.79,12.0,20802.0,-8.84,13.23,2576.0,26.0,12.03,415.0,12.06,30.88,2.53,11.7,19.3
sz002913,44.06,47.96,47.96,43.93,18709.0,-9.56,48.72,8536.0,101.0,44.01,5.0,44.06,26.98,2.92,15.87,65.2
sz002572,20.17,21.58,21.58,20.06,148861.0,-9.39,22.26,30842.0,62.0,20.15,386.0,20.17,19.34,4.16,128.7,186.26
sz002779,14.67,16.25,16.25,14.63,5808.0,-9.72,16.25,884.0,6.0,14.64,26.0,14.67,237.07,3.03,17.37,19.36
sh603386,13.58,14.59,14.62,13.58,35753.0,-10.01,15.09,5020.0,0.0,0.0,463.0,13.58,38.78,4.08,7.7,27.4
sh603917,11.07,11.8,11.8,10.98,20312.0,-8.36,12.08,2317.0,93.0,11.06,10.0,11.08,17.3,1.87,8.88,17.36
sh600340,29.2,30.5,30.5,28.76,211608.0,-7.07,31.42,62465.0,53.0,29.16,8544.0,29.2,7.06,2.36,862.84,876.76
sz300755,35.37,36.4,37.78,34.27,56760.0,-7.12,38.08,20443.0,8.0,35.36,81.0,35.38,32.44,3.52,20.48,81.9
sh600475,9.76,10.09,10.17,9.69,34396.0,-5.06,10.28,3416.0,78.0,9.74,166.0,9.76,12.67,1.11,13.71,54.6
sh601216,3.31,3.46,3.53,3.28,619691.0,-8.82,3.63,21048.0,3012.0,3.3,1727.0,3.32,12.54,1.63,279.3,279.3
sz300330,7.87,8.3,8.4,7.77,32705.0,-7.08,8.47,2631.0,10.0,7.84,9.0,7.87,-69.43,3.59,13.2,13.22
sz300225,5.45,5.92,5.92,5.45,232871.0,-9.92,6.05,13067.0,15.0,0.0,893.0,5.46,311.59,2.89,25.54,25.63
sz002297,6.73,7.03,7.06,6.58,87127.0,-7.3,7.26,5960.0,29.0,6.72,169.0,6.74,159.51,2.06,31.64,31.72
sz000835,4.36,4.52,4.7,4.36,94851.0,-9.92,4.84,4238.0,0.0,0.0,1686.0,4.36,-3.25,59.32,13.21,14.25
sz300513,22.88,24.8,24.8,22.88,31590.0,-9.99,25.42,7458.0,23.0,0.0,198.0,22.89,29.24,1.69,14.09,39.87
sh600094,6.43,6.58,6.58,6.19,342178.0,-3.45,6.66,21869.0,3.0,6.41,1337.0,6.43,23.69,1.29,146.39,159.16
sz002669,12.54,13.31,13.4,12.54,75309.0,-9.98,13.93,9708.0,0.0,0.0,7492.0,12.54,32.73,1.54,29.46,31.66
sz000848,8.75,8.58,9.13,8.5,301461.0,3.18,8.48,26495.0,648.0,8.74,173.0,8.76,20.56,3.99,85.61,85.62
sz002040,10.39,10.72,10.94,10.39,76053.0,-9.97,11.54,8082.0,0.0,0.0,11954.0,10.39,23.65,1.49,31.87,38.68
sh601872,4.37,4.55,4.68,4.37,247534.0,-10.08,4.86,10951.0,0.0,0.0,50532.0,4.37,20.42,1.31,206.3,265.11
sz002412,18.23,19.0,19.0,18.02,32305.0,-3.29,18.85,5981.0,9.0,18.22,47.0,18.25,35.65,3.84,52.47,53.96
sh600551,9.11,9.58,9.62,9.04,24625.0,-6.37,9.73,2310.0,65.0,9.1,35.0,9.12,13.97,1.01,46.08,46.08
sz300401,13.35,14.0,14.27,13.14,146133.0,-8.56,14.6,19952.0,296.0,13.28,158.0,13.35,20.33,3.78,61.28,63.98
sh601006,8.27,8.4,8.4,8.12,678629.0,-2.93,8.52,56064.0,187.0,8.25,658.0,8.27,8.55,1.11,1229.48,1229.48
sz000726,10.39,10.2,10.39,9.95,69369.0,0.39,10.35,7049.0,30.0,10.34,419.0,10.39,10.52,1.31,58.3,89.16
sh601366,6.27,6.58,6.58,6.17,81868.0,-6.56,6.71,5239.0,511.0,6.25,236.0,6.27,38.12,1.16,29.78,53.95
sz002457,8.31,8.9,8.9,8.31,99504.0,-9.18,9.15,8543.0,576.0,8.3,227.0,8.32,32.5,1.54,27.79,27.84
sz002080,11.63,11.52,12.14,11.3,101388.0,-4.67,12.2,11863.0,23.0,11.62,249.0,11.65,15.0,1.53,124.43,150.13
sz300691,26.23,27.38,27.5,25.71,12544.0,-6.59,28.08,3328.0,8.0,26.06,13.0,26.23,47.56,4.17,15.95,36.95
sh603991,18.92,20.01,20.25,18.7,10095.0,-8.95,20.78,1938.0,9.0,18.71,13.0,18.92,40.25,2.85,7.77,14.1
sh603116,7.43,7.87,7.87,7.35,35173.0,-6.54,7.95,2675.0,109.0,7.42,331.0,7.44,24.59,1.22,42.52,43.49
sz002935,44.96,47.0,47.5,44.1,19476.0,-8.24,49.0,8862.0,15.0,44.94,26.0,44.96,48.61,4.11,11.99,47.96
sh601377,6.13,6.45,6.6,6.07,1157714.0,-9.05,6.74,72703.0,653.0,6.11,1771.0,6.13,53.44,1.21,410.51,410.51
sh603926,15.2,16.2,16.54,15.01,9705.0,-8.16,16.55,1531.0,17.0,15.18,75.0,15.2,22.51,1.65,9.89,18.77
sz002613,2.83,3.03,3.07,2.81,60270.0,-7.82,3.07,1754.0,425.0,2.82,271.0,2.84,-49.51,1.81,14.71,26.52
sz300192,8.31,8.95,8.99,8.31,47198.0,-9.97,9.23,4045.0,0.0,0.0,1132.0,8.31,60.8,2.68,13.85,20.16
sz300227,10.41,10.79,11.03,10.3,51186.0,-6.05,11.08,5433.0,315.0,10.39,703.0,10.41,34.99,3.0,15.68,23.16
sz002542,4.79,4.79,5.01,4.69,173917.0,-2.84,4.93,8419.0,241.0,4.77,1290.0,4.79,39.35,2.31,55.58,86.75
sz000738,13.3,13.97,13.97,13.14,97293.0,-6.21,14.18,13215.0,2.0,13.28,732.0,13.3,56.76,2.81,152.37,152.37
sh601766,8.16,8.5,8.52,8.11,946187.0,-5.56,8.64,78480.0,2133.0,8.15,4263.0,8.17,19.82,1.8,1870.08,2341.83
sh601619,4.45,4.81,4.82,4.45,118124.0,-9.92,4.94,5409.0,0.0,0.0,362.0,4.45,32.42,3.19,22.42,86.02
sh600722,5.71,5.88,6.04,5.6,134988.0,-7.61,6.18,7873.0,284.0,5.7,88.0,5.72,65.01,3.96,38.85,38.85
sh600619,8.97,9.58,9.73,8.9,47757.0,-9.3,9.89,4423.0,23.0,8.96,466.0,8.98,24.73,1.74,52.22,77.71
sz300278,6.12,6.57,6.68,6.12,109361.0,-10.0,6.8,6972.0,0.0,0.0,3164.0,6.12,-123.53,2.18,16.41,36.63
sz002389,11.14,11.99,11.99,11.14,104007.0,-10.02,12.38,11871.0,0.0,0.0,591.0,11.14,45.02,1.69,65.32,105.39
sh600250,7.47,7.76,7.88,7.33,24667.0,-7.2,8.05,1880.0,202.0,7.46,80.0,7.48,10.53,3.13,19.32,19.32
sh603680,15.64,16.36,16.74,15.63,21831.0,-9.96,17.37,3521.0,132.0,0.0,108.0,15.64,21.65,2.47,28.85,95.19
sh600018,7.3,7.26,7.53,7.26,1251310.0,-9.54,8.07,91388.0,47.0,7.28,2525.0,7.3,16.04,2.12,1691.68,1691.68
sh601117,5.74,6.0,6.07,5.64,459961.0,-7.57,6.21,26994.0,354.0,5.72,2610.0,5.74,13.14,0.93,283.15,283.15
sz300165,5.08,5.53,5.53,5.04,140777.0,-9.29,5.6,7321.0,1579.0,5.06,1024.0,5.08,74.42,1.44,16.06,23.46
sz300479,14.0,15.15,15.15,14.0,39121.0,-10.03,15.56,5654.0,0.0,0.0,756.0,14.0,210.36,3.91,22.4,23.7
sz300150,4.59,4.84,4.91,4.52,73793.0,-7.83,4.98,3483.0,167.0,4.57,314.0,4.59,39.6,1.34,21.17,26.86
sz002819,21.45,23.3,23.3,21.39,7058.0,-9.34,23.66,1575.0,19.0,21.43,41.0,21.5,54.04,5.41,9.51,25.98
sz002123,10.65,11.0,11.24,10.65,119200.0,-9.97,11.83,12831.0,0.0,0.0,27808.0,10.65,90.29,1.9,66.35,86.33
sz300491,14.25,15.3,15.3,14.02,20547.0,-8.48,15.57,3006.0,58.0,14.24,28.0,14.26,-173.8,3.56,16.89,22.98
sz002483,4.06,4.24,4.27,3.94,75577.0,-6.88,4.36,3114.0,369.0,4.04,472.0,4.06,44.2,1.07,27.25,27.3
sz300703,14.19,14.82,15.48,14.06,24002.0,-9.1,15.61,3513.0,1.0,14.18,9.0,14.2,18.83,2.63,10.96,17.03
sh600527,2.34,2.45,2.47,2.27,280381.0,-6.4,2.5,6685.0,390.0,2.32,227.0,2.34,41.26,1.39,28.15,33.77
sz002603,11.77,12.2,12.23,11.56,83577.0,-5.84,12.5,9932.0,673.0,11.75,80.0,11.78,24.61,1.82,116.42,141.98
sz002111,12.07,12.83,13.08,11.86,46619.0,-8.14,13.14,5811.0,34.0,12.05,92.0,12.08,19.01,1.64,40.79,46.09
sh600215,7.49,7.98,7.98,7.38,48845.0,-7.99,8.14,3771.0,266.0,7.47,93.0,7.49,23.4,1.35,34.83,34.83
sz000962,6.84,7.32,7.37,6.77,87781.0,-9.04,7.52,6181.0,293.0,6.82,549.0,6.84,48.74,2.67,30.15,30.15
sh601128,7.93,7.96,8.39,7.69,562482.0,-2.82,8.16,45024.0,690.0,7.92,25.0,7.94,12.73,1.38,101.79,198.97
sz300483,34.77,36.0,36.89,33.85,7702.0,-6.26,37.09,2735.0,251.0,34.6,24.0,34.93,92.06,2.34,17.54,35.45
sh600185,4.54,4.95,4.96,4.53,98242.0,-9.74,5.03,4615.0,1490.0,4.53,314.0,4.55,17.75,1.18,93.53,93.53
sz300427,14.72,15.89,15.89,14.72,42381.0,-9.97,16.35,6329.0,0.0,0.0,6155.0,14.72,22.83,2.59,36.28,52.75
sh600770,5.67,6.18,6.18,5.67,239680.0,-10.0,6.3,14089.0,557.0,0.0,1850.0,5.68,100.3,2.16,73.71,73.71
sz300117,4.0,4.27,4.27,3.97,90764.0,-9.3,4.41,3718.0,370.0,3.98,234.0,4.0,45.53,2.06,28.57,28.67
sz000632,4.54,4.89,4.89,4.54,73532.0,-9.92,5.04,3442.0,0.0,0.0,5678.0,4.54,62.52,1.61,21.13,21.13
sh600316,13.62,14.65,14.65,13.62,162810.0,-9.98,15.13,22756.0,0.0,0.0,14722.0,13.62,80.25,2.02,97.67,97.67
sz300626,7.62,8.08,8.08,7.51,33941.0,-7.07,8.2,2657.0,250.0,7.61,60.0,7.63,35.26,2.61,7.13,13.72
sz002200,7.19,7.3,7.43,7.19,20878.0,-5.02,7.57,1521.0,0.0,0.0,5028.0,7.19,-6.34,7.98,9.46,13.24
sz300644,26.21,27.29,28.0,26.0,9987.0,-7.68,28.39,2693.0,31.0,26.2,15.0,26.22,72.19,2.42,8.79,16.77
sh600830,5.77,6.11,6.18,5.71,89046.0,-8.56,6.31,5297.0,255.0,5.76,393.0,5.78,119.83,1.26,26.21,26.21
sz002863,5.84,6.15,6.27,5.75,35304.0,-7.45,6.31,2124.0,227.0,5.83,614.0,5.85,37.2,2.29,10.85,21.99
sz002392,3.63,3.75,3.75,3.57,111046.0,-4.22,3.79,4059.0,1144.0,3.61,894.0,3.63,12.22,1.23,29.37,43.21
sh600723,6.77,6.81,6.9,6.68,40695.0,-2.59,6.95,2768.0,194.0,6.76,171.0,6.78,11.87,1.09,44.55,44.57
sh600486,52.0,54.12,54.12,50.61,42106.0,-7.52,56.23,22226.0,86.0,51.98,42.0,52.01,16.99,3.25,161.15,161.15
sh600332,43.11,43.7,44.8,42.51,288167.0,-5.23,45.49,125547.0,174.0,43.1,3.0,43.14,17.78,3.04,461.79,700.88
sh603790,26.0,24.47,26.5,24.0,87220.0,2.85,25.28,22233.0,1.0,25.98,138.0,26.0,26.76,3.51,9.57,38.27
sz002658,7.71,8.02,8.03,7.6,29251.0,-6.2,8.22,2289.0,70.0,7.69,310.0,7.71,25.55,2.34,23.5,46.64
sh603077,1.77,1.88,1.88,1.73,789358.0,-6.84,1.9,14234.0,6162.0,1.75,4560.0,1.77,36.66,1.45,156.31,156.31
sh600006,5.13,5.45,5.48,5.13,419413.0,-10.0,5.7,22039.0,0.0,0.0,16970.0,5.13,18.99,1.41,102.6,102.6
sz002187,8.48,8.71,8.76,8.36,27258.0,-4.4,8.87,2338.0,84.0,8.47,91.0,8.49,14.41,1.04,29.04,29.04
sz002211,5.24,5.4,5.66,5.16,121706.0,-8.23,5.71,6566.0,73.0,5.22,45.0,5.24,267.96,2.84,22.66,22.66
sz000011,10.08,10.5,10.51,9.9,60771.0,-6.67,10.8,6228.0,162.0,10.06,49.0,10.08,9.73,1.76,17.73,60.07
sh600719,5.19,5.65,5.74,5.15,63317.0,-9.27,5.72,3439.0,295.0,5.17,28.0,5.19,93.35,2.62,21.0,21.0
sh600090,5.24,5.62,5.62,5.16,151637.0,-8.39,5.72,8170.0,43.0,5.23,212.0,5.25,14.11,1.22,36.82,75.44
sz000631,3.04,3.15,3.16,3.01,112639.0,-4.4,3.18,3469.0,10.0,3.02,1915.0,3.04,8.69,1.12,73.95,73.95
sz300610,13.18,13.0,13.52,12.04,16664.0,-1.35,13.36,2117.0,21.0,13.0,2.0,13.19,22.35,2.57,6.56,19.86
sz000975,9.56,10.2,10.39,9.28,210531.0,-6.09,10.18,20855.0,15.0,9.53,622.0,9.56,26.46,2.23,117.46,189.61
sz002162,3.44,3.78,3.78,3.44,134935.0,-9.95,3.82,4758.0,0.0,0.0,2764.0,3.44,101.71,3.17,29.34,29.37
sz300295,12.95,13.6,13.75,12.63,54145.0,-7.7,14.03,7166.0,99.0,12.94,77.0,12.96,27.01,2.08,22.97,24.99
sz300748,18.97,20.47,20.47,18.97,33394.0,-10.01,21.08,6541.0,0.0,0.0,808.0,18.97,52.53,7.17,7.89,78.43
sh601155,37.5,38.54,39.2,36.7,183399.0,-5.35,39.62,69690.0,7.0,37.48,173.0,37.5,8.19,2.85,842.24,846.27
sh603196,8.24,8.78,8.78,8.14,28945.0,-7.93,8.95,2431.0,40.0,8.22,64.0,8.24,74.98,2.08,5.39,19.78
sz002947,33.37,35.43,35.84,33.37,23646.0,-10.01,37.08,8111.0,0.0,0.0,205.0,33.37,29.79,3.68,10.14,40.55
sh600827,9.8,10.0,10.13,9.56,88618.0,-4.2,10.23,8779.0,99.0,9.79,227.0,9.81,19.61,0.99,151.19,174.85
sz300217,2.9,3.1,3.1,2.88,415804.0,-9.37,3.2,12415.0,567.0,2.89,1516.0,2.91,24.04,1.81,25.49,36.93
sh603716,17.52,18.5,18.72,17.29,53156.0,-8.8,19.21,9511.0,24.0,17.5,157.0,17.52,37.03,2.35,16.84,35.94
sz300439,14.48,15.02,15.02,14.25,30906.0,-6.16,15.43,4507.0,34.0,14.45,30.0,14.48,20.74,2.59,28.99,50.16
sz300466,6.37,6.8,6.8,6.37,84109.0,-10.03,7.08,5420.0,0.0,0.0,9575.0,6.37,-19.35,2.89,18.7,35.21
sz300584,23.36,25.13,25.13,23.28,14268.0,-7.08,25.14,3442.0,8.0,23.35,21.0,23.37,31.67,4.64,11.07,28.03
sh600791,4.16,4.45,4.45,4.13,53138.0,-7.96,4.52,2271.0,35.0,4.14,57.0,4.16,35.82,1.13,18.82,18.84
sh603729,16.86,18.31,18.35,16.86,29136.0,-9.98,18.73,5092.0,0.0,0.0,1468.0,16.86,-2615.44,1.84,15.74,15.74
sh603058,8.99,9.45,9.45,8.91,36669.0,-7.22,9.69,3355.0,14.0,8.97,33.0,8.99,37.72,4.07,20.1,37.67
sh600337,4.66,5.02,5.02,4.65,277979.0,-9.86,5.17,13373.0,8854.0,0.0,428.0,4.66,18.18,1.76,80.54,82.72
sz002666,4.75,5.0,5.07,4.65,228604.0,-8.12,5.17,11134.0,446.0,4.73,175.0,4.75,24.66,1.2,21.03,35.83
sh603626,8.73,9.5,9.5,8.73,49176.0,-10.0,9.7,4474.0,0.0,0.0,2294.0,8.73,42.23,2.03,13.8,36.28
sz300044,6.99,7.6,7.6,6.99,181060.0,-10.04,7.77,13105.0,0.0,0.0,181.0,6.99,55.0,2.28,37.12,54.36
sz000797,4.72,5.08,5.15,4.66,112725.0,-8.88,5.18,5526.0,341.0,4.7,402.0,4.72,19.79,1.22,61.33,61.83
sz300736,17.31,17.8,17.8,17.11,16749.0,-4.63,18.15,2918.0,10.0,17.27,56.0,17.31,118.37,3.55,8.7,14.14
sh603069,6.58,6.96,7.1,6.51,28342.0,-7.97,7.15,1916.0,118.0,6.56,326.0,6.58,35.29,1.84,11.44,20.79
sz300160,3.55,3.83,3.83,3.51,146406.0,-8.97,3.9,5308.0,368.0,3.54,748.0,3.56,-9.02,2.33,20.4,21.05
sh603088,12.93,14.15,14.15,12.88,20384.0,-9.64,14.31,2740.0,25.0,12.9,8.0,12.93,32.82,2.72,14.48,14.48
sz002446,9.97,10.48,10.48,9.97,404108.0,-10.02,11.08,40902.0,0.0,0.0,28503.0,9.97,68.59,2.49,59.44,88.01
sh600069,3.03,3.18,3.18,2.96,170023.0,-7.06,3.26,5196.0,2716.0,3.02,676.0,3.04,-34.87,2.49,49.2,49.2
sh603855,8.65,9.08,9.08,8.57,18886.0,-5.26,9.13,1660.0,45.0,8.63,163.0,8.65,17.31,1.94,17.43,28.64
sz002486,3.61,3.86,3.86,3.54,120312.0,-7.91,3.92,4470.0,1017.0,3.59,141.0,3.61,75.26,3.16,30.04,30.04
sz002402,8.82,9.21,9.47,8.82,268572.0,-10.0,9.8,24261.0,0.0,0.0,1840.0,8.82,32.35,4.55,64.7,75.45
sh601886,8.24,9.0,9.02,8.24,100277.0,-9.95,9.15,8623.0,0.0,0.0,2050.0,8.24,15.14,1.22,95.09,95.09
sz300643,8.31,9.01,9.01,8.24,25350.0,-9.18,9.15,2158.0,64.0,8.3,50.0,8.32,50.56,3.92,5.68,16.62
sh600108,3.14,3.23,3.43,3.06,526046.0,-3.98,3.27,17188.0,379.0,3.13,6301.0,3.15,69.47,1.26,61.13,61.13
sh600779,45.35,49.0,49.0,45.35,76018.0,-10.0,50.39,35240.0,0.0,0.0,580.0,45.35,34.45,10.68,221.56,221.56
sh600844,3.54,3.79,3.79,3.54,98637.0,-9.92,3.93,3593.0,0.0,0.0,1610.0,3.54,-50.61,1.75,29.12,35.98
sz300530,38.45,38.99,39.0,37.37,3641.0,-2.19,39.31,1382.0,31.0,38.39,44.0,38.45,50.12,5.08,8.1,27.07
sz300019,6.63,7.01,7.2,6.55,40013.0,-8.04,7.21,2739.0,464.0,6.61,178.0,6.63,27.19,2.84,17.98,21.94
sh603308,9.05,9.7,9.7,8.97,43240.0,-8.12,9.85,4027.0,250.0,9.03,24.0,9.05,50.34,1.35,36.2,39.25
sz300035,5.4,5.72,5.77,5.37,124136.0,-8.63,5.91,6901.0,1109.0,5.39,180.0,5.41,19.48,2.23,21.96,28.93
sz300262,7.7,8.07,8.22,7.7,88492.0,-9.94,8.55,6929.0,0.0,0.0,9503.0,7.7,42.99,2.22,35.11,51.6
sz300688,35.05,36.1,37.5,34.7,11855.0,-8.2,38.18,4264.0,31.0,35.04,10.0,35.07,125.13,6.29,12.81,23.83
sz002312,3.59,3.8,3.87,3.56,311535.0,-9.11,3.95,11564.0,1604.0,3.58,580.0,3.6,-29.71,1.55,35.45,49.47
sz300333,8.3,8.9,9.05,8.3,150283.0,-9.98,9.22,12959.0,0.0,0.0,2851.0,8.3,229.96,3.36,27.46,27.89
sh600696,6.53,6.6,6.66,6.49,48169.0,-1.06,6.6,3167.0,44.0,6.51,1753.0,6.53,144.66,7.44,22.24,22.24
sh600409,6.13,6.34,6.4,6.04,302224.0,-7.12,6.6,18867.0,1025.0,6.11,87.0,6.13,9.44,1.13,124.89,126.54
sz300364,4.8,5.03,5.11,4.75,192993.0,-9.09,5.28,9451.0,220.0,4.78,2265.0,4.8,-2.38,1.75,25.76,37.06
sz300460,8.02,8.39,8.46,7.95,19207.0,-6.64,8.59,1572.0,41.0,8.0,5.0,8.02,-36.29,2.1,13.5,13.5
sz002715,16.08,17.5,17.5,16.08,12894.0,-10.02,17.87,2160.0,74.0,0.0,19.0,16.19,373.33,3.06,13.34,14.79
sh600857,8.87,9.17,9.28,8.77,15038.0,-4.52,9.29,1343.0,20.0,8.83,97.0,8.87,53.12,3.04,19.9,19.9
sz000908,4.85,5.2,5.2,4.79,96797.0,-8.66,5.31,4820.0,62.0,4.83,138.0,4.85,22.35,1.71,34.28,42.67
sh603393,37.47,38.67,38.67,36.98,17611.0,-4.41,39.2,6660.0,10.0,37.46,39.0,37.49,17.73,2.57,32.09,59.95
sh601222,4.83,5.18,5.18,4.79,249344.0,-9.21,5.32,12387.0,978.0,4.82,121.0,4.84,11.09,0.9,84.47,85.25
sz300243,8.39,9.05,9.1,8.38,24389.0,-9.88,9.31,2120.0,39.0,8.38,12.0,8.44,18.84,2.83,14.13,17.72
sz002615,5.39,5.83,5.83,5.39,41709.0,-10.02,5.99,2309.0,0.0,0.0,121.0,5.39,22.07,2.65,12.35,22.12
sz002324,11.94,11.7,12.02,11.51,38487.0,-0.33,11.98,4522.0,18.0,11.93,13.0,11.96,96.24,2.07,28.18,48.51
sz000965,3.74,3.88,3.92,3.7,124530.0,-6.5,4.0,4752.0,944.0,3.73,301.0,3.75,-26.21,0.8,41.51,41.51
sh601228,4.31,4.45,4.52,4.23,176783.0,-7.71,4.67,7726.0,484.0,4.29,188.0,4.31,36.88,2.08,62.2,266.93
sz002166,8.58,8.2,9.08,8.08,374700.0,-1.15,8.68,32654.0,881.0,8.57,714.0,8.59,65.46,3.05,48.5,48.5
sz300137,8.43,9.2,9.2,8.42,132871.0,-9.84,9.35,11563.0,105.0,8.42,227.0,8.44,17.61,2.55,39.71,46.45
sh601500,6.98,7.19,7.3,6.9,20480.0,-5.03,7.35,1442.0,11.0,6.96,281.0,6.98,40.98,1.68,12.21,60.89
sh601099,3.61,3.82,3.89,3.61,2629979.0,-9.98,4.01,97551.0,0.0,0.0,69521.0,3.61,-25.3,2.4,246.07,246.07
sz300590,35.55,37.49,37.76,35.55,25774.0,-10.0,39.5,9333.0,0.0,0.0,9847.0,35.55,39.36,6.43,34.48,57.41
sz300374,9.05,9.9,9.9,9.05,25468.0,-9.95,10.05,2374.0,0.0,0.0,2298.0,9.05,36.14,1.5,14.9,22.26
sz300131,5.43,5.99,5.99,5.43,186478.0,-9.95,6.03,10362.0,0.0,0.0,2652.0,5.43,39.0,3.31,42.78,58.08
sz002880,42.55,45.85,45.85,42.15,8535.0,-8.08,46.29,3722.0,6.0,42.43,29.0,42.55,28.92,3.45,11.49,45.95
sh603301,31.46,33.0,33.64,31.03,9794.0,-8.15,34.25,3184.0,27.0,31.41,35.0,31.46,22.11,2.73,12.25,31.46
sh600744,3.08,3.31,3.31,3.04,108202.0,-8.33,3.36,3417.0,2193.0,3.06,356.0,3.08,103.57,1.78,25.49,54.86
sh603466,15.73,16.85,16.97,15.73,44581.0,-10.01,17.48,7229.0,119.0,0.0,21.0,15.74,21.2,3.1,13.84,45.92
sh600166,2.42,2.58,2.58,2.42,2267027.0,-10.04,2.69,56202.0,0.0,0.0,47300.0,2.42,-5.58,1.06,161.42,161.42
sh603938,18.17,19.25,19.59,18.17,22359.0,-10.0,20.19,4207.0,215.0,0.0,27.0,18.18,27.92,2.51,9.23,27.29
sh600188,10.77,11.0,11.04,10.5,323188.0,-5.94,11.45,35037.0,178.0,10.75,60.0,10.77,6.62,0.99,318.78,529.02
sz002551,5.46,5.46,5.59,5.46,139964.0,-10.05,6.07,7666.0,0.0,0.0,12577.0,5.46,52.68,1.64,24.23,38.54
sz002226,5.46,5.78,5.88,5.46,171461.0,-10.05,6.07,9671.0,19.0,0.0,1522.0,5.47,24.39,1.21,52.32,68.19
sz002491,7.89,8.48,8.48,7.89,227475.0,-10.03,8.77,18430.0,0.0,0.0,6473.0,7.89,22.93,1.93,92.83,99.54
sh603999,5.48,5.77,5.94,5.48,63949.0,-10.02,6.09,3606.0,0.0,0.0,320.0,5.48,72.04,1.87,31.56,31.56
sz002518,9.14,9.58,9.87,9.14,81855.0,-9.95,10.15,7762.0,0.0,0.0,2108.0,9.14,22.99,2.16,51.15,53.24
sh600812,4.41,4.65,4.65,4.35,89867.0,-7.16,4.75,4067.0,371.0,4.4,517.0,4.42,46.4,1.31,71.92,71.92
sz300715,21.34,22.0,22.52,20.79,9011.0,-7.62,23.1,1959.0,43.0,21.31,26.0,21.35,39.06,6.22,8.26,28.07
sh603826,16.05,16.0,16.65,15.58,55061.0,-1.83,16.35,8884.0,114.0,16.0,30.0,16.06,42.07,5.82,30.41,75.11
sz000877,9.81,10.4,10.57,9.81,350684.0,-10.0,10.9,35494.0,3127.0,0.0,111.0,9.82,7.23,1.2,86.34,102.88
sz002041,6.33,6.3,6.75,6.14,268199.0,3.09,6.14,17258.0,1242.0,6.31,278.0,6.33,313.76,1.99,55.32,55.7
sh600054,9.48,10.1,10.12,9.39,70359.0,-7.51,10.25,6830.0,53.0,9.46,18.0,9.48,13.41,1.66,48.66,70.84
sz000902,9.77,10.0,10.09,9.65,95100.0,-4.68,10.25,9405.0,98.0,9.72,28.0,9.77,14.53,1.96,114.59,127.45
sh601003,6.37,6.69,6.69,6.23,205790.0,-6.87,6.84,13291.0,358.0,6.36,288.0,6.38,4.14,1.5,163.25,163.25
sz300240,7.39,7.79,7.87,7.39,67281.0,-9.99,8.21,5078.0,0.0,0.0,2261.0,7.39,465.1,2.51,26.98,27.01
sz300707,13.75,14.51,14.78,13.56,20245.0,-8.76,15.07,2867.0,30.0,13.68,22.0,13.77,34.01,3.39,10.61,21.61
sh600017,3.14,3.34,3.36,3.1,369172.0,-8.45,3.43,11839.0,2439.0,3.12,1835.0,3.14,13.66,0.84,96.58,96.58
sh601567,6.53,6.78,6.78,6.42,88227.0,-4.95,6.87,5822.0,106.0,6.51,119.0,6.53,14.28,1.19,90.54,90.54
sz000933,4.34,4.6,4.66,4.34,499032.0,-9.96,4.82,22309.0,0.0,0.0,3825.0,4.34,36.67,1.34,82.48,82.48
sz300230,5.03,5.31,5.34,5.0,126174.0,-8.71,5.51,6536.0,162.0,5.02,296.0,5.05,10.47,1.32,27.31,41.06
sz002056,6.3,6.76,6.76,6.2,287584.0,-8.56,6.89,18565.0,268.0,6.29,960.0,6.31,14.97,2.17,103.47,103.55
sz300696,22.85,24.5,24.9,22.6,13623.0,-7.9,24.81,3209.0,45.0,22.84,71.0,22.87,32.16,3.46,11.24,26.78
sz300732,30.8,32.81,32.81,30.19,16949.0,-6.95,33.1,5330.0,1.0,30.75,137.0,30.8,13.92,1.98,25.97,42.21
sh600889,5.02,5.3,5.4,5.0,40635.0,-9.06,5.52,2114.0,1314.0,5.0,4.0,5.02,68.78,1.21,16.97,18.39
sz300384,15.53,16.86,16.86,15.53,62649.0,-9.97,17.25,10093.0,0.0,0.0,3270.0,15.53,41.23,2.93,28.24,49.37
sz000982,1.97,2.0,2.0,1.97,127019.0,-4.83,2.07,2508.0,0.0,0.0,30314.0,1.97,-1.17,-2.73,35.56,35.56
sz000548,4.47,4.75,4.75,4.4,72711.0,-7.45,4.83,3320.0,14.0,4.46,539.0,4.48,50.27,1.34,22.31,22.31
sh603496,27.96,28.5,30.4,27.96,19519.0,-10.01,31.07,5586.0,0.0,0.0,1932.0,27.96,35.84,5.1,21.27,39.91
sh603331,15.5,16.15,16.48,15.34,13460.0,-6.46,16.57,2136.0,1.0,15.48,15.0,15.5,26.62,2.7,4.93,20.03
sh600865,6.22,6.87,6.87,6.22,69014.0,-9.99,6.91,4416.0,389.0,0.0,30.0,6.27,16.4,1.28,23.4,23.4
sz300541,14.36,15.3,15.48,14.33,25118.0,-9.8,15.92,3740.0,81.0,14.34,99.0,14.36,46.82,3.3,10.87,26.02
sh603667,8.23,8.99,8.99,8.2,23703.0,-8.56,9.0,2014.0,42.0,8.21,219.0,8.23,23.01,1.41,9.34,24.06
sz300159,5.03,5.47,5.47,5.01,195146.0,-9.21,5.54,10096.0,1046.0,5.02,415.0,5.04,38.11,1.19,52.39,74.97
sz300689,28.0,29.7,29.7,27.61,7451.0,-6.01,29.79,2134.0,75.0,27.93,10.0,28.01,37.19,3.29,5.33,19.04
sz000881,8.2,8.74,8.74,8.12,84182.0,-9.09,9.02,7090.0,141.0,8.18,101.0,8.2,27.01,1.49,25.26,84.05
sz002427,17.15,17.47,17.8,16.76,35054.0,-1.15,17.35,6089.0,81.0,17.12,379.0,17.17,-6.45,9.09,65.97,68.28
sh601718,3.79,4.08,4.08,3.75,339119.0,-9.11,4.17,13255.0,3653.0,3.77,184.0,3.79,-80.63,0.92,166.44,166.44
sh600237,3.78,3.99,4.06,3.75,156164.0,-9.35,4.17,6081.0,839.0,3.76,659.0,3.78,-272.53,1.73,21.33,21.33
sh603038,17.92,19.0,19.35,17.68,9653.0,-8.01,19.48,1768.0,7.0,17.89,9.0,17.92,19.63,1.65,6.74,16.84
sh603128,9.41,9.56,9.59,9.41,113642.0,-9.95,10.45,10758.0,0.0,0.0,128344.0,9.41,30.32,2.44,91.72,95.23
sz000560,5.64,6.1,6.1,5.64,180258.0,-10.05,6.27,10529.0,0.0,0.0,12261.0,5.64,19.24,1.38,96.33,132.85
sh600317,2.6,2.76,2.76,2.52,138044.0,-6.81,2.79,3643.0,428.0,2.58,353.0,2.6,15.28,1.41,168.3,168.3
sh600169,2.59,2.75,2.75,2.55,240091.0,-7.17,2.79,6368.0,1084.0,2.58,8031.0,2.6,139.82,1.59,66.41,66.41
sz300565,12.84,13.66,14.01,12.59,43971.0,-8.15,13.98,5819.0,138.0,12.81,135.0,12.84,-271.03,3.65,9.22,26.71
sz300185,1.94,2.06,2.06,1.9,507831.0,-7.62,2.1,10088.0,8373.0,1.92,6642.0,1.94,28.91,1.22,53.18,63.39
sz002899,12.9,13.83,13.83,12.75,17617.0,-7.86,14.0,2336.0,136.0,12.88,711.0,12.9,26.23,1.54,10.23,15.48
sz002425,6.56,6.8,7.03,6.48,237656.0,-6.29,7.0,16119.0,229.0,6.55,232.0,6.57,15.84,1.32,52.77,53.38
sh603336,17.72,17.72,17.72,17.72,58388.0,9.99,16.11,10347.0,24107.0,17.71,0.0,0.0,47.27,3.7,12.17,30.72
sz000680,3.79,4.01,4.09,3.79,336114.0,-9.98,4.21,13191.0,15916.0,0.0,709.0,3.8,58.08,1.38,40.06,47.03
sz002139,5.77,6.05,6.1,5.69,261751.0,-8.7,6.32,15316.0,56.0,5.76,736.0,5.78,25.38,2.65,46.2,58.8
sh603725,10.3,10.82,11.14,10.22,18065.0,-8.36,11.24,1927.0,97.0,10.27,94.0,10.3,43.81,1.85,9.68,15.11
sz000950,5.7,6.1,6.13,5.7,128415.0,-9.95,6.33,7564.0,0.0,0.0,6476.0,5.7,14.39,1.32,40.53,98.51
sz002864,27.85,29.86,29.86,27.54,14406.0,-7.93,30.25,4109.0,60.0,27.84,4.0,27.99,36.0,3.87,12.51,24.14
sh600976,16.76,18.17,18.17,16.48,29532.0,-8.47,18.31,5028.0,48.0,16.72,38.0,16.76,32.4,2.2,25.69,25.71
sz002724,5.86,6.13,6.19,5.82,25385.0,-7.57,6.34,1525.0,44.0,5.84,38.0,5.86,21.85,2.2,19.45,42.19
sh601566,13.35,13.89,13.89,13.24,46628.0,-5.32,14.1,6317.0,92.0,13.34,163.0,13.36,12.55,1.63,76.71,76.71
sh603385,9.21,9.61,9.7,9.02,34633.0,-6.78,9.88,3245.0,31.0,9.19,94.0,9.21,13.76,1.07,24.29,34.02
sz002639,10.8,11.0,11.27,10.8,301834.0,-10.0,12.0,32916.0,0.0,0.0,105105.0,10.8,463.73,3.22,55.77,72.8
sh600150,21.0,22.05,22.22,21.0,311912.0,-9.99,23.33,66993.0,0.0,0.0,31356.0,21.0,68.75,1.91,289.4,289.4
sz000667,2.72,2.78,2.79,2.7,306585.0,-3.89,2.83,8359.0,111.0,2.71,2859.0,2.73,26.83,0.99,69.09,69.62
sz000636,12.11,12.7,12.7,12.11,449412.0,-9.96,13.45,55157.0,0.0,0.0,22397.0,12.11,10.25,1.92,108.41,108.41
sz300095,5.19,5.63,5.63,5.15,48929.0,-8.47,5.67,2607.0,2124.0,5.17,452.0,5.19,-19.58,1.7,12.08,19.66
sh600289,3.37,3.39,3.39,3.37,83696.0,-5.07,3.55,2824.0,0.0,0.0,32959.0,3.37,-1.52,-2.62,19.07,21.27
sh601808,9.17,9.59,9.67,9.08,113733.0,-7.84,9.95,10605.0,116.0,9.16,164.0,9.18,58.12,1.27,271.47,437.55
sz300410,17.54,18.17,18.67,17.3,30417.0,-8.74,19.22,5473.0,45.0,17.47,72.0,17.54,610.47,1.68,32.74,34.38
sh600764,25.82,26.97,26.97,25.01,23730.0,-7.09,27.79,6244.0,8.0,25.77,3.0,25.82,134.73,9.48,84.89,101.94
sz002443,6.73,6.92,7.0,6.55,80847.0,-5.61,7.13,5497.0,92.0,6.71,543.0,6.73,15.65,1.52,34.15,35.03
sh600121,3.26,3.48,3.55,3.22,142690.0,-8.68,3.57,4757.0,389.0,3.25,1254.0,3.27,28.18,0.95,33.1,33.1
sh603579,29.0,31.19,31.19,28.95,25840.0,-9.8,32.15,7758.0,49.0,28.99,30.0,29.02,16.32,2.62,14.91,40.6
sh601068,5.79,6.31,6.31,5.79,218129.0,-9.95,6.43,13014.0,0.0,0.0,1805.0,5.79,53.51,2.0,17.13,171.33
sz002431,3.99,4.13,4.25,3.93,192362.0,-6.99,4.29,7864.0,846.0,3.97,20.0,3.99,-49.16,1.1,52.86,59.33
sz000767,2.67,2.82,2.82,2.65,164101.0,-6.64,2.86,4487.0,1027.0,2.66,1788.0,2.68,12.22,1.09,77.76,82.15
sz300071,3.3,3.47,3.53,3.25,110333.0,-7.82,3.58,3744.0,323.0,3.28,125.0,3.3,-2.66,29.26,15.51,22.39
sz000595,3.23,3.41,3.55,3.22,182538.0,-9.78,3.58,6140.0,119.0,3.22,307.0,3.24,-19.72,3.63,24.29,24.69
sz000503,19.99,20.91,21.56,19.99,222438.0,-10.0,22.21,45826.0,0.0,0.0,4379.0,19.99,-100.44,15.54,179.67,179.67
sh600495,4.57,4.95,4.95,4.53,190848.0,-8.96,5.02,9004.0,70.0,4.56,2812.0,4.58,102.35,1.75,55.21,55.21
sh600845,30.99,31.9,32.5,30.99,87196.0,-9.99,34.43,27457.0,0.0,0.0,2295.0,30.99,37.61,4.05,198.59,271.88
sh600796,5.25,5.6,5.6,5.2,61026.0,-8.54,5.74,3299.0,157.0,5.24,10.0,5.26,-35.58,2.76,15.82,15.82
sz300218,6.52,6.91,7.08,6.47,30371.0,-9.19,7.18,2055.0,35.0,6.49,20.0,6.52,40.03,1.42,14.1,14.15
sz002283,3.96,4.16,4.16,3.88,164812.0,-8.12,4.31,6649.0,815.0,3.94,237.0,3.96,12.73,1.03,40.54,44.65
sh600327,4.73,4.95,4.96,4.69,86761.0,-5.96,5.03,4185.0,345.0,4.72,80.0,4.74,11.62,1.19,34.88,34.88
sh600292,5.84,6.4,6.4,5.83,133960.0,-9.88,6.48,8065.0,2151.0,0.0,46.0,5.84,34.6,0.92,45.6,45.6
sz000822,5.28,5.6,5.6,5.22,175952.0,-8.33,5.76,9548.0,807.0,5.27,248.0,5.29,8.83,1.36,47.26,47.26
sh603638,19.44,20.0,20.5,19.21,24307.0,-6.94,20.89,4844.0,39.0,19.36,22.0,19.44,28.47,6.74,24.45,74.94
sh600118,20.75,22.4,22.53,20.75,193919.0,-10.02,23.06,41576.0,0.0,0.0,180.0,20.75,58.05,4.45,245.37,245.37
sh600151,5.19,5.59,5.63,5.19,246070.0,-10.05,5.77,13178.0,0.0,0.0,9457.0,5.19,106.32,1.26,72.07,74.44
sh603822,24.39,25.1,25.8,24.0,5746.0,-6.08,25.97,1420.0,4.0,24.38,1.0,24.42,35.61,2.51,17.89,17.89
sh603536,9.1,9.17,9.66,8.9,36898.0,-2.99,9.38,3426.0,25.0,9.09,113.0,9.11,83.22,2.41,5.48,15.29
sh603767,7.53,7.76,7.77,7.42,42529.0,-5.16,7.94,3239.0,5.0,7.51,107.0,7.53,40.69,1.57,7.13,22.49
sh600113,7.39,7.71,7.87,7.22,69171.0,-6.93,7.94,5222.0,113.0,7.37,312.0,7.39,26.44,2.21,30.4,30.4
sh600628,6.9,7.15,7.15,6.77,37554.0,-4.43,7.22,2620.0,313.0,6.88,133.0,6.9,19.69,0.99,36.69,44.63
sz000828,8.72,9.24,9.24,8.63,55363.0,-7.14,9.39,4929.0,2.0,8.7,117.0,8.72,8.22,1.35,90.65,90.65
sz300685,45.25,47.0,48.3,45.01,12258.0,-7.9,49.13,5725.0,11.0,45.24,15.0,45.33,48.5,8.26,41.22,65.16
sz000069,7.43,7.55,7.76,7.29,651892.0,-6.54,7.95,49333.0,1402.0,7.42,76.0,7.44,5.71,0.99,521.36,609.56
sz002460,23.38,23.7,24.79,22.82,288297.0,-5.11,24.64,68603.0,3.0,23.36,553.0,23.38,24.83,3.87,187.17,307.47
sz002736,11.4,11.85,11.96,11.38,368451.0,-7.62,12.34,42906.0,304.0,11.38,1524.0,11.4,20.46,1.89,934.8,934.8
sh600299,11.12,11.85,11.85,11.12,149464.0,-9.96,12.35,16935.0,0.0,0.0,3251.0,11.12,34.27,2.2,298.23,298.23
sh603970,16.09,17.13,17.55,15.82,30611.0,-3.77,16.72,5173.0,24.0,16.08,129.0,16.1,21.42,2.88,12.81,25.74
sh603330,18.98,19.8,20.28,18.63,10688.0,-6.78,20.36,2082.0,10.0,18.95,52.0,18.98,43.66,2.35,5.98,14.8
sz000821,8.3,8.48,8.54,8.0,104068.0,-5.03,8.74,8698.0,171.0,8.28,718.0,8.3,22.28,1.57,38.35,44.67
sh603060,26.15,26.4,27.35,25.54,19019.0,-3.04,26.97,5038.0,10.0,26.07,85.0,26.15,29.8,4.83,16.69,57.53
sz002339,7.43,7.56,7.9,7.32,48785.0,-7.36,8.02,3729.0,189.0,7.42,265.0,7.44,38.22,1.67,24.46,29.25
sz002309,7.47,7.81,7.9,7.23,135168.0,-6.97,8.03,10225.0,387.0,7.45,639.0,7.47,-16.49,0.76,52.43,65.12
sz000593,6.13,6.5,6.5,6.01,58882.0,-6.7,6.57,3692.0,171.0,6.12,337.0,6.14,-12.31,2.38,17.15,21.98
sz000048,20.81,21.2,21.3,20.81,4121.0,-5.02,21.91,860.0,0.0,0.0,1777.0,20.81,14.52,7.22,79.83,81.32
sh600740,8.6,9.21,9.22,8.55,273197.0,-9.47,9.5,24192.0,81.0,8.59,2269.0,8.61,7.85,1.26,56.49,130.38
sz300126,5.36,5.58,5.75,5.35,38721.0,-8.38,5.85,2153.0,173.0,5.34,347.0,5.36,-46.0,1.7,11.29,16.29
sh600550,4.05,4.3,4.3,4.0,102788.0,-7.74,4.39,4240.0,1380.0,4.04,354.0,4.06,-9.36,9.88,62.15,74.58
sz000415,4.01,4.26,4.27,3.96,571043.0,-8.66,4.39,23537.0,691.0,4.0,2032.0,4.02,8.25,0.68,142.25,248.0
sz000989,9.88,10.75,10.75,9.88,114904.0,-10.02,10.98,11674.0,0.0,0.0,1536.0,9.88,32.35,2.04,63.26,85.89
sh600869,4.84,5.0,5.05,4.83,202730.0,-5.65,5.13,9996.0,1868.0,4.82,230.0,4.84,66.71,2.18,107.42,107.42
sh600391,13.99,14.14,14.6,13.76,85954.0,-4.64,14.67,12151.0,221.0,13.97,108.0,13.99,-14.68,3.26,46.19,46.19
sz002325,3.32,3.46,3.58,3.3,261378.0,-9.54,3.67,8968.0,2445.0,3.3,207.0,3.32,-10.14,1.33,30.56,41.48
sz002469,4.03,4.22,4.28,4.03,94111.0,-8.62,4.41,3910.0,248.0,4.01,1900.0,4.03,55.43,1.68,18.68,20.28
sh603882,34.9,33.04,35.83,33.04,45820.0,-1.13,35.3,15801.0,3.0,34.88,252.0,34.9,60.02,8.19,97.59,159.8
sh600692,7.36,7.9,7.9,7.29,68181.0,-9.14,8.1,5137.0,305.0,7.35,261.0,7.37,64.16,3.3,18.77,25.89
sz300756,72.44,75.01,76.44,71.0,6122.0,-7.25,78.1,4546.0,1.0,72.38,9.0,72.44,36.16,2.93,7.24,28.98
sh603598,8.62,9.16,9.16,8.62,52199.0,-10.02,9.58,4614.0,0.0,0.0,1933.0,8.62,45.67,4.06,23.09,23.33
sz002942,25.32,26.8,26.8,24.9,18947.0,-7.22,27.29,4874.0,54.0,25.3,48.0,25.32,22.14,3.56,7.6,30.38
sz000910,11.78,12.22,12.41,11.61,86841.0,-6.06,12.54,10491.0,1.0,11.77,34.0,11.79,8.93,1.49,63.62,65.26
sh601369,6.18,6.46,6.47,6.11,93902.0,-6.93,6.64,5939.0,25.0,6.16,1312.0,6.18,26.15,1.57,101.28,103.62
sz000703,13.96,14.8,14.8,13.96,206516.0,-9.99,15.51,29235.0,0.0,0.0,7085.0,13.96,24.13,1.89,317.39,396.7
sh601727,5.4,5.64,5.73,5.32,696157.0,-8.63,5.91,38319.0,3207.0,5.38,3235.0,5.4,25.98,1.37,555.32,811.02
sh601880,2.06,2.19,2.2,2.01,463059.0,-7.21,2.22,9707.0,2863.0,2.05,3574.0,2.07,39.69,1.45,159.36,265.63
sz300527,11.32,11.89,12.12,11.32,211965.0,-10.02,12.58,24703.0,0.0,0.0,26949.0,11.32,43.97,4.81,29.21,98.99
sh601985,5.64,5.85,5.85,5.52,556270.0,-4.89,5.93,31574.0,256.0,5.63,1943.0,5.65,17.9,1.84,877.89,877.89
sz002092,8.55,8.7,8.83,8.41,360456.0,-3.93,8.9,30936.0,317.0,8.54,926.0,8.56,8.38,0.96,173.95,183.52
sh600743,2.72,2.94,2.94,2.67,181758.0,-8.42,2.97,5034.0,61.0,2.7,1343.0,2.72,8.39,0.81,63.81,63.81
sz300064,4.68,4.95,5.02,4.68,162690.0,-10.0,5.2,7859.0,0.0,0.0,745.0,4.68,272.62,0.81,28.34,56.42
sh603161,13.87,14.86,14.86,13.52,12929.0,-6.66,14.86,1830.0,20.0,13.8,162.0,13.87,17.97,1.46,9.63,18.5
sz000099,6.84,7.39,7.39,6.72,75208.0,-7.94,7.43,5251.0,567.0,6.82,90.0,6.84,26.32,1.34,41.46,41.46
sh600960,4.05,4.25,4.29,4.02,235866.0,-9.4,4.47,9789.0,1.0,4.03,681.0,4.05,30.22,0.79,27.55,38.5
sh603901,7.16,6.98,7.46,6.98,33321.0,-4.02,7.46,2390.0,73.0,7.15,161.0,7.17,39.34,2.44,13.17,31.46
sz002160,3.45,3.58,3.69,3.36,90867.0,-7.51,3.73,3201.0,1363.0,3.43,585.0,3.46,-5.66,0.9,23.87,26.1
sh600765,8.75,9.35,9.41,8.75,134376.0,-9.89,9.71,12146.0,1059.0,8.74,101.0,8.76,20.3,1.59,68.08,68.08
sz000803,14.85,14.98,15.02,14.82,20745.0,-0.67,14.95,3100.0,622.0,14.84,6.0,14.93,-448.57,27.33,18.97,18.97
sz002636,7.41,8.0,8.0,7.41,67401.0,-9.96,8.23,5154.0,0.0,0.0,31.0,7.41,23.42,2.12,18.26,53.94
sz002369,7.68,8.08,8.08,7.52,190768.0,-6.68,8.23,14817.0,1107.0,7.67,96.0,7.69,-41.13,2.25,30.71,44.54
sz000807,4.72,4.95,4.96,4.72,780730.0,-9.92,5.24,37515.0,0.0,0.0,96830.0,4.72,-9.39,1.48,114.68,123.04
sz002217,5.39,5.71,5.78,5.39,600378.0,-10.02,5.99,33383.0,0.0,0.0,13243.0,5.39,12.91,1.46,138.31,167.97
sz300452,15.29,16.27,16.27,15.08,24523.0,-7.22,16.48,3845.0,22.0,15.26,41.0,15.29,28.87,4.15,16.36,21.28
sh600271,23.55,24.5,24.76,23.25,293853.0,-7.57,25.48,70627.0,37.0,23.52,97.0,23.55,21.61,3.92,436.33,438.62
sz002738,16.2,17.95,17.96,16.2,41470.0,-10.0,18.0,7005.0,2275.0,0.0,24.0,16.22,29.3,1.87,29.21,40.63
sz002037,7.65,8.01,8.11,7.52,40873.0,-7.27,8.25,3199.0,94.0,7.64,1094.0,7.68,24.03,1.14,25.04,37.3
sz002473,8.12,9.01,9.01,8.12,31722.0,-9.98,9.02,2702.0,0.0,0.0,1817.0,8.12,98.3,4.5,12.99,12.99
sz002852,13.92,14.0,14.29,13.85,28710.0,-2.59,14.29,4037.0,58.0,13.91,182.0,13.93,19.13,1.9,17.37,40.23
sh600897,23.03,24.61,24.61,22.66,38968.0,-7.25,24.83,9189.0,41.0,23.0,1.0,23.03,13.38,1.84,68.59,68.59
sz000888,6.33,6.66,6.66,6.23,68078.0,-6.64,6.78,4394.0,113.0,6.31,322.0,6.33,15.87,1.4,33.35,33.35
sz300062,5.53,5.59,5.98,5.44,46733.0,-8.29,6.03,2646.0,66.0,5.52,253.0,5.54,98.82,2.13,10.46,17.03
sh603629,29.24,30.8,31.3,29.24,19362.0,-10.0,32.49,5855.0,0.0,0.0,767.0,29.24,32.34,3.03,7.31,29.24
sz002049,37.43,39.53,40.39,37.43,217614.0,-10.0,41.59,84227.0,0.0,0.0,2763.0,37.43,61.78,5.87,226.92,227.13
sz002071,4.09,4.38,4.41,4.09,139113.0,-9.91,4.54,5868.0,0.0,0.0,2869.0,4.09,-5.1,8.62,21.34,21.49
sh600805,5.72,5.87,5.93,5.62,220254.0,-5.61,6.06,12727.0,489.0,5.7,5.0,5.72,71.73,0.8,48.64,48.67
sz002859,31.63,32.77,33.8,30.72,30210.0,-7.24,34.1,9743.0,44.0,31.6,28.0,31.63,31.02,5.17,34.31,81.75
sh603012,9.68,9.8,9.98,9.43,126121.0,-1.83,9.86,12247.0,335.0,9.67,122.0,9.7,28.33,2.22,61.62,61.62
sh600686,8.2,8.98,8.98,8.2,87580.0,-9.99,9.11,7404.0,0.0,0.0,1199.0,8.2,29.83,1.46,49.75,49.75
sh600038,39.5,41.4,42.05,39.02,74374.0,-7.12,42.53,30152.0,3.0,39.45,377.0,39.5,44.91,2.98,232.84,232.84
sz002301,10.25,10.1,10.79,10.1,87842.0,-3.67,10.64,9151.0,205.0,10.21,175.0,10.34,32.73,2.59,65.65,65.78
sz002293,10.5,11.02,11.15,10.4,64705.0,-7.89,11.4,6978.0,186.0,10.49,40.0,10.51,15.16,2.02,73.53,79.21
sz000671,6.32,6.53,6.69,6.2,394748.0,-7.6,6.84,25545.0,619.0,6.31,1116.0,6.33,8.25,1.4,251.02,255.96
sz300619,21.81,23.26,23.26,21.4,9922.0,-7.58,23.6,2223.0,11.0,21.68,26.0,21.81,34.99,3.53,6.64,16.29
sh600004,15.09,14.75,15.35,14.3,268288.0,-0.98,15.24,39888.0,147.0,15.03,415.0,15.09,33.94,1.97,312.26,312.26
sz002593,3.47,3.73,3.73,3.43,89153.0,-8.92,3.81,3184.0,489.0,3.45,1350.0,3.47,29.76,1.29,16.19,24.33
sh603806,34.2,35.73,35.73,33.51,26929.0,-6.76,36.68,9292.0,45.0,34.15,2.0,34.23,20.65,3.1,178.73,178.73
sz000750,4.82,5.08,5.23,4.82,1201872.0,-9.91,5.35,60049.0,0.0,0.0,5471.0,4.82,110.78,1.47,203.19,203.19
sz000056,5.11,5.04,5.18,4.86,141857.0,-4.66,5.36,7123.0,797.0,5.09,121.0,5.11,69.3,1.11,46.18,60.06
sz300318,4.29,4.6,4.6,4.25,49871.0,-6.74,4.6,2203.0,661.0,4.27,109.0,4.29,63.2,3.01,31.13,35.15
sz000404,4.38,4.45,4.53,4.23,75578.0,-4.78,4.6,3338.0,305.0,4.37,299.0,4.39,42.22,0.95,30.43,30.48
sz002014,7.59,7.53,7.85,7.32,60417.0,-1.04,7.67,4574.0,145.0,7.57,301.0,7.59,16.37,2.27,38.04,38.22
sz300613,82.88,89.5,89.5,82.01,3295.0,-7.68,89.77,2798.0,27.0,82.82,3.0,82.88,284.54,3.65,10.73,36.84
sh600435,8.5,9.06,9.06,8.43,241415.0,-7.91,9.23,21142.0,72.0,8.48,608.0,8.5,225.43,5.97,126.59,126.59
sh603998,9.04,9.64,9.8,9.01,296405.0,-9.69,10.01,27668.0,561.0,9.03,257.0,9.05,53.67,3.66,38.44,39.47
sh603197,21.0,21.6,22.48,20.8,23661.0,-9.09,23.1,5103.0,23.0,20.95,18.0,21.07,24.97,3.36,20.66,35.08
sz000519,6.93,7.43,7.5,6.93,253623.0,-10.0,7.7,18144.0,798.0,0.0,349.0,6.94,28.81,1.22,50.82,96.5
sh600184,10.47,11.3,11.3,10.4,36448.0,-9.43,11.56,3936.0,27.0,10.46,917.0,10.48,90.5,2.29,53.27,53.27
sz002841,73.9,72.11,75.5,72.0,11493.0,-3.15,76.3,8493.0,21.0,73.88,5.0,73.91,45.51,13.4,49.2,484.67
sz000795,4.2,4.49,4.54,4.18,154847.0,-9.48,4.64,6720.0,1258.0,4.18,197.0,4.2,37.67,2.15,37.23,47.61
sh600980,11.14,12.0,12.05,11.14,30581.0,-10.02,12.38,3521.0,0.0,0.0,68.0,11.14,43.14,2.94,16.96,17.29
sz300284,10.53,10.58,10.64,10.1,75704.0,-3.04,10.86,7921.0,19.0,10.51,22.0,10.53,13.31,1.97,57.3,85.24
sz002958,8.54,7.37,8.54,7.37,1404448.0,10.05,7.76,115568.0,97414.0,8.53,0.0,0.0,19.0,2.06,47.44,474.44
sz002634,5.92,6.02,6.26,5.65,75278.0,-4.67,6.21,4532.0,29.0,5.9,60.0,5.92,158.21,3.95,15.99,27.29
sh603458,32.8,34.0,34.5,32.18,18833.0,-6.26,34.99,6286.0,1.0,32.75,7.0,32.8,11.34,1.76,27.99,41.37
sz002706,5.81,6.04,6.15,5.68,62627.0,-6.59,6.22,3738.0,18.0,5.8,20.0,5.82,20.27,2.57,34.35,45.62
sh603980,15.86,15.5,16.07,15.38,102386.0,-3.17,16.38,16168.0,691.0,15.84,29.0,15.86,10.93,1.77,38.96,79.3
sh600059,7.38,7.66,7.69,7.21,70671.0,-5.38,7.8,5280.0,201.0,7.36,75.0,7.39,36.77,1.44,59.67,59.67
sz000417,5.11,5.4,5.4,5.05,83583.0,-6.58,5.47,4347.0,388.0,5.09,475.0,5.11,17.25,0.98,39.81,39.85
sz300477,8.46,8.44,8.6,8.01,96095.0,-1.63,8.6,8091.0,84.0,8.45,139.0,8.47,144.5,2.54,26.82,49.25
sh601965,7.31,7.69,7.69,7.18,37264.0,-6.64,7.83,2764.0,50.0,7.29,15.0,7.31,17.27,1.56,70.26,70.92
sz002758,9.43,9.97,9.97,9.21,65570.0,-7.55,10.2,6304.0,99.0,9.42,3.0,9.44,57.23,3.27,16.99,19.8
sh603616,10.16,10.71,10.73,10.1,46133.0,-7.64,11.0,4763.0,227.0,10.15,122.0,10.17,248.79,3.77,29.81,29.81
sz300373,14.85,15.8,15.89,14.85,72552.0,-10.0,16.5,11133.0,0.0,0.0,529.0,14.85,44.18,2.88,43.52,70.11
sz002533,5.13,5.35,5.38,5.05,91600.0,-6.73,5.5,4795.0,18.0,5.11,56.0,5.13,19.61,1.19,26.59,28.38
sh600056,13.78,14.58,14.58,13.55,208894.0,-7.83,14.95,29397.0,301.0,13.77,100.0,13.79,9.71,1.66,139.47,147.24
sz300077,7.19,7.68,7.68,7.13,240656.0,-8.64,7.87,17789.0,762.0,7.17,1289.0,7.19,-3.09,2.82,39.2,40.09
sz002065,7.19,7.5,7.59,7.11,422343.0,-8.64,7.87,31018.0,2946.0,7.17,155.0,7.19,27.1,2.4,201.87,224.0
sh600393,3.62,3.93,3.93,3.55,885814.0,-8.12,3.94,32745.0,1340.0,3.6,2125.0,3.62,43.84,1.55,35.77,91.81
sz000838,3.55,3.83,3.84,3.55,122257.0,-9.9,3.94,4446.0,0.0,0.0,5883.0,3.55,48.58,2.09,22.44,39.07
sh603080,17.35,18.02,18.45,17.19,23509.0,-8.44,18.95,4192.0,9.0,17.34,24.0,17.36,24.44,2.26,15.14,24.55
sz002342,3.59,3.9,3.9,3.57,173089.0,-9.11,3.95,6430.0,1239.0,3.57,730.0,3.59,188.78,1.42,31.63,34.46
sz000761,3.76,3.9,3.91,3.62,129847.0,-5.05,3.96,4895.0,177.0,3.74,1373.0,3.76,15.22,0.75,130.67,145.71
sz002921,19.4,21.35,21.35,19.3,12045.0,-9.47,21.43,2426.0,47.0,19.37,155.0,19.4,33.84,2.28,9.37,15.52
sh600774,11.67,12.63,12.63,11.52,9276.0,-8.18,12.71,1107.0,73.0,11.61,6.0,11.67,134.16,4.37,26.46,26.48
sz002514,6.1,6.16,6.2,5.75,94365.0,-4.09,6.36,5740.0,212.0,6.08,1188.0,6.1,34.28,3.38,23.67,33.8
sz002433,5.2,5.43,5.44,5.13,92688.0,-6.64,5.57,4900.0,608.0,5.19,51.0,5.21,15.89,0.76,38.32,39.87
sz002619,3.58,3.93,3.93,3.58,265362.0,-10.05,3.98,9806.0,0.0,0.0,1953.0,3.58,10.14,1.01,48.8,66.05
sz002146,9.59,10.1,10.21,9.56,469090.0,-7.34,10.35,46212.0,1580.0,9.58,304.0,9.6,5.38,1.21,373.21,416.99
sh600933,8.21,8.6,8.6,8.02,30747.0,-6.28,8.76,2555.0,45.0,8.18,55.0,8.21,15.74,1.79,21.78,69.82
sz300260,10.76,11.3,11.9,10.76,25323.0,-9.96,11.95,2785.0,0.0,0.0,2454.0,10.76,48.88,3.0,13.68,21.73
sh600879,5.88,6.2,6.23,5.81,432196.0,-7.84,6.38,26097.0,892.0,5.86,1266.0,5.88,36.08,1.34,141.9,159.89
sh603898,17.07,17.9,17.9,17.01,16233.0,-7.18,18.39,2837.0,28.0,17.04,43.0,17.07,13.93,2.32,52.85,53.65
sh600458,9.36,9.9,10.28,9.36,115814.0,-10.0,10.4,11321.0,0.0,0.0,4689.0,9.36,-17.54,1.6,75.14,75.14
sz002498,2.9,3.12,3.13,2.88,507982.0,-9.37,3.2,15250.0,3513.0,2.89,1723.0,2.91,40.26,2.02,96.48,96.48
sz002184,10.08,10.8,10.9,10.08,50715.0,-10.0,11.2,5272.0,0.0,0.0,1081.0,10.08,-16.2,2.67,13.69,24.33
sh603888,21.61,23.0,23.0,21.61,118022.0,-10.0,24.01,26069.0,0.0,0.0,14653.0,21.61,37.56,3.96,38.14,112.16
sz002713,16.92,17.83,18.03,16.59,15818.0,-8.19,18.43,2743.0,22.0,16.91,46.0,16.93,18.91,3.99,42.33,44.44
sz002009,8.66,9.29,9.29,8.66,89272.0,-9.98,9.62,7982.0,0.0,0.0,447.0,8.66,30.81,1.52,25.29,32.09
sh603919,13.35,14.29,14.29,13.29,27791.0,-7.68,14.46,3820.0,113.0,13.34,34.0,13.36,19.71,2.31,48.59,48.59
sz002440,14.03,14.58,14.9,13.92,306584.0,-8.18,15.28,44223.0,1552.0,14.02,149.0,14.04,12.74,1.96,128.43,161.42
sh603358,11.05,11.78,11.79,10.95,19788.0,-8.45,12.07,2255.0,13.0,11.03,44.0,11.05,21.6,1.32,15.22,34.65
sz002490,4.38,4.75,4.75,4.37,81255.0,-9.32,4.83,3688.0,352.0,4.37,987.0,4.39,39.16,1.79,15.22,34.95
sh603008,10.99,10.9,11.06,10.23,62563.0,-2.57,11.28,6715.0,40.0,10.96,563.0,10.99,-9.27,1.88,35.12,43.39
sz300422,10.22,11.0,11.0,10.18,63823.0,-9.48,11.29,6744.0,157.0,10.2,15.0,10.22,14.81,2.47,27.05,36.37
sz002340,4.38,4.65,4.67,4.37,773359.0,-9.5,4.84,35019.0,8330.0,4.36,2497.0,4.38,24.75,1.81,166.06,181.81
sh600429,5.52,5.6,5.75,5.28,41508.0,-2.3,5.65,2292.0,58.0,5.48,281.0,5.52,41.83,1.65,48.85,82.67
sh600773,6.54,7.0,7.1,6.54,117995.0,-10.04,7.27,8014.0,0.0,0.0,236.0,6.54,49.3,1.61,48.8,53.61
sh601611,8.0,8.66,8.67,8.0,178837.0,-10.01,8.89,14682.0,0.0,0.0,2564.0,8.0,20.55,2.35,76.94,210.0
sh600623,8.22,8.7,8.7,8.13,185695.0,-7.74,8.91,15620.0,143.0,8.21,420.0,8.23,10.32,0.93,153.07,173.06
sz000690,6.77,7.23,7.23,6.77,180582.0,-7.39,7.31,12588.0,515.0,6.76,557.0,6.78,23.1,1.62,138.05,147.31
sh600278,13.81,0.0,0.0,0.0,0.0,0.0,13.81,0.0,0.0,0.0,0.0,0.0,35.86,1.72,72.12,72.12
sh600200,5.86,6.39,6.39,5.85,157097.0,-9.85,6.5,9510.0,296.0,5.85,1973.0,5.87,-14.14,1.76,41.92,42.3
sz002079,5.85,6.17,6.34,5.85,143352.0,-10.0,6.5,8646.0,0.0,0.0,2427.0,5.85,41.63,2.61,42.48,42.59
sz300232,11.72,12.01,12.2,11.72,106243.0,-9.98,13.02,12491.0,0.0,0.0,2153.0,11.72,20.17,3.88,53.05,89.15
sz000023,12.59,13.6,13.65,12.46,29088.0,-9.03,13.84,3736.0,33.0,12.57,170.0,12.59,37.91,3.91,17.47,17.47
sz002494,5.32,5.62,5.62,5.23,57309.0,-6.67,5.7,3114.0,257.0,5.3,221.0,5.32,121.13,1.08,15.7,20.51
sz002602,19.09,19.2,19.77,18.81,141362.0,-2.35,19.55,27155.0,215.0,19.07,196.0,19.09,52.74,3.23,313.09,445.7
sz002890,17.95,19.01,19.02,17.72,10719.0,-8.23,19.56,1973.0,302.0,17.94,16.0,17.99,53.28,2.25,7.09,11.97
sz300431,7.65,7.7,8.01,7.44,127014.0,-6.25,8.16,9876.0,224.0,7.63,424.0,7.65,-2.34,367.79,18.6,25.21
sz002939,11.02,11.53,11.8,11.02,282425.0,-9.97,12.24,31975.0,2409.0,0.0,27.0,11.03,44.95,2.03,34.2,342.0
sh600350,4.66,4.89,4.89,4.61,155267.0,-5.28,4.92,7349.0,730.0,4.65,476.0,4.67,7.53,0.8,224.2,224.2
sh600510,6.09,6.48,6.48,6.02,36472.0,-7.59,6.59,2275.0,199.0,6.07,999.0,6.09,9.59,0.8,63.77,63.77
sz002745,11.88,12.63,12.9,11.88,99923.0,-10.0,13.2,12360.0,170.0,0.0,95.0,11.89,20.93,1.57,61.76,151.73
sz000032,8.25,8.75,8.85,8.17,36765.0,-9.14,9.08,3130.0,105.0,8.24,103.0,8.26,31.28,2.45,33.93,34.09
sh600697,18.88,19.51,19.55,18.75,20625.0,-4.98,19.87,3924.0,4.0,18.83,128.0,18.88,11.55,1.18,29.29,30.04
sz300348,20.86,21.7,22.2,20.86,91881.0,-10.01,23.18,19583.0,0.0,0.0,6286.0,20.86,112.48,5.43,46.07,67.06
sh603618,5.97,6.4,6.4,5.97,114991.0,-9.95,6.63,7049.0,0.0,0.0,1351.0,5.97,51.77,1.95,41.01,41.01
sz002561,8.68,9.0,9.04,8.48,27846.0,-4.82,9.12,2443.0,10.0,8.65,333.0,8.68,15.81,1.57,34.47,36.09
sh600629,11.75,12.25,12.25,11.65,16975.0,-5.62,12.45,2025.0,35.0,11.74,45.0,11.76,19.07,1.88,43.81,52.3
sh600381,6.18,6.56,6.56,6.05,46621.0,-7.21,6.66,2928.0,184.0,6.16,20.0,6.18,110.19,1.52,36.28,36.28
sz002577,10.49,11.38,11.38,10.49,41875.0,-10.03,11.66,4515.0,0.0,0.0,291.0,10.49,1000.14,2.5,29.51,29.67
sh600078,3.85,4.07,4.14,3.81,160440.0,-7.67,4.17,6392.0,269.0,3.83,2182.0,3.85,131.09,1.51,25.51,25.51
sz300244,18.18,19.4,19.4,18.02,74330.0,-9.19,20.02,13864.0,113.0,18.17,41.0,18.2,28.31,3.01,69.54,112.8
sz300172,5.51,5.71,5.75,5.47,36729.0,-5.81,5.85,2054.0,203.0,5.49,33.0,5.51,23.41,2.15,19.07,28.77
sz002388,5.27,5.6,5.68,5.27,86426.0,-9.91,5.85,4689.0,0.0,0.0,2612.0,5.27,95.1,2.3,21.06,26.55
sz300462,14.29,15.73,15.73,14.29,40139.0,-10.01,15.88,5969.0,0.0,0.0,85.0,14.29,48.92,3.07,11.06,19.69
sh600499,4.59,4.92,4.92,4.52,142575.0,-8.57,5.02,6744.0,493.0,4.57,5.0,4.59,-11.15,1.54,64.79,72.39
sh600219,2.33,2.44,2.44,2.3,1231704.0,-7.17,2.51,29183.0,4306.0,2.31,8378.0,2.33,19.97,0.72,228.04,278.45
sz002691,6.88,7.3,7.34,6.78,53150.0,-8.63,7.53,3755.0,683.0,6.86,384.0,6.88,152.04,2.66,23.33,23.39
sh600498,26.36,27.99,27.99,26.36,288580.0,-10.0,29.29,78086.0,0.0,0.0,3190.0,26.36,35.36,3.03,290.59,308.07
sz002334,5.39,5.57,5.71,5.28,141080.0,-8.18,5.87,7730.0,164.0,5.38,612.0,5.4,18.06,2.13,32.4,40.62
sz300599,10.77,11.44,11.44,10.7,25300.0,-8.34,11.75,2809.0,53.0,10.75,48.0,10.77,14.78,2.23,9.76,32.74
sh601139,5.5,5.76,5.76,5.46,111882.0,-6.46,5.88,6273.0,577.0,5.48,1244.0,5.5,15.47,1.69,157.01,158.24
sz000701,6.16,6.58,6.58,6.11,55850.0,-8.47,6.73,3535.0,162.0,6.14,97.0,6.16,-76.48,0.9,25.05,25.05
sz002109,3.9,4.13,4.13,3.88,165406.0,-7.36,4.21,6614.0,681.0,3.89,1210.0,3.91,18.09,1.13,21.25,41.06
sz300727,17.15,18.17,18.17,16.69,19757.0,-7.5,18.54,3403.0,158.0,17.14,2.0,17.16,31.28,4.03,5.46,21.76
sh603599,16.48,16.18,16.74,15.58,31882.0,-2.25,16.86,5154.0,196.0,16.46,77.0,16.48,15.57,1.6,76.58,76.58
sz300321,14.05,14.9,14.97,13.83,12311.0,-7.5,15.19,1777.0,29.0,14.0,5.0,14.06,37.09,2.01,11.63,12.48
sz002952,51.15,54.9,55.29,50.9,18011.0,-9.55,56.55,9564.0,66.0,51.14,31.0,51.16,35.4,4.78,7.8,37.36
sz002404,5.38,5.85,5.85,5.33,34978.0,-8.97,5.91,1951.0,64.0,5.37,129.0,5.39,20.38,1.72,24.7,31.08
sh600823,4.75,5.01,5.01,4.7,243255.0,-6.31,5.07,11719.0,158.0,4.74,260.0,4.76,7.37,0.74,178.18,178.18
sh600522,9.13,9.69,9.81,9.13,975215.0,-9.96,10.14,91702.0,0.0,0.0,3572.0,9.13,12.78,1.44,279.93,279.93
sh600392,9.13,9.8,9.85,9.13,327815.0,-9.96,10.14,30970.0,0.0,0.0,5936.0,9.13,65.59,3.07,130.95,160.25
sh600165,4.56,4.75,4.9,4.56,210080.0,-10.06,5.07,9827.0,0.0,0.0,17687.0,4.56,879.06,3.61,31.23,31.23
sz300114,8.43,9.0,9.1,8.37,70062.0,-9.35,9.3,6108.0,295.0,8.41,62.0,8.43,30.43,3.35,49.8,49.8
sz300472,20.43,20.6,20.7,19.2,33406.0,-3.4,21.15,6745.0,182.0,20.35,418.0,20.43,34.63,2.35,20.55,27.08
sz002553,6.09,6.6,6.6,6.09,61872.0,-10.04,6.77,3920.0,0.0,0.0,10555.0,6.09,26.14,2.88,14.27,21.19
sz002930,22.86,24.29,24.29,22.86,58284.0,-10.0,25.4,13575.0,0.0,0.0,1767.0,22.86,46.94,3.07,22.49,55.73
sz002048,11.57,12.19,12.38,11.43,114456.0,-8.9,12.7,13471.0,293.0,11.45,567.0,11.57,9.68,0.85,63.05,72.45
sz000886,3.92,4.17,4.17,3.89,205588.0,-7.55,4.24,8231.0,982.0,3.91,45.0,3.93,24.41,1.38,37.96,38.76
sh600782,5.41,5.73,5.73,5.35,607804.0,-8.92,5.94,33592.0,410.0,5.4,2667.0,5.42,2.98,0.87,172.51,172.51
sh603900,12.58,13.0,13.32,12.28,25624.0,-7.36,13.58,3287.0,89.0,12.57,64.0,12.59,23.01,1.72,10.71,42.83
sh600010,1.59,1.67,1.67,1.55,3346688.0,-6.47,1.7,54146.0,35369.0,1.57,10827.0,1.59,22.84,1.37,503.67,724.8
sz300026,3.3,3.37,3.37,3.24,385630.0,-2.94,3.4,12711.0,232.0,3.28,530.0,3.3,45.3,1.51,82.4,99.36
sh603136,20.69,22.81,22.81,20.69,15115.0,-10.0,22.99,3213.0,0.0,0.0,434.0,20.69,23.86,3.07,6.0,24.0
sz002011,4.6,4.96,4.96,4.6,158994.0,-9.98,5.11,7571.0,0.0,0.0,2009.0,4.6,-1.96,1.85,42.02,42.19
sh603020,8.37,8.36,8.7,8.13,49125.0,-1.88,8.53,4145.0,24.0,8.32,98.0,8.38,23.67,1.33,26.78,26.78
sz000543,4.78,4.96,5.01,4.71,203389.0,-6.64,5.12,9936.0,281.0,4.76,131.0,4.78,13.85,0.8,85.58,85.58
sz002264,5.75,5.6,5.92,5.52,117562.0,-3.85,5.98,6718.0,711.0,5.73,371.0,5.76,243.3,2.34,39.07,39.79
sz002915,19.23,20.75,20.75,19.23,18399.0,-10.01,21.37,3647.0,0.0,0.0,36.0,19.23,56.78,4.49,6.61,21.54
sh600992,7.99,8.3,8.45,7.96,21859.0,-6.55,8.55,1783.0,187.0,7.98,127.0,8.0,73.06,1.4,19.58,19.58
sz300611,8.61,9.36,9.36,8.5,24300.0,-8.6,9.42,2145.0,269.0,8.58,189.0,8.61,74.46,2.32,6.32,15.41
sz300047,13.9,14.8,15.2,13.89,92196.0,-9.92,15.43,13316.0,199.0,13.89,53.0,13.91,24.84,1.83,41.59,55.47
sh600242,10.05,10.7,10.75,10.04,81669.0,-9.87,11.15,8448.0,2119.0,0.0,447.0,10.05,39.53,2.17,30.53,45.89
sh600802,7.79,8.23,8.33,7.74,128472.0,-9.21,8.58,10349.0,1013.0,7.78,163.0,7.8,9.21,2.94,29.75,29.75
sh603726,16.56,17.51,17.51,16.35,14299.0,-8.15,18.03,2422.0,352.0,16.55,14.0,16.6,20.43,2.42,10.17,21.96
sh600888,4.67,5.09,5.09,4.64,160364.0,-9.5,5.16,7771.0,2873.0,4.66,65.0,4.68,22.38,1.11,38.93,40.25
sh603788,14.11,14.8,15.11,14.03,23572.0,-9.03,15.51,3431.0,49.0,14.09,66.0,14.11,18.5,1.66,32.47,32.47
sh603366,3.92,4.21,4.25,3.88,74903.0,-9.05,4.31,3032.0,268.0,3.91,124.0,3.96,-6.31,1.03,31.36,31.36
sz002845,15.96,16.98,16.98,15.7,32471.0,-7.59,17.27,5312.0,82.0,15.94,147.0,15.96,48.17,2.8,11.78,32.36
sh601555,10.12,10.5,10.98,10.12,892859.0,-9.96,11.24,93456.0,0.0,0.0,17221.0,10.12,33.25,1.45,292.57,303.6
sh601298,7.79,8.3,8.31,7.79,429575.0,-9.94,8.65,34216.0,0.0,0.0,11321.0,7.79,13.9,1.69,35.4,505.66
sz002141,3.94,4.22,4.23,3.9,96415.0,-9.01,4.33,3932.0,697.0,3.93,120.0,3.95,562.22,3.33,25.08,44.71
sz002087,3.98,4.2,4.2,3.92,198228.0,-8.08,4.33,8052.0,335.0,3.97,589.0,3.99,7.9,0.82,32.46,32.51
sz002722,14.53,15.25,15.25,14.18,21020.0,-6.86,15.6,3124.0,28.0,14.51,108.0,14.53,21.32,1.38,25.03,25.5
sh601009,8.31,8.48,8.49,8.2,1161771.0,-4.15,8.67,96973.0,4278.0,8.29,6607.0,8.31,6.13,0.98,704.87,704.87
sz300139,9.75,9.95,10.29,9.38,196977.0,-6.43,10.42,19376.0,718.0,9.73,540.0,9.75,84.75,2.36,20.71,26.71
sz002266,4.84,5.1,5.11,4.69,367986.0,-7.1,5.21,17956.0,2864.0,4.83,1789.0,4.85,70.32,2.93,79.26,95.77
sz002597,17.48,18.35,18.53,17.25,85663.0,-8.53,19.11,15307.0,61.0,17.47,305.0,17.49,12.2,2.48,96.85,97.67
sh601952,6.74,6.85,7.23,6.6,205907.0,-3.16,6.96,14337.0,513.0,6.72,343.0,6.74,15.84,1.62,27.59,92.88
sz001696,7.05,7.28,7.53,7.05,326564.0,-9.96,7.83,23493.0,0.0,0.0,58340.0,7.05,20.85,1.94,62.83,80.72
sh601990,10.97,11.49,11.75,10.97,267373.0,-10.01,12.19,30173.0,0.0,0.0,4031.0,10.97,90.73,2.79,30.17,301.57
sz300120,6.27,6.9,6.9,6.27,46664.0,-10.04,6.97,3028.0,0.0,0.0,685.0,6.27,18.8,1.26,14.55,24.45
sz002110,16.98,17.89,17.9,16.69,299057.0,-7.26,18.31,51622.0,602.0,16.96,1442.0,16.98,4.6,1.44,105.66,277.52
sh600468,5.52,5.94,5.94,5.5,62870.0,-9.66,6.11,3586.0,177.0,5.5,74.0,5.52,93.99,2.69,44.77,44.77
sz002762,5.55,6.0,6.0,5.51,39210.0,-9.31,6.12,2249.0,60.0,5.53,5.0,5.55,58.57,1.97,10.55,19.65
sz300666,35.2,37.7,37.73,34.64,31116.0,-8.55,38.49,11178.0,30.0,35.19,13.0,35.22,136.43,12.34,31.38,77.0
sz300322,13.43,13.79,14.13,13.43,114874.0,-9.99,14.92,15712.0,0.0,0.0,37668.0,13.43,83.9,9.22,49.35,54.63
sh601390,6.73,6.9,6.95,6.61,1068467.0,-4.4,7.04,72587.0,2621.0,6.72,2858.0,6.74,8.62,0.94,1254.26,1537.42
sz300598,25.34,27.8,27.85,25.34,33143.0,-10.01,28.16,8700.0,0.0,0.0,2621.0,25.34,121.16,4.45,12.26,20.27
sz300587,19.82,21.8,21.8,19.82,16741.0,-9.99,22.02,3457.0,0.0,0.0,2133.0,19.82,27.1,2.29,8.36,21.19
sh601598,4.79,5.12,5.15,4.77,482356.0,-9.45,5.29,23907.0,1474.0,4.78,1469.0,4.8,12.63,1.3,64.74,354.5
sz300535,13.0,13.75,13.82,12.71,16054.0,-7.87,14.11,2142.0,128.0,12.98,35.0,13.03,31.16,1.81,6.88,12.96
sh603567,12.54,12.84,13.0,12.14,26428.0,-5.22,13.23,3329.0,7.0,12.39,238.0,12.54,22.46,2.07,106.48,106.48
sz002716,6.56,6.98,7.29,6.4,471954.0,-7.08,7.06,32261.0,675.0,6.55,658.0,6.57,68.86,1.68,40.84,63.01
sz002448,5.64,6.03,6.11,5.59,84783.0,-8.74,6.18,4950.0,239.0,5.63,1629.0,5.65,12.2,1.25,26.51,34.27
sz000802,10.33,11.13,11.13,10.33,114065.0,-10.02,11.48,12098.0,0.0,0.0,2549.0,10.33,25.86,1.46,64.1,73.95
sz002719,10.88,11.3,11.32,10.36,28059.0,-5.39,11.5,3014.0,2.0,10.86,88.0,10.88,-11.87,1.91,15.32,18.95
sh601975,3.2,3.39,3.43,3.2,1301844.0,-9.6,3.54,42711.0,3999.0,3.19,7272.0,3.21,35.7,4.32,60.75,160.75
sz002774,8.3,8.73,8.73,8.08,29347.0,-6.53,8.88,2475.0,339.0,8.29,50.0,8.31,61.75,2.71,7.3,28.31
sz002233,10.84,11.19,11.46,10.61,221569.0,-6.15,11.55,24518.0,1409.0,10.81,258.0,10.84,7.27,1.38,125.97,129.24
sh600022,1.66,1.75,1.76,1.63,1274251.0,-6.74,1.78,21618.0,4725.0,1.65,63285.0,1.67,11.11,0.89,181.71,181.71
sz300723,40.05,40.12,43.86,40.05,15039.0,-10.0,44.5,6138.0,0.0,0.0,2222.0,40.05,29.52,4.79,18.96,64.55
sz300128,4.01,4.21,4.35,4.01,387836.0,-9.89,4.45,16014.0,0.0,0.0,15170.0,4.01,-5.31,3.65,42.73,43.87
sz002820,12.25,13.15,13.15,12.19,23298.0,-8.31,13.36,2971.0,112.0,12.24,8.0,12.32,30.34,2.31,15.2,25.09
sz002570,5.7,6.1,6.11,5.62,177302.0,-8.65,6.24,10422.0,532.0,5.69,597.0,5.71,138.39,3.19,58.28,58.28
sz000978,5.75,6.17,6.17,5.65,52084.0,-7.85,6.24,3087.0,14.0,5.74,135.0,5.76,25.67,1.32,20.7,20.71
sz300426,6.49,6.9,6.95,6.43,47388.0,-9.1,7.14,3108.0,20.0,6.44,127.0,6.49,-2.7,12.41,16.4,26.86
sh603258,16.79,17.25,17.41,16.52,16739.0,-6.15,17.89,2837.0,51.0,16.78,277.0,16.8,27.38,2.34,19.57,40.3
sz002206,4.07,4.4,4.4,4.05,132023.0,-9.15,4.48,5553.0,1167.0,4.06,150.0,4.08,14.0,1.7,37.02,49.78
sz300155,4.93,5.3,5.3,4.92,58100.0,-8.36,5.38,2958.0,1095.0,4.92,874.0,4.94,72.39,2.28,13.7,26.79
sz300112,7.57,7.8,7.92,7.39,41235.0,-6.2,8.07,3164.0,210.0,7.54,1609.0,7.57,34.69,2.23,14.12,21.67
sh603987,6.92,6.99,7.15,6.76,34693.0,-3.76,7.19,2415.0,128.0,6.89,579.0,6.92,19.85,2.18,18.06,30.56
sz000762,7.38,7.85,7.85,7.33,86458.0,-8.78,8.09,6561.0,118.0,7.36,181.0,7.38,-23.58,1.95,38.43,38.44
sz300497,18.97,19.3,20.01,18.8,46290.0,-8.58,20.75,8978.0,228.0,18.96,3.0,18.98,22.85,3.86,29.57,42.58
sh603969,4.98,5.31,5.31,4.94,127242.0,-8.12,5.42,6463.0,910.0,4.96,1426.0,4.98,25.44,2.4,41.88,41.88
sz300637,13.01,13.66,14.0,13.01,57754.0,-10.03,14.46,7758.0,0.0,0.0,94.0,13.01,20.73,4.13,16.04,30.54
sz300012,9.38,9.51,9.94,9.17,311208.0,-5.92,9.97,29679.0,53.0,9.36,263.0,9.38,45.78,5.63,141.0,155.48
sz002435,6.55,7.26,7.26,6.53,81076.0,-9.78,7.26,5499.0,193.0,6.53,140.0,6.55,14.61,0.99,19.78,53.97
sh600684,4.15,4.46,4.46,4.14,132041.0,-8.59,4.54,5625.0,680.0,4.14,898.0,4.16,21.42,1.12,35.42,35.42
sz000563,4.26,4.3,4.56,4.13,997808.0,-6.17,4.54,43253.0,623.0,4.25,3470.0,4.27,38.46,1.6,168.87,168.87
sz300224,5.91,6.23,6.23,5.82,52634.0,-7.08,6.36,3172.0,586.0,5.9,40.0,5.92,-48.61,1.84,43.5,48.47
sz002026,5.87,6.19,6.19,5.82,63858.0,-7.7,6.36,3838.0,165.0,5.86,449.0,5.88,15.54,0.98,21.69,24.66
sz000825,4.24,4.46,4.46,4.15,605603.0,-6.81,4.55,26134.0,2205.0,4.22,1791.0,4.24,6.26,0.79,241.51,241.52
sh603556,13.4,14.2,14.38,13.28,38696.0,-8.03,14.57,5378.0,10.0,13.39,89.0,13.48,18.54,1.36,22.48,66.26
sz002413,5.89,6.17,6.22,5.75,174952.0,-7.68,6.38,10487.0,772.0,5.87,355.0,5.89,54.2,1.9,58.62,67.13
sz300103,9.04,9.4,9.7,9.04,93707.0,-9.96,10.04,8693.0,0.0,0.0,5393.0,9.04,283.15,3.14,22.16,28.71
sz000559,5.86,6.2,6.23,5.82,145927.0,-8.29,6.39,8807.0,181.0,5.85,3.0,5.88,23.14,2.97,161.33,161.34
sh603825,12.45,13.36,13.67,12.33,37819.0,-9.12,13.7,4871.0,334.0,12.44,129.0,12.48,23.18,1.91,11.5,28.64
sh600616,5.21,5.3,5.4,5.09,55288.0,-4.93,5.48,2918.0,7.0,5.16,35.0,5.21,-35.3,1.36,26.81,26.81
sh600523,12.34,13.07,13.2,12.34,86777.0,-9.99,13.71,11022.0,0.0,0.0,9906.0,12.34,44.61,2.17,49.86,49.89
sz000605,8.28,8.95,8.95,8.23,40517.0,-9.41,9.14,3446.0,26.0,8.26,1344.0,8.28,50.59,1.4,22.6,29.2
sh600643,10.07,10.54,10.68,9.88,265656.0,-8.29,10.98,27162.0,2289.0,10.06,140.0,10.08,13.12,1.64,144.41,163.33
sz002153,28.39,29.9,29.9,28.03,70928.0,-8.83,31.14,20335.0,20.0,28.36,951.0,28.39,64.52,3.63,137.57,302.89
sh600293,4.13,4.45,4.5,4.12,103959.0,-9.83,4.58,4458.0,12.0,4.12,452.0,4.14,27.89,1.23,21.34,48.0
sz300148,4.13,4.4,4.54,4.13,304444.0,-10.02,4.59,12915.0,0.0,0.0,10404.0,4.13,-3.2,1.08,32.45,34.9
sz300562,10.78,11.5,11.72,10.78,23587.0,-9.79,11.95,2655.0,43.0,10.77,5.0,10.8,87.64,3.83,9.17,20.46
sh600936,4.18,4.55,4.55,4.15,96138.0,-9.13,4.6,4151.0,1360.0,4.17,725.0,4.19,78.99,1.89,49.99,69.85
sh600220,2.53,2.75,2.75,2.5,202905.0,-8.33,2.76,5294.0,342.0,2.52,1707.0,2.54,32.79,2.07,45.12,45.12
sz300105,4.16,4.48,4.51,4.14,84571.0,-9.57,4.6,3631.0,438.0,4.14,1039.0,4.16,-518.32,1.11,21.35,21.35
sz002789,16.04,17.0,17.0,15.84,22925.0,-8.24,17.48,3785.0,10.0,16.03,149.0,16.05,23.12,1.73,22.14,22.14
sz002108,4.24,4.49,4.5,4.15,199335.0,-7.83,4.6,8639.0,1716.0,4.22,418.0,4.24,22.15,1.84,60.12,60.12
sz000045,7.26,7.16,7.5,7.01,92031.0,-1.36,7.36,6684.0,4182.0,7.25,190.0,7.27,-203.78,1.47,33.18,37.12
sz002244,4.26,4.5,4.52,4.17,295409.0,-7.59,4.61,12928.0,536.0,4.25,228.0,4.27,10.48,0.85,115.14,132.55
sh603188,8.58,8.95,8.99,8.54,76966.0,-7.04,9.23,6748.0,31.0,8.57,496.0,8.59,29.62,1.51,49.42,49.42
sz300720,22.62,24.11,24.63,22.44,10062.0,-9.23,24.92,2368.0,18.0,22.58,20.0,22.62,35.07,3.53,6.28,16.29
sz002183,5.0,5.32,5.33,5.0,355095.0,-9.91,5.55,18259.0,0.0,0.0,7713.0,5.0,304.48,1.79,106.02,106.13
sz002144,10.43,11.04,11.04,10.27,21552.0,-6.04,11.1,2281.0,20.0,10.36,5.0,10.43,19.96,1.08,14.57,18.44
sz300056,6.79,7.1,7.42,6.67,100910.0,-8.37,7.41,6957.0,356.0,6.75,106.0,6.79,-6.36,2.74,14.66,26.17
sz300147,6.82,7.21,7.3,6.74,81718.0,-8.21,7.43,5736.0,299.0,6.81,20.0,6.84,73.53,1.3,45.04,45.11
sz000758,4.25,4.51,4.56,4.2,293156.0,-8.6,4.65,12846.0,463.0,4.24,679.0,4.26,85.12,1.6,83.69,83.7
sz000757,5.26,5.4,5.59,5.2,74863.0,-5.73,5.58,4025.0,315.0,5.24,197.0,5.26,33.28,3.37,23.76,23.76
sz002749,19.44,20.02,20.26,18.65,18485.0,-5.08,20.48,3602.0,2.0,19.42,18.0,19.44,18.3,4.28,27.06,42.64
sz000538,82.01,86.5,86.51,80.9,87319.0,-7.33,88.5,73194.0,17.0,82.0,16.0,82.02,25.52,4.12,854.05,854.05
sz002401,10.06,10.8,10.84,10.06,62129.0,-10.02,11.18,6456.0,0.0,0.0,2086.0,10.06,35.97,3.39,30.4,30.51
sh600715,4.2,4.52,4.52,4.2,135871.0,-10.06,4.67,5911.0,0.0,0.0,2771.0,4.2,-10.1,1.22,53.94,77.9
sz002780,25.43,25.7,26.0,24.8,25150.0,-2.86,26.18,6440.0,364.0,25.34,47.0,25.44,629.73,4.45,20.49,28.52
sz002556,5.16,5.57,5.57,5.05,91427.0,-8.02,5.61,4844.0,972.0,5.14,1188.0,5.16,28.74,1.57,36.92,37.03
sz300355,4.37,4.6,4.6,4.22,279274.0,-6.62,4.68,12463.0,593.0,4.36,904.0,4.38,33.78,1.9,51.61,70.11
sz002424,10.12,10.86,10.86,10.12,153228.0,-9.96,11.24,15930.0,0.0,0.0,232.0,10.12,25.0,3.55,73.7,142.81
sh600617,5.18,5.4,5.43,5.15,87408.0,-7.99,5.63,4616.0,121.0,5.17,894.0,5.19,91.3,1.47,50.5,56.19
sh600251,5.38,5.53,5.75,5.29,79608.0,-4.44,5.63,4401.0,67.0,5.36,316.0,5.39,72.39,2.09,42.22,42.22
sz002795,14.75,16.1,16.26,14.6,50263.0,-7.81,16.0,7852.0,8.0,14.71,97.0,14.75,33.35,5.24,29.5,29.5
sh600678,5.93,6.12,6.36,5.93,108755.0,-10.02,6.59,6629.0,0.0,0.0,4922.0,5.93,71.32,28.24,20.7,20.7
sh600216,9.45,9.9,9.9,9.33,209478.0,-8.87,10.37,20106.0,157.0,9.43,68.0,9.45,283.56,1.18,90.34,91.22
sz000856,12.73,13.46,13.7,12.73,90054.0,-9.97,14.14,11781.0,0.0,0.0,3908.0,12.73,139.97,9.15,28.9,28.9
sz002046,7.65,8.26,8.26,7.65,63098.0,-10.0,8.5,4980.0,0.0,0.0,481.0,7.65,92.25,1.49,31.27,40.11
sh600903,17.1,18.71,18.71,17.02,78309.0,-9.52,18.9,13902.0,447.0,17.08,198.0,17.1,75.13,5.28,77.16,139.02
sh600598,9.38,9.8,10.18,9.31,607551.0,-0.85,9.46,59271.0,3580.0,9.37,352.0,9.39,17.36,2.46,166.75,166.75
sh600039,3.61,3.74,3.74,3.52,437353.0,-4.75,3.79,15951.0,2405.0,3.59,566.0,3.61,9.27,0.91,124.8,130.34
sh601958,6.19,6.5,6.51,6.1,176341.0,-6.92,6.65,11163.0,338.0,6.17,129.0,6.19,50.59,1.52,199.73,199.73
sz002585,5.15,5.34,5.38,5.13,281566.0,-9.65,5.7,14828.0,230.0,5.14,939.0,5.16,19.84,0.77,43.89,59.55
sz300516,32.53,34.77,34.77,31.91,7412.0,-7.48,35.16,2467.0,30.0,32.5,18.0,32.53,84.27,3.77,15.32,39.04
sz000403,28.6,29.0,29.2,28.0,19804.0,-3.08,29.51,5643.0,37.0,28.56,30.0,28.62,102.45,11.77,77.61,77.96
sz000710,34.3,37.02,37.4,34.29,23144.0,-9.97,38.1,8198.0,162.0,34.29,12.0,34.39,32.86,5.73,21.33,121.63
sh600138,13.07,13.8,13.87,12.98,226970.0,-8.6,14.3,30503.0,36.0,13.06,25.0,13.08,16.81,1.53,94.61,94.61
sz000014,9.51,10.2,10.2,9.44,59720.0,-9.34,10.49,5842.0,238.0,9.5,117.0,9.52,14.09,2.18,19.18,19.18
sz000155,4.29,4.65,4.65,4.29,183906.0,-10.06,4.77,8198.0,0.0,0.0,5587.0,4.29,14.12,1.6,40.21,54.48
sz002811,14.14,15.19,15.19,14.01,13654.0,-7.4,15.27,1971.0,16.0,14.1,10.0,14.14,21.45,1.8,6.36,25.45
sh603676,10.45,11.2,11.44,10.37,21073.0,-8.89,11.47,2273.0,295.0,10.43,472.0,10.45,73.4,4.82,6.97,44.2
sz002507,26.52,28.0,28.0,26.01,131768.0,-7.56,28.69,35648.0,46.0,26.51,16.0,26.53,29.82,7.97,205.56,209.34
sz000685,8.0,8.0,8.28,8.0,116026.0,-7.08,8.61,9404.0,817.0,7.99,2470.0,8.01,14.56,0.93,100.26,118.01
sz000516,5.29,5.56,5.64,5.21,401619.0,-7.84,5.74,21773.0,1251.0,5.28,2358.0,5.3,4.75,1.86,102.04,104.27
sh600714,6.15,6.58,6.63,6.07,27265.0,-8.21,6.7,1726.0,62.0,6.14,270.0,6.16,102.47,2.84,17.72,17.72
sz300178,7.78,8.35,8.49,7.78,107302.0,-9.95,8.64,8595.0,0.0,0.0,1945.0,7.78,37.39,1.68,45.49,47.96
sz002908,18.17,19.3,19.8,18.17,31274.0,-10.0,20.19,5862.0,0.0,0.0,1154.0,18.17,33.19,3.57,13.91,24.23
sh600780,3.58,3.8,3.8,3.53,93123.0,-7.01,3.85,3391.0,836.0,3.56,538.0,3.58,17.57,0.79,41.04,41.04
sh601577,10.13,10.28,10.6,9.9,230547.0,-4.43,10.6,23534.0,531.0,10.11,543.0,10.13,7.51,1.09,34.66,346.6
sz300013,13.89,14.88,15.03,13.88,25487.0,-9.92,15.42,3639.0,65.0,0.0,326.0,13.89,61.85,2.89,37.88,41.36
sh603801,29.54,31.68,32.36,29.54,17011.0,-9.99,32.82,5238.0,0.0,0.0,508.0,29.54,17.23,2.53,24.58,47.26
sz002500,7.82,8.2,8.4,7.82,488453.0,-10.01,8.69,39398.0,0.0,0.0,12619.0,7.82,56.4,1.76,221.21,221.21
sh600576,4.44,4.73,4.73,4.41,61927.0,-8.07,4.83,2831.0,25.0,4.42,79.0,4.44,174.93,1.45,23.35,27.5
sz300455,7.09,7.44,7.51,7.0,50491.0,-8.28,7.73,3671.0,105.0,7.07,43.0,7.09,47.64,4.75,35.48,36.13
sz002673,9.57,10.17,10.33,9.57,661273.0,-9.97,10.63,65806.0,13235.0,0.0,3573.0,9.58,54.04,1.87,335.13,335.13
sz002847,32.57,31.84,33.64,29.28,46647.0,2.1,31.9,14747.0,227.0,32.56,298.0,32.58,56.08,6.03,11.75,40.39
sz002753,9.08,9.5,9.5,8.91,23689.0,-6.1,9.67,2173.0,116.0,9.07,49.0,9.09,13.79,2.14,18.2,30.27
sh603606,11.34,11.98,12.2,11.34,99147.0,-10.0,12.6,11576.0,0.0,0.0,3380.0,11.34,28.45,3.21,55.73,57.06
sz300342,8.74,9.25,9.5,8.73,66889.0,-9.9,9.7,6080.0,463.0,8.73,146.0,8.75,37.96,2.75,34.33,37.75
sz002623,14.42,15.1,15.27,14.27,14324.0,-7.33,15.56,2124.0,59.0,14.4,32.0,14.42,45.62,1.06,23.01,23.07
sz000776,14.01,14.5,14.78,14.01,775456.0,-9.96,15.56,111628.0,1027.0,14.0,135.0,14.02,18.75,1.2,829.29,1067.71
sh600713,4.52,4.81,4.81,4.46,102664.0,-7.38,4.88,4752.0,161.0,4.51,908.0,4.53,17.32,1.26,40.56,47.08
sh603040,26.6,28.49,28.86,26.5,7942.0,-9.28,29.32,2180.0,26.0,26.57,45.0,26.6,20.32,2.99,8.45,21.15
sz002442,6.17,6.65,6.73,6.17,85817.0,-9.93,6.85,5519.0,334.0,0.0,1107.0,6.18,28.92,2.43,29.59,29.62
sh603689,10.94,11.55,11.55,10.84,46835.0,-6.89,11.75,5244.0,68.0,10.92,76.0,10.94,18.66,1.76,18.31,36.76
sh603819,17.01,17.49,17.49,16.71,13470.0,-3.57,17.64,2285.0,24.0,17.0,20.0,17.02,40.41,2.71,9.54,20.55
sz300053,8.84,9.56,9.58,8.84,153741.0,-9.98,9.82,14091.0,0.0,0.0,616.0,8.84,65.05,1.92,50.76,62.07
sz300505,21.58,22.0,22.24,20.68,19085.0,-4.47,22.59,4110.0,1.0,21.54,103.0,21.58,31.85,2.44,11.21,21.69
sh600520,12.2,12.73,12.73,12.0,18793.0,-4.54,12.78,2322.0,44.0,12.18,50.0,12.22,-445.23,4.56,19.33,19.33
sz000985,13.28,14.6,14.6,13.28,21366.0,-9.97,14.75,2914.0,149.0,0.0,10.0,13.3,140.13,3.22,17.22,17.22
sz300382,6.39,6.85,6.85,6.26,38520.0,-7.39,6.9,2497.0,100.0,6.36,199.0,6.39,25.53,3.48,36.07,36.08
sh600395,5.56,5.81,5.81,5.53,134278.0,-6.08,5.92,7607.0,1435.0,5.54,354.0,5.56,9.53,1.32,92.02,92.02
sz002023,10.66,11.4,11.66,10.66,235167.0,-9.97,11.84,26046.0,0.0,0.0,897.0,10.66,119.4,2.3,70.28,80.67
sz002637,7.28,7.7,7.75,7.22,49090.0,-8.2,7.93,3661.0,129.0,7.27,205.0,7.29,17.01,1.33,18.82,30.83
sz000988,13.38,14.45,14.45,13.38,270183.0,-10.02,14.87,37357.0,0.0,0.0,2168.0,13.38,41.68,2.34,134.5,134.54
sz000301,5.48,5.86,5.9,5.37,161285.0,-7.9,5.95,9059.0,937.0,5.46,618.0,5.48,26.18,1.67,66.76,220.79
sh603456,7.53,7.88,7.88,7.27,44854.0,-5.4,7.96,3424.0,8.0,7.5,391.0,7.54,40.73,2.15,60.31,60.68
sz000419,4.65,4.9,4.9,4.57,65224.0,-6.63,4.98,3097.0,42.0,4.64,161.0,4.66,17.83,0.83,25.26,25.28
sh600298,26.38,27.2,27.7,25.68,131155.0,-5.45,27.9,34830.0,501.0,26.37,43.0,26.39,26.63,4.75,217.39,217.39
sz002879,13.51,14.7,14.7,13.5,29090.0,-9.93,15.0,4049.0,299.0,0.0,234.0,13.51,20.15,1.71,15.07,26.09
sz002085,7.21,7.8,7.84,7.21,171606.0,-9.99,8.01,12850.0,0.0,0.0,3607.0,7.21,16.84,2.45,152.4,157.67
sz000883,3.88,3.96,3.97,3.86,171597.0,-3.24,4.01,6712.0,1739.0,3.86,131.0,3.88,16.85,0.95,252.38,252.49
sz300175,5.5,5.96,5.99,5.42,181921.0,-8.64,6.02,10409.0,12.0,5.48,124.0,5.5,27.78,3.15,25.22,25.89
sz000852,8.13,8.49,8.84,8.13,138401.0,-9.97,9.03,11672.0,0.0,0.0,1115.0,8.13,44.78,2.72,48.63,48.63
sz002737,14.96,15.78,15.78,14.66,79519.0,-7.02,16.09,12105.0,49.0,14.95,87.0,14.97,15.07,2.54,77.31,87.37
sh601882,7.65,7.92,8.03,7.5,15417.0,-5.09,8.06,1193.0,55.0,7.63,21.0,7.65,40.55,3.2,9.63,39.93
sh601199,3.72,3.99,3.99,3.68,67585.0,-7.69,4.03,2589.0,471.0,3.7,421.0,3.72,17.9,1.26,34.79,34.79
sh600742,11.79,12.0,12.47,11.79,117102.0,-10.0,13.1,14089.0,0.0,0.0,4241.0,11.79,12.3,1.21,59.85,59.85
sz300660,20.33,22.0,22.0,20.01,13976.0,-8.51,22.22,2893.0,20.0,20.31,5.0,20.33,19.19,1.74,9.25,37.64
sz000552,2.83,2.98,2.98,2.78,290853.0,-6.6,3.03,8397.0,1542.0,2.81,555.0,2.83,12.05,0.86,44.08,64.72
sz002025,24.63,25.9,25.99,24.5,48280.0,-6.24,26.27,12154.0,15.0,24.62,5.0,24.64,28.41,3.81,105.64,105.66
sh600792,3.65,3.86,3.94,3.65,184635.0,-9.88,4.05,6976.0,0.0,0.0,4059.0,3.65,17.64,1.16,36.13,36.13
sh601877,24.1,24.6,24.82,23.89,145918.0,-4.93,25.35,35443.0,1389.0,24.07,69.0,24.11,14.73,2.33,418.66,518.49
sz002681,4.57,4.68,4.99,4.57,177275.0,-10.04,5.08,8257.0,0.0,0.0,6332.0,4.57,-12.01,1.79,50.43,94.35
sz002169,4.57,4.82,5.0,4.57,160088.0,-10.04,5.08,7585.0,0.0,0.0,941.0,4.57,49.34,1.29,34.39,36.0
sh603912,13.73,14.47,14.83,13.73,29637.0,-9.97,15.25,4204.0,0.0,0.0,2736.0,13.73,26.94,4.05,14.94,29.79
sh603278,10.24,11.0,11.0,10.12,25997.0,-8.73,11.22,2748.0,237.0,10.23,5.0,10.26,14.16,1.95,12.28,29.69
sz002305,2.75,3.05,3.05,2.75,227221.0,-10.13,3.06,6471.0,0.0,0.0,2352.0,2.75,56.23,1.06,44.64,47.69
sh600683,4.62,5.03,5.05,4.6,50599.0,-9.59,5.11,2422.0,18.0,4.61,1013.0,4.63,10.61,1.25,34.22,34.22
sz002084,4.6,4.97,4.97,4.6,48756.0,-9.98,5.11,2316.0,0.0,0.0,502.0,4.6,94.37,1.52,22.9,23.29
sz300020,8.28,8.83,8.93,8.28,191880.0,-10.0,9.2,16368.0,0.0,0.0,9334.0,8.28,164.63,1.64,51.07,54.3
sz002889,23.01,24.6,24.7,23.0,28077.0,-9.98,25.56,6690.0,105.0,23.0,5.0,23.02,23.87,2.15,8.56,31.78
sz300668,18.49,20.13,20.19,18.41,19314.0,-9.63,20.46,3694.0,4.0,18.45,2.0,18.49,22.25,4.53,7.96,19.49
sh603603,13.86,15.28,15.28,13.82,29512.0,-9.71,15.35,4224.0,19.0,13.84,16.0,13.86,33.08,3.31,32.55,55.66
sh603903,20.51,21.9,21.9,20.32,15372.0,-8.97,22.53,3238.0,1981.0,20.5,38.0,20.52,22.71,2.57,15.19,21.19
sz002344,4.82,5.0,5.01,4.74,168033.0,-5.86,5.12,8195.0,10.0,4.8,1300.0,4.82,17.82,0.82,61.47,61.83
sz000421,4.72,5.04,5.05,4.72,52162.0,-7.81,5.12,2529.0,113.0,4.71,137.0,4.74,29.17,1.05,27.03,27.03
sh600699,23.98,24.3,24.87,23.98,134025.0,-9.98,26.64,32409.0,0.0,0.0,9551.0,23.98,14.55,1.81,227.64,227.64
sh601005,1.95,2.03,2.03,1.93,490216.0,-4.88,2.05,9707.0,1929.0,1.94,810.0,1.96,10.95,0.93,163.42,173.91
sz000970,9.23,9.8,9.85,9.23,287566.0,-9.95,10.25,27199.0,0.0,0.0,1205.0,9.23,39.28,2.18,98.32,98.32
sh600111,9.53,9.98,10.08,9.4,502453.0,-7.21,10.27,49023.0,1326.0,9.52,779.0,9.54,58.26,3.69,346.23,346.23
sz000166,4.7,5.0,5.03,4.63,1292130.0,-8.56,5.14,62587.0,2195.0,4.68,3305.0,4.7,21.06,1.48,1059.12,1059.19
sz002536,9.49,10.03,10.19,9.36,35634.0,-7.86,10.3,3485.0,15.0,9.48,343.0,9.5,15.95,1.43,29.81,31.68
sz002757,35.26,38.62,38.62,35.26,40859.0,-10.01,39.18,14890.0,0.0,0.0,131.0,35.26,24.17,2.71,34.6,46.32
sh600999,16.0,16.94,16.94,15.78,447559.0,-8.73,17.53,72286.0,1.0,15.84,515.0,16.0,19.63,1.58,784.59,1071.91
sh603712,17.93,18.0,18.6,17.65,114514.0,-8.57,19.61,20661.0,1.0,17.91,284.0,17.93,60.19,6.12,65.7,138.42
sh603810,37.13,38.39,38.39,36.61,12757.0,-5.5,39.29,4787.0,154.0,37.12,14.0,37.14,18.39,2.56,7.43,29.7
sh603739,22.38,23.9,23.9,22.38,33557.0,-10.01,24.87,7741.0,0.0,0.0,453.0,22.38,41.32,3.7,8.65,34.61
sh600841,7.46,8.16,8.16,7.46,44094.0,-10.01,8.29,3366.0,0.0,0.0,163.0,7.46,56.14,1.72,38.93,64.66
sh600143,4.82,5.02,5.08,4.73,233720.0,-7.31,5.2,11459.0,1314.0,4.8,164.0,4.82,19.74,1.29,123.39,130.95
sz300210,3.74,4.07,4.07,3.74,73031.0,-10.1,4.16,2839.0,0.0,0.0,29218.0,3.74,-14.02,1.54,14.97,18.11
sh603199,20.28,21.69,21.69,20.19,8805.0,-7.35,21.89,1832.0,100.0,20.26,10.0,20.28,22.34,1.97,22.45,22.45
sh600508,9.94,10.37,10.37,9.85,56243.0,-4.88,10.45,5665.0,18.0,9.93,273.0,9.95,12.74,0.74,71.84,71.84
sh600272,7.79,8.12,8.28,7.7,18117.0,-6.82,8.36,1448.0,108.0,7.78,27.0,7.8,55.5,3.62,12.46,18.93
sh600596,11.3,12.21,12.21,11.3,283230.0,-9.96,12.55,32901.0,0.0,0.0,18743.0,11.3,7.29,1.38,77.63,79.77
sz002224,5.86,6.18,6.18,5.65,116701.0,-6.69,6.28,6864.0,407.0,5.85,276.0,5.87,46.57,2.09,29.75,40.7
sz300177,12.26,13.05,13.24,12.26,136545.0,-9.99,13.62,17306.0,0.0,0.0,1307.0,12.26,56.72,2.97,40.34,54.72
sz002062,3.9,3.96,4.08,3.82,72527.0,-7.14,4.2,2886.0,413.0,3.89,151.0,3.91,13.71,1.39,37.39,43.0
sz000869,28.21,28.89,29.29,27.88,31807.0,-4.15,29.43,9116.0,11.0,28.2,2.0,28.26,18.97,1.92,127.92,193.37
sz300647,12.47,13.65,13.65,12.32,40786.0,-8.85,13.68,5223.0,44.0,12.45,161.0,12.47,303.74,5.06,9.77,29.68
sh603993,3.91,4.09,4.11,3.8,1303745.0,-7.13,4.21,51895.0,2955.0,3.89,5936.0,3.91,24.76,2.07,690.73,844.53
sz300311,6.63,7.0,7.15,6.63,160937.0,-10.04,7.37,10994.0,292.0,0.0,606.0,6.64,32.53,3.16,30.46,45.17
sh600231,2.94,3.12,3.12,2.9,161021.0,-6.96,3.16,4866.0,1078.0,2.93,2642.0,2.95,8.06,1.08,81.47,81.47
sh603081,12.33,13.5,13.5,12.33,40679.0,-10.0,13.7,5213.0,0.0,0.0,534.0,12.33,19.96,2.8,9.58,49.54
sz002228,4.77,5.05,5.08,4.74,219416.0,-9.49,5.27,10813.0,1320.0,4.76,178.0,4.78,22.94,1.99,55.59,55.79
sz300127,11.66,12.29,12.5,11.61,30715.0,-7.83,12.65,3683.0,37.0,11.65,11.0,11.67,23.86,2.99,26.48,37.68
sz300765,38.34,39.87,40.98,37.85,39633.0,-6.96,41.21,15589.0,10.0,38.31,169.0,38.34,33.32,3.5,19.17,76.68
sz002276,5.71,6.15,6.19,5.71,170234.0,-9.94,6.34,10104.0,2852.0,0.0,585.0,5.72,47.67,1.47,59.04,59.13
sz300034,11.85,12.18,12.47,11.66,89802.0,-6.62,12.69,10749.0,118.0,11.84,20.0,11.86,45.11,2.91,49.95,53.2
sz002887,19.05,20.3,20.49,19.04,16229.0,-9.93,21.15,3189.0,61.0,19.04,11.0,19.07,19.04,1.71,9.78,30.48
sh600961,7.94,8.4,8.4,7.63,70718.0,-6.26,8.47,5670.0,23.0,7.93,192.0,7.95,-2.54,-2.8,41.88,41.88
sz002013,7.03,7.32,7.32,6.9,342142.0,-5.38,7.43,24249.0,1269.0,7.01,1475.0,7.03,29.92,2.81,253.67,253.69
sh600403,3.93,4.11,4.2,3.91,55989.0,-7.75,4.26,2264.0,175.0,3.91,113.0,3.93,18.27,1.08,93.96,93.96
sz300414,20.14,20.74,22.07,19.62,51118.0,-5.45,21.3,10686.0,48.0,20.13,54.0,20.15,67.29,4.04,31.72,34.42
sz000801,5.75,6.25,6.25,5.75,207743.0,-10.02,6.39,12252.0,0.0,0.0,1890.0,5.75,64.12,2.44,58.81,58.81
sz000616,3.01,3.1,3.18,2.95,207852.0,-5.94,3.2,6403.0,1188.0,2.99,2511.0,3.01,11.06,0.99,43.05,43.05
sh603535,18.58,19.41,19.69,18.39,20983.0,-8.47,20.3,3998.0,13.0,18.57,24.0,18.59,19.79,1.85,12.28,27.94
sz002398,5.93,6.19,6.28,5.79,141675.0,-7.63,6.42,8553.0,1161.0,5.92,90.0,5.94,14.1,1.6,31.16,41.07
sz002126,7.8,8.35,8.35,7.77,118691.0,-8.88,8.56,9521.0,292.0,7.78,1188.0,7.8,17.57,1.71,59.77,62.48
sz002003,7.0,7.38,7.42,6.97,72142.0,-6.67,7.5,5147.0,289.0,6.99,92.0,7.02,16.94,2.23,43.89,53.06
sh601999,5.8,6.38,6.38,5.79,68718.0,-9.8,6.43,4111.0,1225.0,5.79,209.0,5.81,17.99,1.45,31.95,31.95
sh600850,20.26,21.56,21.85,20.26,85871.0,-10.0,22.51,17932.0,0.0,0.0,926.0,20.26,27.92,3.52,86.25,86.25
sh600201,15.64,15.51,16.3,15.28,347715.0,-2.74,16.08,54713.0,78.0,15.62,857.0,15.64,29.4,3.54,176.14,181.37
sz000019,6.96,7.3,7.42,6.8,86974.0,-7.32,7.51,6204.0,321.0,6.94,61.0,6.96,26.34,1.87,28.95,80.22
sz300107,11.31,11.38,11.43,10.8,179925.0,-4.31,11.82,20110.0,377.0,11.29,165.0,11.31,9.54,3.66,37.67,62.06
sz002527,5.97,6.44,6.44,5.85,38995.0,-7.44,6.45,2382.0,1434.0,5.91,324.0,5.98,-14.3,1.49,25.39,37.03
sz002616,6.93,7.38,7.5,6.9,70741.0,-7.97,7.53,5059.0,327.0,6.91,100.0,6.93,26.41,2.38,33.47,51.41
sz002033,5.96,6.32,6.32,5.9,75390.0,-7.74,6.46,4599.0,120.0,5.95,266.0,5.97,18.11,1.33,32.75,32.75
sz300438,18.62,18.7,19.34,18.27,48766.0,-4.02,19.4,9168.0,208.0,18.61,24.0,18.67,22.16,2.31,39.52,52.35
sz300581,12.94,13.88,13.89,12.8,19547.0,-7.77,14.03,2577.0,5.0,12.9,22.0,12.94,32.02,3.53,7.72,22.23
sz002212,14.07,15.0,15.1,14.0,44688.0,-7.19,15.16,6418.0,13.0,14.06,7.0,14.11,39.41,1.96,107.45,163.0
sh603916,12.44,12.51,12.79,12.32,30631.0,-4.45,13.02,3845.0,243.0,12.42,20.0,12.45,13.45,1.81,16.04,38.64
sz300327,21.41,22.23,22.3,21.08,43793.0,-6.1,22.8,9486.0,20.0,21.38,111.0,21.41,29.79,5.54,49.09,49.46
sh600176,9.95,10.5,10.52,9.87,617136.0,-8.72,10.9,62239.0,98.0,9.93,906.0,9.95,15.45,2.37,348.48,348.48
sz300066,3.96,4.25,4.29,3.94,128914.0,-9.17,4.36,5297.0,523.0,3.94,78.0,3.96,40.7,2.54,39.44,41.19
sz002826,10.23,10.89,10.89,10.14,14282.0,-6.75,10.97,1489.0,8.0,10.18,335.0,10.23,75.6,3.11,11.58,19.41
sh600089,7.19,7.6,7.6,7.08,408623.0,-6.99,7.73,30054.0,5952.0,7.18,1904.0,7.2,13.38,0.91,267.06,267.07
sh600444,10.94,11.55,11.71,10.94,25624.0,-10.03,12.16,2885.0,0.0,0.0,3051.0,10.94,26.32,2.82,16.02,16.02
sz002796,34.83,36.0,36.17,34.83,42736.0,-10.0,38.7,14998.0,0.0,0.0,5781.0,34.83,102.67,4.13,20.6,58.62
sh601991,3.15,3.26,3.27,3.13,229325.0,-5.12,3.32,7307.0,2651.0,3.13,561.0,3.15,45.62,1.28,314.82,582.96
sz300195,8.19,8.65,8.67,8.03,60458.0,-7.56,8.86,5073.0,10.0,8.17,190.0,8.19,57.21,0.98,24.79,35.5
sz300294,27.58,29.0,29.39,27.26,24509.0,-7.88,29.94,6929.0,4.0,27.53,86.0,27.58,24.6,3.27,119.51,119.51
sh601375,5.0,5.38,5.45,5.0,341400.0,-9.91,5.55,17633.0,0.0,0.0,221.0,5.0,132.52,1.91,90.14,193.45
sz002060,3.16,3.3,3.31,3.1,156899.0,-5.39,3.34,5025.0,1588.0,3.15,1023.0,3.17,18.17,1.23,37.97,37.99
sz002929,27.07,28.94,29.29,27.07,38499.0,-10.01,30.08,10765.0,0.0,0.0,281.0,27.07,27.82,2.23,20.74,59.76
sz000426,5.04,5.47,5.47,5.01,229317.0,-9.52,5.57,11936.0,1290.0,5.02,52.0,5.04,-29.65,1.85,67.05,94.17
sz300580,15.06,16.0,16.24,15.06,37056.0,-9.98,16.73,5731.0,0.0,0.0,694.0,15.06,18.83,2.13,9.96,30.12
sh603527,10.41,10.97,10.97,10.25,18294.0,-6.72,11.16,1936.0,92.0,10.4,13.0,10.42,21.24,2.06,11.19,18.13
sz300385,21.7,23.28,23.68,21.11,15141.0,-7.46,23.45,3359.0,170.0,21.63,1.0,21.71,63.75,2.43,12.57,28.24
sz300255,7.04,7.28,7.5,7.04,161601.0,-9.97,7.82,11746.0,0.0,0.0,33196.0,7.04,43.51,2.56,45.49,65.82
sz002838,17.7,18.75,18.75,17.31,16532.0,-6.79,18.99,2984.0,36.0,17.61,250.0,17.7,33.37,4.55,13.22,44.6
sz002932,38.5,41.58,41.58,38.5,7710.0,-9.37,42.48,3067.0,14.0,38.39,3.0,38.6,40.12,4.24,6.41,25.64
sh600315,29.0,29.2,29.4,28.31,70008.0,-3.97,30.2,20209.0,122.0,28.98,38.0,29.01,31.25,3.2,194.66,194.66
sz000969,7.37,7.53,7.78,7.18,266711.0,-5.87,7.83,19886.0,432.0,7.36,402.0,7.38,-43.79,1.75,70.99,75.62
sz000899,5.16,5.54,5.54,5.11,61896.0,-7.86,5.6,3302.0,277.0,5.15,216.0,5.17,20.08,1.06,50.34,50.34
sz300334,7.2,7.63,7.7,7.11,55150.0,-8.4,7.86,4117.0,459.0,7.18,120.0,7.2,-280.18,1.32,21.02,21.88
sh600052,3.07,3.3,3.3,3.06,51042.0,-8.9,3.37,1615.0,902.0,3.06,275.0,3.08,52.87,1.1,26.76,26.76
sh600277,8.1,8.89,8.95,8.1,554534.0,-10.0,9.0,48339.0,0.0,0.0,355668.0,8.1,26.38,1.47,216.59,221.85
sz300437,12.61,13.22,13.22,12.23,21537.0,-6.59,13.5,2749.0,146.0,12.59,6.0,12.61,11.99,1.89,16.72,27.53
sz300378,15.21,15.7,15.89,15.21,95332.0,-10.0,16.9,14772.0,0.0,0.0,32000.0,15.21,63.32,3.07,39.91,40.25
sz002833,40.5,41.99,42.83,40.11,7884.0,-5.66,42.93,3230.0,7.0,40.35,57.0,40.5,19.84,4.48,23.28,54.79
sh600360,5.09,5.5,5.5,5.09,254292.0,-9.91,5.65,13315.0,0.0,0.0,5190.0,5.09,49.07,1.6,48.61,49.08
sz000520,3.2,3.32,3.32,3.13,193718.0,-5.6,3.39,6257.0,272.0,3.18,915.0,3.2,54.47,8.31,32.39,32.39
sz002951,22.47,24.0,24.0,22.47,56910.0,-10.01,24.97,13166.0,0.0,0.0,1276.0,22.47,46.15,6.76,10.11,91.0
sh600718,12.27,13.18,13.2,12.27,179034.0,-9.98,13.63,22614.0,0.0,0.0,6567.0,12.27,177.33,1.77,152.44,152.44
sh603866,34.92,36.5,36.5,34.53,13418.0,-6.88,37.5,4762.0,21.0,34.9,1.0,34.92,35.11,6.49,230.08,230.08
sz002407,12.29,13.34,13.35,12.29,192668.0,-10.03,13.66,24350.0,0.0,0.0,983.0,12.29,264.56,2.39,66.8,84.05
sz300687,21.52,22.61,22.9,21.52,27847.0,-10.0,23.91,6135.0,0.0,0.0,439.0,21.52,30.18,3.61,13.48,31.23
sh601333,3.25,3.35,3.38,3.18,422208.0,-4.97,3.42,13899.0,2252.0,3.24,1456.0,3.26,31.61,0.79,183.7,230.21
sz000612,4.29,4.48,4.49,4.2,74478.0,-5.92,4.56,3241.0,796.0,4.28,214.0,4.3,-12.17,1.23,51.03,51.15
sh601360,20.83,22.31,22.35,20.61,78356.0,-8.84,22.85,16726.0,20.0,20.76,243.0,20.83,38.04,5.55,82.73,1408.95
sz300459,8.4,8.58,8.79,8.24,142997.0,-8.2,9.15,12054.0,10.0,8.24,1543.0,8.4,20.64,2.34,64.06,165.58
sz300143,7.48,7.86,7.88,7.31,60842.0,-6.62,8.01,4601.0,40.0,7.46,485.0,7.48,266.55,2.0,31.7,40.9
sz002142,21.41,22.5,22.55,21.22,295719.0,-6.51,22.9,64445.0,363.0,21.4,5.0,21.43,9.49,1.59,991.46,1115.16
sh600502,4.21,4.49,4.52,4.17,185468.0,-8.28,4.59,8036.0,581.0,4.2,799.0,4.22,9.05,1.04,38.34,72.46
sh603897,20.1,21.25,21.35,20.05,20425.0,-7.92,21.83,4230.0,54.0,20.09,47.0,20.13,20.46,2.09,11.09,35.86
sz002574,5.47,5.67,5.81,5.38,88359.0,-4.87,5.75,4980.0,51.0,5.46,159.0,5.49,29.72,0.89,28.88,28.88
sz002476,5.19,5.75,5.75,5.18,127330.0,-9.74,5.75,6850.0,1699.0,0.0,1300.0,5.19,-12.81,4.4,30.43,31.76
sz000509,3.11,3.3,3.34,3.11,316126.0,-9.86,3.45,10051.0,0.0,0.0,34802.0,3.11,-49.31,334.41,25.67,25.67
sh603602,26.96,28.89,28.89,26.96,38898.0,-10.01,29.96,10778.0,0.0,0.0,950.0,26.96,69.71,4.5,17.89,30.2
sh603192,26.37,27.95,28.0,26.0,18051.0,-8.56,28.84,4926.0,58.0,26.36,30.0,26.38,23.85,2.46,7.03,28.13
sz002949,19.74,21.11,21.39,19.74,41244.0,-9.99,21.93,8435.0,0.0,0.0,7.0,19.74,29.03,3.64,9.68,38.7
sz300045,8.33,9.05,9.05,8.33,79204.0,-9.85,9.24,6852.0,2285.0,0.0,554.0,8.33,37.37,2.72,33.92,51.27
sh601088,18.89,19.2,19.4,18.7,225327.0,-4.06,19.69,42856.0,356.0,18.87,574.0,18.89,8.38,1.1,3115.16,3757.15
sz000819,9.62,10.1,10.1,9.4,56491.0,-7.77,10.43,5523.0,65.0,9.61,206.0,9.63,52.98,3.51,26.1,26.1
sh603180,57.33,60.02,61.87,57.01,9804.0,-8.46,62.63,5792.0,4.0,57.32,11.0,57.34,18.37,3.89,10.56,38.7
sh600808,3.35,3.43,3.43,3.27,715957.0,-3.74,3.48,23901.0,3224.0,3.33,3395.0,3.35,5.6,0.91,199.92,257.97
sz300078,9.54,10.11,10.2,9.44,184840.0,-8.62,10.44,18111.0,6.0,9.52,211.0,9.54,51.48,3.47,69.57,77.07
sz002152,6.4,6.7,6.7,6.35,349672.0,-8.05,6.96,22907.0,1729.0,6.39,1707.0,6.41,22.64,1.72,153.18,154.18
sh600872,34.5,34.9,35.85,33.56,81634.0,-4.3,36.05,28436.0,592.0,34.49,2.0,34.54,43.83,7.63,274.84,274.84
sh600367,7.6,7.93,7.93,7.42,35120.0,-6.63,8.14,2710.0,10.0,7.58,57.0,7.6,20.43,1.75,22.13,22.65
sz002926,9.47,10.1,10.15,9.47,359573.0,-9.98,10.52,35156.0,0.0,0.0,2844.0,9.47,24.12,1.32,168.39,248.59
sz000859,5.27,5.59,5.62,5.27,395788.0,-9.91,5.85,21425.0,0.0,0.0,34252.0,5.27,37.6,2.48,38.96,38.97
sz002373,16.95,17.7,18.09,16.94,243379.0,-9.94,18.82,41946.0,1506.0,16.94,216.0,16.96,30.97,3.08,161.54,251.98
sz002878,26.7,29.0,29.0,26.7,9470.0,-9.34,29.45,2616.0,78.0,26.69,105.0,26.72,35.23,5.51,9.75,34.82
sz002029,6.52,6.96,6.98,6.49,114875.0,-7.78,7.07,7702.0,44.0,6.51,125.0,6.53,13.91,0.84,48.53,49.27
sz000792,7.42,6.87,7.42,6.8,777949.0,4.95,7.07,56739.0,59373.0,7.41,0.0,0.0,-6.01,1.38,204.04,206.73
sh600362,14.08,14.5,14.7,13.91,320244.0,-8.15,15.33,45867.0,131.0,14.06,78.0,14.08,20.11,0.97,292.19,487.55
sz300101,9.89,10.2,10.4,9.61,101140.0,-6.87,10.62,10162.0,180.0,9.88,30.0,9.9,-911.58,5.92,54.36,55.32
sz000055,5.32,5.76,5.76,5.32,217497.0,-9.98,5.91,11891.0,0.0,0.0,1724.0,5.32,2.69,1.2,36.08,59.76
sh601388,2.13,2.13,2.13,2.13,105109.0,-10.13,2.37,2239.0,0.0,0.0,399748.0,2.13,147.87,1.68,43.14,43.14
sh600023,4.59,4.69,4.69,4.55,267869.0,-3.16,4.74,12389.0,1193.0,4.57,3663.0,4.59,13.78,0.99,624.27,624.27
sz002306,3.38,3.54,3.54,3.38,60587.0,-5.06,3.56,2089.0,0.0,0.0,993.0,3.38,331.95,152.25,26.81,27.04
sz300504,22.44,24.0,24.0,22.44,41869.0,-9.99,24.93,9605.0,0.0,0.0,3466.0,22.44,40.02,3.32,22.27,60.01
sz300039,4.34,4.62,4.66,4.28,131715.0,-8.63,4.75,5883.0,87.0,4.33,1247.0,4.35,23.38,1.83,46.11,46.5
sh600590,6.42,6.66,6.89,6.42,162366.0,-9.96,7.13,10736.0,0.0,0.0,4001.0,6.42,20.44,1.37,53.69,55.62
sz300615,16.05,17.0,17.31,16.05,24748.0,-9.98,17.83,4096.0,0.0,0.0,516.0,16.05,149.4,5.03,6.28,23.55
sz300553,31.76,33.37,33.9,31.16,4005.0,-7.97,34.51,1304.0,6.0,31.64,13.0,31.76,90.34,4.63,5.32,15.24
sz002578,3.36,3.5,3.52,3.27,87475.0,-5.88,3.57,2969.0,23.0,3.34,72.0,3.36,92.1,2.2,18.93,33.2
sz002933,40.13,42.37,43.44,40.0,16976.0,-9.25,44.22,7066.0,66.0,40.12,16.0,40.2,34.08,3.18,11.78,47.09
sh600567,3.37,3.5,3.5,3.32,692356.0,-6.13,3.59,23571.0,1252.0,3.36,5228.0,3.38,5.05,1.16,154.5,154.5
sz300412,6.48,7.0,7.08,6.46,33278.0,-9.75,7.18,2252.0,425.0,6.47,81.0,6.52,49.06,2.14,14.39,16.83
sz300526,11.87,12.6,12.87,11.87,38601.0,-10.01,13.19,4719.0,0.0,0.0,2519.0,11.87,123.08,3.71,7.14,20.35
sz002705,10.8,11.69,11.69,10.8,54570.0,-10.0,12.0,5980.0,0.0,0.0,71.0,10.8,15.78,2.18,85.99,86.56
sz002022,9.87,10.54,10.56,9.79,89315.0,-8.61,10.8,9049.0,226.0,9.86,43.0,9.88,24.35,2.3,50.59,50.85
sz000725,3.32,3.54,3.55,3.27,8572914.0,-7.78,3.6,291367.0,48072.0,3.3,20311.0,3.32,46.81,1.33,1124.14,1155.31
sz002201,6.49,7.0,7.07,6.49,31178.0,-9.99,7.21,2103.0,0.0,0.0,4141.0,6.49,115.14,2.39,21.52,21.58
sh600661,20.05,20.65,21.18,20.05,14634.0,-1.91,20.44,3016.0,41.0,20.02,29.0,20.14,-22.34,4.76,51.94,57.45
sz300683,28.6,30.62,30.62,28.3,12145.0,-8.57,31.28,3590.0,9.0,28.58,2.0,28.62,29.49,1.72,13.6,29.56
sz000498,5.5,5.86,5.86,5.42,175155.0,-8.64,6.02,9860.0,503.0,5.48,589.0,5.5,8.38,1.2,61.6,61.61
sh600890,6.8,7.08,7.12,6.63,51181.0,-6.08,7.24,3545.0,820.0,6.79,6.0,6.82,-92.83,16.24,39.39,39.39
sh603311,10.13,10.8,10.8,9.98,20386.0,-7.06,10.9,2115.0,232.0,10.11,25.0,10.13,32.66,2.74,21.27,21.27
sz002394,10.28,10.84,10.84,10.25,37628.0,-5.77,10.91,3946.0,157.0,10.27,79.0,10.29,8.26,1.06,33.28,34.61
sz000837,4.41,4.66,4.74,4.37,137343.0,-9.07,4.85,6219.0,839.0,4.39,191.0,4.41,-11.0,1.2,25.69,30.58
sh601226,4.46,4.74,4.74,4.37,114091.0,-8.23,4.86,5206.0,848.0,4.45,517.0,4.47,78.85,1.46,51.51,51.51
sz002643,10.0,10.5,10.66,9.89,99453.0,-8.68,10.95,10253.0,20.0,9.98,1046.0,10.0,18.87,2.01,87.74,90.91
sz002185,4.38,4.75,4.75,4.38,490602.0,-10.06,4.87,22164.0,0.0,0.0,8963.0,4.38,28.7,1.6,93.31,93.34
sh603798,10.14,10.81,10.81,9.98,20233.0,-7.48,10.96,2117.0,127.0,10.12,115.0,10.14,26.49,2.19,20.28,20.28
sh603885,12.19,13.0,13.0,12.14,184433.0,-9.1,13.41,23010.0,479.0,12.18,201.0,12.2,18.24,2.23,219.06,219.06
sh601798,5.8,5.9,5.99,5.8,37802.0,-5.07,6.11,2214.0,0.0,0.0,2793.0,5.8,28.95,1.15,20.56,20.56
sh603239,9.9,10.75,10.8,9.9,27273.0,-10.0,11.0,2792.0,54.0,0.0,21.0,9.91,24.03,2.66,8.98,26.8
sz000665,7.97,8.24,8.24,7.8,118772.0,-7.0,8.57,9538.0,48838.0,7.96,956.0,7.98,34.6,0.84,54.29,54.3
sz300690,20.97,22.18,22.67,20.97,24771.0,-10.0,23.3,5382.0,0.0,0.0,70.0,20.97,21.97,2.45,10.96,23.26
sz000591,3.34,3.6,3.6,3.31,296424.0,-9.24,3.68,10221.0,20.0,3.33,772.0,3.35,11.87,0.78,68.04,100.44
sh603808,15.97,16.8,16.84,15.95,30138.0,-7.31,17.23,4932.0,51.0,15.95,136.0,15.97,14.21,2.22,51.99,53.13
sz300190,5.75,5.99,6.08,5.7,79831.0,-6.66,6.16,4692.0,305.0,5.74,413.0,5.76,17.49,1.22,41.1,45.07
sz300481,13.33,13.76,13.87,13.33,111782.0,-9.99,14.81,15014.0,0.0,0.0,1629.0,13.33,30.26,4.32,33.9,34.27
sz300512,12.68,13.19,13.24,12.47,18894.0,-6.83,13.61,2443.0,99.0,12.67,103.0,12.69,19.56,2.53,9.87,34.24
sh600887,30.0,30.49,30.99,29.55,913766.0,-3.23,31.0,273937.0,50.0,29.9,294.0,30.0,27.56,6.93,1811.94,1823.44
sz300631,14.67,15.7,15.88,14.59,15185.0,-9.22,16.16,2319.0,45.0,14.66,13.0,14.68,27.02,2.45,10.17,15.48
sh600566,33.23,34.75,35.3,32.81,103096.0,-7.95,36.1,34918.0,59.0,33.2,87.0,33.23,15.64,4.61,270.79,270.79
sz300168,13.46,14.36,14.46,13.46,216168.0,-9.97,14.95,29808.0,0.0,0.0,18598.0,13.46,60.38,4.07,146.95,147.99
sz002302,11.23,11.93,12.13,11.23,216022.0,-10.02,12.48,25128.0,0.0,0.0,11155.0,11.23,37.04,2.17,139.15,141.76
sh600348,5.83,6.09,6.13,5.73,330470.0,-6.87,6.26,19593.0,1088.0,5.82,1514.0,5.84,7.01,0.83,140.21,140.21
sh600377,9.92,9.98,9.98,9.85,78184.0,-1.59,10.08,7754.0,276.0,9.9,308.0,9.92,11.37,1.79,376.76,499.74
sz002245,4.55,4.87,4.87,4.55,207248.0,-10.08,5.06,9663.0,0.0,0.0,371.0,4.55,25.49,2.24,41.61,44.65
sh603339,15.2,16.0,16.0,15.07,15836.0,-7.6,16.45,2454.0,3.0,15.18,66.0,15.2,16.99,1.91,8.95,32.03
sz300040,5.71,6.17,6.22,5.71,68177.0,-9.94,6.34,4005.0,0.0,0.0,1209.0,5.71,41.63,1.01,13.41,19.59
sz300300,10.38,10.96,11.12,10.28,66199.0,-9.11,11.42,7021.0,112.0,10.35,299.0,10.38,38.49,2.83,69.69,70.91
sh601169,6.21,6.23,6.33,6.13,1170515.0,-2.51,6.37,72797.0,327.0,6.19,1252.0,6.21,6.39,0.73,1133.2,1312.98
sh601898,4.83,5.03,5.04,4.72,333448.0,-5.29,5.1,16266.0,27.0,4.81,693.0,4.83,17.87,0.68,442.04,640.39
sz300193,7.05,7.5,7.5,7.05,48524.0,-7.84,7.65,3514.0,65.0,7.03,82.0,7.05,18.11,1.47,32.26,35.74
sz000657,5.85,6.2,6.27,5.81,49805.0,-8.31,6.38,3013.0,298.0,5.84,145.0,5.86,45.6,1.6,20.11,51.49
sz300340,16.08,17.4,17.4,16.08,48340.0,-10.02,17.87,8042.0,0.0,0.0,2370.0,16.08,65.84,2.33,24.61,34.11
sz000617,11.81,12.48,12.51,11.6,39580.0,-7.73,12.8,4768.0,258.0,11.8,16.0,11.82,14.4,1.33,33.96,1066.45
sz002772,7.32,7.48,7.6,7.13,63854.0,-4.81,7.69,4701.0,210.0,7.3,30.0,7.32,29.57,1.08,18.72,26.91
sz002275,13.33,14.01,14.11,13.1,19734.0,-5.59,14.12,2703.0,3.0,13.32,10.0,13.35,18.84,2.77,71.1,78.67
sz000718,3.55,3.83,3.84,3.53,181545.0,-8.03,3.86,6576.0,319.0,3.53,74.0,3.55,11.56,1.26,81.27,107.73
sz300024,15.3,16.25,16.25,15.12,252052.0,-8.66,16.75,39612.0,1016.0,15.29,32.0,15.31,52.36,3.84,231.59,238.72
sz300369,12.76,13.5,13.5,12.76,69948.0,-10.01,14.18,9102.0,0.0,0.0,3195.0,12.76,59.25,3.26,91.8,102.04
sz002839,6.41,6.35,6.66,6.1,397808.0,-1.23,6.49,25407.0,304.0,6.4,1159.0,6.42,13.37,1.18,55.11,115.86
sz000732,16.63,17.51,17.75,16.39,130147.0,-8.48,18.17,22284.0,612.0,16.61,1920.0,16.63,6.29,0.97,206.72,206.95
sh603818,7.25,7.73,7.73,7.17,19595.0,-7.05,7.8,1470.0,158.0,7.23,13.0,7.3,-47.31,2.52,35.1,35.62
sh603721,23.4,25.79,25.8,23.4,17073.0,-10.0,26.0,4241.0,0.0,0.0,10823.0,23.4,223.82,4.43,11.08,23.4
sh600123,7.21,7.6,7.62,7.11,212772.0,-7.56,7.8,15705.0,715.0,7.2,429.0,7.22,7.52,0.79,82.37,82.37
sh603583,63.4,66.0,66.0,63.4,5230.0,-9.99,70.44,3341.0,0.0,0.0,4603.0,63.4,28.59,4.54,19.15,77.61
sh601929,2.37,2.57,2.57,2.35,452803.0,-9.2,2.61,11000.0,2792.0,2.36,695.0,2.38,24.42,1.11,73.73,73.73
sz300182,4.71,4.99,5.07,4.71,401742.0,-9.94,5.23,19504.0,0.0,0.0,9161.0,4.71,422.35,1.22,81.86,121.28
sz300001,17.66,19.0,19.0,17.66,122594.0,-9.99,19.62,22294.0,0.0,0.0,1284.0,17.66,111.21,5.58,163.31,176.17
sz000409,6.25,6.4,6.47,6.25,49021.0,-5.02,6.58,3077.0,0.0,0.0,14738.0,6.25,47.98,3.4,25.35,31.93
sz002222,10.73,11.41,11.47,10.67,109997.0,-9.53,11.86,12152.0,201.0,10.71,25.0,10.73,30.8,5.01,45.38,45.87
sz300625,13.44,14.38,14.38,13.38,14568.0,-7.31,14.5,2015.0,16.0,13.43,496.0,13.45,25.09,1.82,12.41,37.63
sz300328,8.31,8.94,8.94,8.31,61761.0,-9.97,9.23,5264.0,0.0,0.0,15291.0,8.31,66.38,3.09,38.25,38.25
sz000586,9.5,10.28,10.46,9.5,104412.0,-9.95,10.55,10396.0,0.0,0.0,2481.0,9.5,-68242.22,7.88,18.38,18.38
sh600196,26.56,28.18,28.18,26.4,310167.0,-8.73,29.1,84747.0,146.0,26.54,2586.0,26.56,25.08,2.37,507.43,680.71
sz000722,7.19,7.77,7.77,7.15,94101.0,-9.45,7.94,6908.0,261.0,7.17,506.0,7.19,31.27,1.16,33.37,33.37
sz002465,8.4,9.01,9.03,8.36,346814.0,-9.48,9.28,30178.0,294.0,8.38,1279.0,8.4,44.59,2.29,175.37,193.78
sz300041,7.75,7.75,7.86,7.62,70734.0,-2.64,7.96,5452.0,142.0,7.74,398.0,7.76,30.68,1.83,22.41,32.99
sh601179,3.75,3.9,3.9,3.68,226438.0,-6.48,4.01,8636.0,56.0,3.74,5.0,3.77,40.06,0.97,192.22,192.22
sz002294,22.4,23.48,23.56,22.22,112970.0,-6.9,24.06,25966.0,285.0,22.39,180.0,22.41,17.17,3.36,234.27,234.31
sh603078,24.45,25.8,25.9,24.17,8002.0,-8.56,26.74,2014.0,39.0,24.3,48.0,24.46,56.88,2.65,11.71,20.54
sz300052,9.64,10.19,10.28,9.64,62593.0,-9.99,10.71,6169.0,0.0,0.0,2235.0,9.64,75.09,3.35,25.07,25.52
sz000898,5.08,5.27,5.27,5.03,277984.0,-5.22,5.36,14282.0,164.0,5.07,1432.0,5.09,5.69,0.7,312.37,367.53
sh600400,3.8,3.94,3.94,3.66,131087.0,-5.71,4.03,4982.0,10.0,3.77,113.0,3.8,45.79,2.29,94.86,96.26
sz002004,4.96,5.31,5.31,4.93,189104.0,-7.81,5.38,9589.0,532.0,4.94,463.0,4.96,19.07,1.1,88.99,98.2
sh600987,10.05,10.41,10.48,9.82,59740.0,-6.69,10.77,6078.0,14.0,10.02,835.0,10.05,11.12,1.69,63.85,74.91
sh600256,3.75,3.97,3.97,3.65,1180746.0,-7.41,4.05,44741.0,3353.0,3.73,5482.0,3.75,15.34,1.63,252.64,254.77
sh600178,4.98,5.2,5.26,4.86,74936.0,-7.78,5.4,3776.0,42.0,4.88,448.0,4.98,-1099.62,1.23,23.01,23.01
sz300582,12.46,13.0,13.31,12.26,38994.0,-8.04,13.55,4985.0,257.0,12.45,19.0,12.48,33.71,2.54,14.87,24.67
sz300549,12.23,13.0,13.33,12.23,12302.0,-10.01,13.59,1543.0,0.0,0.0,298.0,12.23,39.56,3.12,8.47,16.31
sz002936,5.35,5.36,5.57,5.17,356382.0,-1.65,5.44,19086.0,776.0,5.34,1790.0,5.36,10.74,1.06,32.1,316.82
sz002282,8.7,9.28,9.3,8.57,35503.0,-8.61,9.52,3144.0,894.0,8.69,14.0,8.71,42.91,1.77,19.62,38.08
sz000150,10.0,10.7,10.7,9.8,195988.0,-8.17,10.89,19692.0,1139.0,9.99,231.0,10.01,48.26,2.54,57.57,62.69
sz300214,6.14,6.66,6.66,6.14,97080.0,-9.97,6.82,6165.0,0.0,0.0,7691.0,6.14,27.77,1.59,19.07,26.14
sz300551,14.77,15.7,15.7,14.77,22546.0,-9.99,16.41,3390.0,0.0,0.0,2128.0,14.77,97.68,3.1,9.59,16.25
sh600375,4.94,5.29,5.29,4.94,194188.0,-10.02,5.49,9843.0,0.0,0.0,4364.0,4.94,49.28,0.97,27.45,27.45
sz001979,20.63,21.4,21.6,19.91,335538.0,-6.23,22.0,69799.0,16.0,20.61,247.0,20.63,13.56,2.37,495.6,1630.61
sz300370,3.73,3.95,4.04,3.73,558467.0,-9.9,4.14,21668.0,0.0,0.0,17671.0,3.73,-6.73,4.21,26.95,35.7
sh603779,13.0,13.78,13.78,12.7,18693.0,-5.87,13.81,2469.0,18.0,12.99,1.0,13.01,61.71,2.12,13.42,29.85
sz002091,6.31,6.69,6.69,6.24,204531.0,-8.68,6.91,13201.0,213.0,6.3,123.0,6.32,9.85,1.24,61.35,99.12
sh600481,3.85,4.0,4.05,3.78,134211.0,-7.45,4.16,5245.0,210.0,3.83,1109.0,3.85,22.12,2.78,62.39,63.04
sh603022,7.86,8.28,8.28,7.66,25213.0,-5.87,8.35,2008.0,11.0,7.84,13.0,7.86,52.34,2.52,15.72,15.72
sz300641,5.07,5.4,5.46,5.05,28920.0,-8.98,5.57,1522.0,259.0,5.06,231.0,5.08,48.07,1.89,11.33,24.82
sz300354,8.93,9.41,9.45,8.86,26751.0,-8.41,9.75,2451.0,153.0,8.92,5.0,8.97,63.7,3.48,6.74,12.35
sz001965,7.94,8.2,8.27,7.9,98834.0,-5.02,8.36,7970.0,37.0,7.93,354.0,7.95,12.09,1.05,44.05,490.55
sh603829,10.04,10.9,10.9,10.04,29300.0,-10.04,11.16,3031.0,0.0,0.0,131.0,10.04,25.99,2.42,7.27,16.06
sz000889,10.4,10.78,10.83,10.05,41208.0,-6.89,11.17,4264.0,40.0,0.0,738.0,10.4,29.01,1.91,64.65,69.59
sz002945,10.09,10.45,10.82,10.09,195075.0,-9.99,11.21,20193.0,0.0,0.0,14308.0,10.09,76.71,5.35,27.24,272.43
sz002421,3.85,4.13,4.13,3.81,295956.0,-8.98,4.23,11737.0,958.0,3.83,1124.0,3.85,36.5,2.27,62.88,73.23
sz000507,6.52,6.86,6.86,6.38,167338.0,-7.52,7.05,11079.0,382.0,6.51,478.0,6.53,32.58,1.25,50.34,51.48
sz002497,6.5,6.95,6.95,6.47,214312.0,-8.06,7.07,14365.0,525.0,6.49,736.0,6.51,38.77,2.4,55.02,62.4
sh603809,15.95,16.51,16.77,15.6,16839.0,-6.4,17.04,2716.0,5.0,15.81,123.0,15.95,15.61,1.51,13.11,23.82
sz002254,10.9,11.3,11.3,10.46,86903.0,-4.22,11.38,9439.0,104.0,10.88,225.0,10.9,41.19,3.03,66.58,66.58
sz300425,5.16,5.5,5.53,5.16,114826.0,-9.95,5.73,6110.0,1726.0,0.0,162.0,5.17,23.93,2.21,32.56,34.93
sz000880,7.77,8.2,8.34,7.76,27039.0,-9.86,8.62,2175.0,155.0,7.76,76.0,7.78,63.56,1.55,10.5,21.45
sh600290,5.18,5.63,5.63,5.18,247695.0,-9.91,5.75,13252.0,0.0,0.0,4610.0,5.18,-37.2,0.97,39.36,39.36
sh600397,2.76,2.79,2.89,2.71,232189.0,-5.15,2.91,6495.0,1983.0,2.74,1338.0,2.76,39.32,3.11,27.32,27.32
sh603989,17.91,18.94,18.94,17.8,23221.0,-5.49,18.95,4203.0,3.0,17.9,36.0,17.99,22.82,3.58,69.85,69.85
sz000705,6.68,7.16,7.16,6.6,40248.0,-8.49,7.3,2764.0,35.0,6.67,142.0,6.69,30.72,1.55,18.84,22.32
sz000429,8.53,8.69,8.69,8.38,58271.0,-2.74,8.77,4997.0,130.0,8.52,234.0,8.54,10.56,1.78,40.01,178.35
sz002462,15.95,17.28,17.28,15.9,60222.0,-9.27,17.58,9935.0,116.0,15.93,80.0,15.95,11.8,1.54,39.77,39.96
sh603757,19.31,20.0,20.0,19.16,11431.0,-6.03,20.55,2240.0,50.0,19.28,362.0,19.31,14.41,2.19,6.76,22.65
sh600746,6.61,7.08,7.08,6.61,59995.0,-9.95,7.34,4052.0,0.0,0.0,503.0,6.61,258.52,3.98,20.14,20.25
sz300520,17.2,18.6,18.6,17.2,42006.0,-9.99,19.11,7417.0,0.0,0.0,5812.0,17.2,72.34,3.16,19.38,41.15
sz002281,25.32,27.0,27.1,25.32,167302.0,-9.99,28.13,43436.0,0.0,0.0,3294.0,25.32,53.76,4.03,159.15,171.42
sz002510,4.01,4.35,4.35,4.01,250392.0,-10.09,4.46,10315.0,0.0,0.0,1740.0,4.01,17.57,1.41,31.55,36.93
sz000800,9.44,9.9,10.09,9.44,374460.0,-10.01,10.49,36474.0,0.0,0.0,10823.0,9.44,108.7,1.89,133.27,153.64
sz002521,5.42,5.92,5.93,5.42,92398.0,-9.97,6.02,5183.0,0.0,0.0,655.0,5.42,70.34,0.79,23.05,26.81
sz000428,2.79,2.98,3.0,2.71,80940.0,-7.31,3.01,2298.0,55.0,2.77,227.0,2.79,-5.93,1.16,28.43,28.43
sh600673,8.15,8.63,8.89,8.15,359716.0,-10.04,9.06,30385.0,0.0,0.0,2057.0,8.15,20.85,3.48,200.4,245.63
sh603177,9.52,10.4,10.4,9.52,25012.0,-10.02,10.58,2469.0,0.0,0.0,91.0,9.52,190.69,3.71,5.88,19.23
sz002068,5.45,5.9,5.95,5.45,164138.0,-9.92,6.05,9194.0,0.0,0.0,276.0,5.45,20.63,1.2,33.08,39.62
sz000683,2.86,2.95,2.97,2.76,1097805.0,-5.61,3.03,31640.0,2344.0,2.84,1056.0,2.86,9.2,1.17,81.67,113.73
sh600383,11.43,11.71,11.86,11.19,459608.0,-5.77,12.13,53303.0,55.0,11.41,257.0,11.43,6.07,1.08,516.02,516.02
sz300600,17.78,19.15,19.15,17.78,18716.0,-10.02,19.76,3409.0,0.0,0.0,455.0,17.78,30.54,2.69,11.74,29.99
sh600540,4.28,4.56,4.74,4.2,107881.0,-6.35,4.57,4826.0,578.0,4.26,516.0,4.28,278.64,3.17,20.16,20.16
sh603876,15.36,16.18,16.35,15.18,39189.0,-8.35,16.76,6210.0,419.0,15.35,102.0,15.37,23.83,1.92,36.19,66.05
sh600276,64.2,65.0,65.0,63.02,348033.0,-2.36,65.75,222759.0,416.0,64.08,2.0,64.22,65.9,13.9,2827.31,2839.59
sz300395,17.18,17.98,18.34,17.11,36925.0,-6.43,18.36,6557.0,100.0,17.16,111.0,17.18,30.64,4.74,46.23,51.47
sz002105,4.26,4.5,4.52,4.15,49262.0,-7.19,4.59,2136.0,136.0,4.24,204.0,4.26,172.57,3.13,15.7,15.7
sz002230,29.08,30.99,31.11,29.08,490935.0,-10.0,32.31,146407.0,0.0,0.0,2849.0,29.08,108.28,7.22,529.73,608.51
sz300389,13.98,14.91,14.98,13.98,27628.0,-9.34,15.42,3992.0,109.0,13.97,273.0,13.99,18.12,3.45,22.95,44.72
sh600917,7.09,7.5,7.55,6.96,109682.0,-8.28,7.73,7933.0,146.0,7.07,407.0,7.09,33.35,2.74,110.32,110.32
sz002274,11.15,11.49,11.75,11.15,374303.0,-10.01,12.39,42420.0,0.0,0.0,60637.0,11.15,35.19,2.6,69.72,70.79
sh600789,8.37,8.99,9.0,8.37,309647.0,-10.0,9.3,26736.0,0.0,0.0,8281.0,8.37,47.62,1.9,54.86,56.67
sh603928,13.07,13.78,13.78,12.74,17285.0,-6.58,13.99,2292.0,65.0,13.05,20.0,13.07,18.05,2.07,8.2,26.35
sz300015,34.5,35.98,36.5,34.47,245417.0,-7.58,37.33,86808.0,2.0,34.48,9104.0,34.5,75.38,13.76,657.48,822.27
sz300502,26.62,27.62,27.62,26.62,34893.0,-10.01,29.58,9365.0,0.0,0.0,10710.0,26.62,93.44,5.42,42.92,63.43
sz002802,19.97,21.78,21.78,19.82,7907.0,-8.44,21.81,1629.0,204.0,19.9,11.0,20.0,29.28,3.5,7.82,21.64
sz002776,25.6,26.5,26.5,24.8,39786.0,-3.43,26.51,10107.0,79.0,25.35,10.0,25.6,45.31,3.9,92.34,92.34
sz002186,11.75,12.33,12.33,11.52,19168.0,-5.85,12.48,2291.0,36.0,11.73,191.0,11.75,77.94,2.4,35.99,36.24
sz300591,5.79,6.01,6.2,5.73,36587.0,-7.36,6.25,2169.0,99.0,5.78,73.0,5.8,47.11,3.69,6.62,18.06
sz300726,17.15,18.0,18.18,16.98,32996.0,-8.58,18.76,5809.0,192.0,17.14,114.0,17.16,29.11,4.27,18.6,68.62
sh600389,18.97,19.61,19.96,18.8,37878.0,-7.06,20.41,7337.0,9.0,18.95,135.0,18.97,14.15,2.94,56.34,56.34
sz000836,4.24,4.45,4.58,4.24,620268.0,-9.98,4.71,27095.0,0.0,0.0,3855.0,4.24,83.1,3.84,51.24,51.24
sz300246,13.03,13.88,13.88,12.9,21748.0,-8.56,14.25,2909.0,18.0,13.01,35.0,13.03,30.95,3.5,14.04,19.04
sh603303,12.86,14.09,14.09,12.86,81694.0,-10.01,14.29,10628.0,0.0,0.0,826.0,12.86,20.9,2.03,13.12,52.47
sz300436,25.05,26.89,26.89,24.78,15809.0,-7.56,27.1,4081.0,31.0,25.04,40.0,25.07,295.88,6.29,28.15,35.37
sz002817,17.39,18.6,18.6,17.25,10076.0,-9.19,19.15,1786.0,29.0,17.35,23.0,17.39,44.22,2.15,7.22,15.07
sh600570,74.75,77.58,80.12,74.75,233995.0,-9.99,83.05,180026.0,0.0,0.0,5663.0,74.75,46.84,12.84,461.81,461.81
sh600908,6.14,6.29,6.41,6.02,184142.0,-4.21,6.41,11444.0,82.0,6.13,85.0,6.15,10.02,1.09,50.12,113.48
sz300407,7.38,7.89,7.89,7.22,37909.0,-7.98,8.02,2850.0,28.0,7.36,39.0,7.38,76.77,2.07,12.68,20.71
sz002557,20.66,22.0,22.04,20.3,70163.0,-8.22,22.51,14936.0,590.0,20.65,10.0,20.72,22.63,3.05,104.75,104.75
sh600076,4.45,4.69,4.69,4.35,253540.0,-7.87,4.83,11444.0,1709.0,4.43,110.0,4.45,9.84,1.19,46.02,46.02
sz300767,41.13,39.76,44.4,39.33,36931.0,1.68,40.45,15300.0,145.0,41.12,121.0,41.14,27.77,3.68,8.23,32.9
sz002781,15.29,15.5,15.92,14.8,18641.0,-6.2,16.3,2871.0,144.0,15.25,99.0,15.29,20.2,1.75,31.83,34.4
sz300156,3.3,3.16,3.46,3.16,472095.0,0.92,3.27,15684.0,1459.0,3.28,1926.0,3.3,-2.25,2.69,23.82,33.33
sh601368,6.37,6.5,6.56,6.27,40753.0,-2.75,6.55,2615.0,162.0,6.34,19.0,6.37,15.74,1.41,46.87,46.87
sz002406,6.07,6.4,6.47,6.01,72453.0,-7.33,6.55,4517.0,710.0,6.06,321.0,6.08,11.71,1.38,25.23,34.05
sh603029,13.47,14.14,14.34,13.38,14520.0,-8.68,14.75,2019.0,87.0,13.43,56.0,13.47,125.98,1.75,12.57,12.57
sz300583,32.06,33.82,33.82,31.88,5831.0,-6.88,34.43,1927.0,5.0,32.05,14.0,32.07,26.74,1.9,10.91,34.62
sz000676,9.06,9.65,9.65,8.98,78396.0,-8.02,9.85,7296.0,25.0,9.05,730.0,9.07,13.51,1.53,28.66,92.41
sh603789,12.81,13.0,13.1,12.6,30093.0,-2.66,13.16,3863.0,164.0,12.8,10.0,12.82,-82.78,3.22,33.31,33.31
sz002218,3.06,3.2,3.23,2.98,204256.0,-7.27,3.3,6353.0,158.0,3.04,977.0,3.06,42.17,1.31,37.2,37.83
sz000005,3.03,3.26,3.26,2.97,154768.0,-8.18,3.3,4778.0,556.0,3.01,504.0,3.03,27.91,2.18,32.06,32.07
sz000599,4.46,4.76,4.78,4.46,149169.0,-10.08,4.96,6858.0,1975.0,0.0,450.0,4.47,252.81,1.01,34.24,37.27
sh600861,7.51,8.28,8.29,7.45,45395.0,-9.3,8.28,3540.0,51.0,7.5,95.0,7.54,66.98,1.01,23.79,23.79
sh600057,4.58,5.02,5.02,4.49,222366.0,-8.03,4.98,10505.0,1485.0,4.56,251.0,4.58,8.98,1.0,98.81,98.81
sz002320,13.59,14.56,14.56,13.47,71955.0,-9.22,14.97,9975.0,142.0,13.56,443.0,13.59,42.19,2.39,75.88,89.75
sz002948,7.01,6.57,7.1,6.4,520511.0,5.1,6.67,35289.0,4358.0,6.99,4385.0,7.01,15.28,1.45,31.61,316.13
sz002539,4.58,4.9,4.9,4.55,108349.0,-8.58,5.01,5111.0,161.0,4.56,735.0,4.58,28.13,1.47,27.73,46.26
sz002428,6.06,6.28,6.49,6.03,248165.0,-9.55,6.7,15474.0,1180.0,6.05,64.0,6.07,505.81,2.66,39.05,39.58
sz002350,6.05,6.61,6.61,6.03,85573.0,-9.7,6.7,5346.0,201.0,6.03,247.0,6.05,29.1,1.71,29.55,30.27
sh600959,4.65,4.92,4.94,4.57,183798.0,-7.74,5.04,8755.0,2.0,4.63,746.0,4.65,40.14,1.06,180.63,229.27
sz300592,9.3,9.88,9.88,9.22,22472.0,-8.01,10.11,2146.0,37.0,9.28,10.0,9.33,183.62,2.29,8.06,11.38
sz002364,9.28,9.7,9.84,9.16,64401.0,-8.21,10.11,6118.0,21.0,9.27,252.0,9.29,67.68,2.46,47.82,52.3
sh603848,19.76,21.26,21.58,19.76,35811.0,-9.98,21.95,7457.0,0.0,0.0,2513.0,19.76,30.06,5.93,14.05,79.24
sz002807,4.97,5.0,5.13,4.89,215565.0,-2.17,5.08,10767.0,790.0,4.95,28.0,4.97,12.43,1.02,45.35,107.92
sh600206,7.66,8.19,8.25,7.64,220336.0,-9.78,8.49,17508.0,826.0,7.65,625.0,7.67,71.02,2.19,64.25,64.89
sz002495,3.17,3.37,3.38,3.1,136526.0,-7.58,3.43,4409.0,1059.0,3.15,37.0,3.17,91.95,2.54,22.63,29.66
sz002379,3.11,3.4,3.4,3.1,103054.0,-9.33,3.43,3313.0,233.0,3.1,112.0,3.12,215.31,2.27,28.81,28.81
sh600083,16.68,17.15,17.3,16.4,34212.0,-2.85,17.17,5773.0,14.0,16.5,137.0,16.69,-146.04,100.6,38.03,38.36
sz002732,16.06,16.98,16.98,15.6,14134.0,-6.46,17.17,2307.0,3.0,16.02,114.0,16.06,57.91,2.78,24.99,25.27
sz002393,23.69,25.49,25.49,23.53,22591.0,-8.04,25.76,5505.0,7.0,23.68,142.0,23.7,22.93,1.33,43.22,43.22
sz300664,9.75,10.01,10.23,9.51,39103.0,-5.43,10.31,3840.0,328.0,9.73,101.0,9.76,27.55,1.52,32.71,46.8
sh600021,8.17,8.45,8.45,8.09,102669.0,-5.11,8.61,8481.0,651.0,8.15,1124.0,8.17,7.26,1.33,174.82,213.82
sh600820,6.28,6.78,6.78,6.23,354521.0,-8.99,6.9,22921.0,57.0,6.27,384.0,6.29,9.84,0.94,197.45,197.45
sz002001,17.64,18.19,18.5,17.31,356890.0,-7.21,19.01,63582.0,9.0,17.62,1190.0,17.64,18.09,2.27,374.23,379.02
sh601678,6.23,6.58,6.58,6.23,368108.0,-9.97,6.92,23316.0,0.0,0.0,57113.0,6.23,16.71,1.53,96.22,96.22
sh600405,4.7,5.1,5.1,4.68,92772.0,-9.44,5.19,4507.0,836.0,4.69,159.0,4.71,-9.77,2.56,26.0,26.0
sz300161,12.51,13.1,13.5,12.47,48571.0,-9.68,13.85,6251.0,217.0,12.49,92.0,12.52,287.82,1.91,21.01,21.61
sh603839,11.53,11.9,12.0,11.31,42037.0,-5.26,12.17,4939.0,54.0,11.48,130.0,11.57,16.03,1.65,12.17,46.61
sz300297,6.28,6.61,6.66,6.28,269859.0,-10.03,6.98,17354.0,0.0,0.0,19041.0,6.28,19.2,1.64,52.03,76.99
sh600328,8.01,8.61,8.64,7.94,113156.0,-8.35,8.74,9366.0,888.0,8.0,17.0,8.03,12.5,1.4,35.09,35.09
sz300031,13.16,13.6,13.6,12.99,52335.0,-5.93,13.99,6921.0,41.0,13.15,50.0,13.17,17.08,2.16,33.78,52.21
sz002058,11.02,11.81,11.81,11.02,18996.0,-9.97,12.24,2141.0,0.0,0.0,61.0,11.02,354.3,8.44,15.81,15.81
sz002232,7.88,8.5,8.5,7.88,77133.0,-9.94,8.75,6260.0,0.0,0.0,1829.0,7.88,41.65,2.87,31.81,32.19
sh603083,28.54,29.51,30.45,28.54,38350.0,-10.0,31.71,11155.0,0.0,0.0,5403.0,28.54,32.33,3.26,18.7,36.75
sz002285,4.84,5.09,5.15,4.76,179813.0,-8.51,5.29,8918.0,80.0,4.82,769.0,4.84,23.57,1.87,97.28,98.88
sz300741,31.03,32.5,32.95,30.66,24258.0,-7.62,33.59,7702.0,34.0,31.02,364.0,31.04,16.03,2.06,19.11,191.11
sz000768,14.83,15.63,15.7,14.5,237250.0,-6.85,15.92,35954.0,253.0,14.81,228.0,14.83,71.97,2.52,410.59,410.59
sh603297,42.25,44.85,44.85,41.85,13565.0,-8.15,46.0,5890.0,2.0,42.24,23.0,42.26,28.71,3.36,8.87,35.49
sz300027,4.83,5.09,5.16,4.79,358559.0,-9.04,5.31,17926.0,1487.0,4.82,174.0,4.84,-9.34,1.6,106.8,135.0
sz000938,35.12,37.69,38.25,35.12,108603.0,-9.99,39.02,39612.0,0.0,0.0,185.0,35.12,27.94,1.9,209.01,512.48
sz002777,33.75,34.6,34.6,32.54,12798.0,-5.2,35.6,4318.0,22.0,33.7,31.0,33.75,46.81,5.63,49.32,58.23
sz300133,6.68,6.97,6.97,6.54,139508.0,-6.31,7.13,9479.0,419.0,6.67,648.0,6.69,56.09,1.69,92.34,118.45
sz300121,8.16,8.73,8.73,8.11,61941.0,-8.52,8.92,5197.0,10.0,8.15,47.0,8.17,9.88,1.73,29.13,31.71
sz002911,15.2,16.08,16.1,14.8,23643.0,-5.41,16.07,3647.0,51.0,15.18,71.0,15.21,25.01,3.19,41.19,84.51
sz002308,4.82,5.24,5.24,4.82,229721.0,-10.07,5.36,11495.0,0.0,0.0,5736.0,4.82,31.96,1.23,43.47,43.88
sz002384,16.09,16.51,16.63,16.09,228981.0,-10.01,17.88,37065.0,0.0,0.0,56006.0,16.09,30.11,2.98,186.99,258.5
sh603098,11.27,12.52,12.52,11.27,24099.0,-9.98,12.52,2824.0,0.0,0.0,367.0,11.27,23.65,2.85,8.45,54.1
sz000672,11.3,12.0,12.09,11.27,250601.0,-9.74,12.52,29183.0,498.0,11.28,1020.0,11.3,5.52,2.41,91.94,91.94
sh603856,9.97,10.59,10.59,9.86,40502.0,-7.26,10.75,4134.0,77.0,9.96,137.0,9.98,16.2,1.61,9.12,25.56
sh601339,5.05,5.33,5.33,5.01,69984.0,-6.13,5.38,3609.0,253.0,5.04,504.0,5.06,16.03,0.97,75.75,75.75
sz002901,31.84,31.6,32.2,30.73,17119.0,-1.42,32.3,5435.0,162.0,31.75,91.0,31.84,33.19,8.36,12.77,127.97
sz300188,16.16,17.0,17.34,16.16,145835.0,-9.97,17.95,24084.0,0.0,0.0,4739.0,16.16,45.27,4.86,85.32,128.44
sh603895,21.15,22.82,22.82,21.02,17176.0,-9.46,23.36,3720.0,5.0,21.14,141.0,21.16,65.04,3.56,6.93,22.86
sz300490,11.33,12.2,12.39,11.33,20512.0,-10.01,12.59,2362.0,0.0,0.0,17983.0,11.33,31.08,1.77,23.12,29.68
sh600158,9.73,10.5,10.5,9.72,218876.0,-9.91,10.8,21930.0,283.0,0.0,66.0,9.73,87.78,4.85,63.97,82.1
sz300706,21.07,22.17,23.0,21.07,29464.0,-10.0,23.41,6439.0,0.0,0.0,1078.0,21.07,189.78,6.87,11.85,29.73
sz300607,34.03,36.03,36.4,34.03,28447.0,-10.0,37.81,9913.0,0.0,0.0,1556.0,34.03,25.12,4.69,19.52,44.39
sh603089,19.46,21.39,21.39,19.46,10528.0,-9.99,21.62,2125.0,0.0,0.0,194.0,19.46,16.14,2.56,6.12,20.76
sh603203,21.65,23.02,23.15,21.43,11242.0,-7.68,23.45,2491.0,17.0,21.64,1.0,21.66,21.09,3.84,11.67,34.27
sz002881,16.29,17.06,17.34,16.25,38190.0,-9.75,18.05,6326.0,109.0,16.26,71.0,16.29,69.63,5.52,7.39,29.54
sh601186,10.04,10.58,10.58,9.85,1308398.0,-7.38,10.84,134272.0,721.0,10.03,1274.0,10.05,7.41,0.89,1154.93,1363.39
sz002885,19.65,21.18,21.18,19.65,23087.0,-9.99,21.83,4676.0,0.0,0.0,360.0,19.65,29.44,3.17,8.87,23.58
sh603488,8.19,8.6,8.77,8.19,30122.0,-10.0,9.1,2542.0,0.0,0.0,738.0,8.19,22.91,2.02,7.9,17.11
sh600460,13.1,13.86,14.1,13.1,579340.0,-10.03,14.56,77989.0,0.0,0.0,33447.0,13.1,105.76,4.98,171.88,171.88
sz300722,30.1,32.78,32.78,29.57,9067.0,-8.12,32.76,2821.0,31.0,30.09,3.0,30.11,32.32,5.82,6.02,24.08
sz002867,32.0,34.3,34.3,31.4,21300.0,-7.54,34.61,6943.0,60.0,31.94,10.0,32.0,18.57,3.74,52.18,155.94
sz300350,6.72,7.1,8.0,6.56,117767.0,-7.82,7.29,8298.0,169.0,6.68,503.0,6.72,-5.31,3.24,21.02,32.04
sh603268,16.47,17.91,17.91,16.47,14199.0,-10.0,18.3,2386.0,0.0,0.0,3688.0,16.47,54.97,3.22,20.45,20.61
sz300258,12.18,12.68,12.68,11.9,34180.0,-5.43,12.88,4162.0,161.0,12.12,3.0,12.24,19.08,2.54,45.84,49.33
sh600958,10.27,10.68,10.87,10.14,624037.0,-8.06,11.17,65645.0,130.0,10.24,1544.0,10.27,34.79,1.34,583.06,718.25
sz002209,6.79,7.2,7.3,6.74,35296.0,-9.1,7.47,2454.0,162.0,6.77,99.0,6.8,1973.03,2.09,10.44,13.26
sh600900,16.91,16.7,16.91,16.58,321772.0,0.24,16.87,53798.0,7.0,16.87,450.0,16.91,16.39,2.56,3720.2,3720.2
sh601288,3.65,3.71,3.72,3.62,6101232.0,-2.93,3.76,223864.0,15296.0,3.64,10560.0,3.66,6.22,0.77,10733.02,12774.38
sz000036,6.95,7.4,7.43,6.9,178915.0,-7.82,7.54,12826.0,991.0,6.94,504.0,6.96,6.99,1.56,78.91,79.33
sh603838,8.79,9.2,9.2,8.49,15334.0,-6.79,9.43,1361.0,40.0,8.72,4.0,8.79,71.35,3.21,23.44,23.44
sz002163,5.09,5.36,5.43,5.09,123945.0,-10.07,5.66,6451.0,0.0,0.0,8768.0,5.09,642.75,6.33,40.89,40.9
sz300443,14.17,14.75,14.79,14.17,28754.0,-6.35,15.13,4159.0,43.0,14.16,10.0,14.18,24.6,1.9,22.59,33.73
sh600141,10.24,10.95,10.99,10.22,246497.0,-9.86,11.36,25968.0,1478.0,10.22,1552.0,10.24,19.72,1.13,73.08,74.46
sh603113,11.98,12.85,12.85,11.93,167740.0,-9.65,13.26,20657.0,223.0,11.96,642.0,11.98,6.99,1.62,39.76,80.98
sh600846,8.54,9.0,9.15,8.54,318941.0,-10.01,9.49,27835.0,0.0,0.0,21619.0,8.54,19.43,2.29,53.35,53.35
sz002277,3.49,3.73,3.73,3.45,220278.0,-8.16,3.8,7920.0,1025.0,3.48,729.0,3.5,13.82,0.71,48.66,48.66
sz300656,18.99,20.49,20.72,18.89,11270.0,-9.53,20.99,2213.0,57.0,18.96,115.0,19.0,32.81,3.68,8.6,17.09
sz002067,3.49,3.74,3.75,3.45,217540.0,-8.88,3.83,7822.0,986.0,3.47,202.0,3.49,12.65,0.9,34.02,38.78
sh600592,8.8,9.34,9.49,8.7,102454.0,-8.14,9.58,9283.0,184.0,8.75,569.0,8.8,18.56,1.79,35.16,35.16
sz002202,11.0,11.3,11.3,10.5,491252.0,-4.84,11.56,53313.0,70.0,10.98,397.0,11.0,14.5,1.68,374.0,464.76
sz000998,12.99,13.6,13.99,12.78,260059.0,-4.56,13.61,34838.0,119.0,12.97,219.0,12.99,24.42,2.51,125.38,171.07
sh601158,5.56,5.79,5.79,5.49,91375.0,-4.79,5.84,5159.0,565.0,5.55,371.0,5.57,18.49,1.79,266.88,266.88
sz300711,17.63,18.96,18.96,17.63,33712.0,-10.01,19.59,6075.0,0.0,0.0,1367.0,17.63,139.28,4.57,7.97,25.42
sh600058,7.3,7.75,7.75,7.2,63661.0,-6.89,7.84,4774.0,321.0,7.29,44.0,7.35,-9.77,1.9,78.25,78.25
sz002579,8.84,9.59,9.59,8.84,72515.0,-9.98,9.82,6646.0,228.0,0.0,359.0,8.85,43.0,3.21,30.82,32.95
sh601992,3.62,3.8,3.84,3.55,768474.0,-7.89,3.93,28507.0,3172.0,3.61,2684.0,3.63,9.92,0.89,301.7,386.54
sz300252,10.63,11.29,11.29,10.63,108033.0,-9.99,11.81,11832.0,0.0,0.0,3607.0,10.63,60.36,2.56,41.57,61.42
sh600720,7.28,7.68,7.7,7.16,215413.0,-7.61,7.88,16112.0,64.0,7.27,715.0,7.29,7.01,0.98,56.5,56.51
sz300467,19.85,21.0,21.27,19.61,57836.0,-8.53,21.7,11841.0,137.0,19.84,10.0,19.87,-5.76,1.96,26.18,44.33
sz002035,12.71,13.0,13.29,12.56,247807.0,-7.97,13.81,32135.0,526.0,12.69,200.0,12.71,16.15,4.23,99.5,112.05
sh601878,9.02,9.47,9.66,9.02,426668.0,-9.98,10.02,39554.0,0.0,0.0,8900.0,9.02,37.11,2.16,109.01,300.67
sz300486,12.83,13.9,13.9,12.76,15712.0,-8.62,14.04,2075.0,23.0,12.81,20.0,12.83,35.97,1.76,17.16,23.18
sz300245,9.07,9.65,9.77,9.05,55532.0,-9.75,10.05,5185.0,908.0,9.06,41.0,9.08,47.87,2.02,23.55,28.43
sh600962,9.06,9.76,9.76,9.06,54470.0,-10.03,10.07,5091.0,0.0,0.0,4344.0,9.06,520.81,2.84,23.01,23.76
sz002267,7.76,7.98,8.09,7.62,91818.0,-4.08,8.09,7237.0,2424.0,7.75,232.0,7.77,22.01,1.44,86.3,86.3
sz300118,9.46,9.93,10.0,9.28,94639.0,-6.8,10.15,9183.0,24.0,9.44,69.0,9.46,18.72,1.1,65.89,85.27
sz300005,3.8,3.96,3.97,3.75,168449.0,-6.4,4.06,6497.0,17.0,3.79,1032.0,3.81,-20.7,1.43,25.15,33.87
sz300424,15.13,15.99,15.99,14.71,31139.0,-7.01,16.27,4779.0,83.0,15.11,22.0,15.13,74.65,3.81,23.87,36.3
sz000026,7.55,7.98,7.98,7.43,45492.0,-7.59,8.17,3534.0,154.0,7.54,52.0,7.57,17.73,1.27,26.93,33.44
sz002173,7.45,8.1,8.1,7.4,27858.0,-9.26,8.21,2148.0,128.0,7.43,136.0,7.45,165.21,0.93,27.63,33.89
sh600098,5.95,6.15,6.15,5.88,108762.0,-3.57,6.17,6511.0,453.0,5.94,2706.0,5.96,21.86,0.98,162.21,162.21
sz300257,11.12,11.81,11.99,11.12,49858.0,-10.03,12.36,5723.0,0.0,0.0,404.0,11.12,76.67,2.74,90.93,95.41
sh603158,15.0,16.05,16.05,14.86,23094.0,-9.15,16.51,3516.0,1283.0,14.98,9.0,15.02,29.83,3.31,32.55,32.79
sz300345,5.6,6.15,6.15,5.6,193480.0,-9.97,6.22,11135.0,0.0,0.0,2328.0,5.6,-8.74,5.5,19.6,24.71
sh601636,3.84,4.14,4.14,3.81,457798.0,-8.35,4.19,18108.0,2488.0,3.82,1210.0,3.84,9.43,1.33,100.19,103.23
sz300642,38.7,40.86,41.05,37.8,16763.0,-7.86,42.0,6630.0,21.0,38.69,10.0,38.8,24.33,3.38,20.61,35.16
sh603123,5.81,6.12,6.24,5.79,46644.0,-8.07,6.32,2793.0,53.0,5.8,52.0,5.83,17.55,0.96,30.45,30.45
sz300636,17.3,18.36,18.6,17.3,9209.0,-8.76,18.96,1644.0,5.0,17.21,10.0,17.53,61.42,2.12,8.18,14.08
sz300604,29.15,30.7,30.78,28.45,24553.0,-7.78,31.61,7284.0,1.0,29.13,136.0,29.16,147.85,9.07,19.44,43.47
sz000952,9.86,10.44,10.48,9.71,46765.0,-7.33,10.64,4686.0,167.0,9.84,31.0,9.86,21.16,2.75,24.82,24.82
sh600854,3.97,4.21,4.21,3.91,57732.0,-7.24,4.28,2348.0,15.0,3.96,368.0,3.98,210.6,1.02,20.62,20.62
sz300304,3.86,4.17,4.17,3.85,146023.0,-9.81,4.28,5844.0,131.0,3.85,848.0,3.87,25.21,1.78,32.65,33.67
sz000937,3.99,4.16,4.18,3.93,299485.0,-6.78,4.28,12199.0,1882.0,3.97,176.0,3.99,17.21,0.69,115.97,140.99
sh600884,11.94,12.38,12.55,11.85,215191.0,-7.08,12.85,26337.0,185.0,11.93,312.0,11.95,13.39,1.17,134.06,134.06
sh603286,13.9,14.67,14.81,13.6,13049.0,-7.46,15.02,1862.0,127.0,13.89,10.0,13.97,60.56,2.78,6.36,12.24
sz002096,5.91,6.36,6.36,5.81,31217.0,-8.37,6.45,1890.0,67.0,5.88,488.0,5.91,113.4,1.11,21.91,21.94
sz002363,5.92,6.21,6.26,5.84,51604.0,-8.64,6.48,3110.0,731.0,5.9,89.0,5.92,30.05,1.06,24.61,24.63
sh600307,2.04,2.14,2.14,2.0,566672.0,-5.99,2.17,11728.0,3583.0,2.03,7672.0,2.05,12.77,1.21,127.77,127.77
sh601607,18.65,19.21,19.21,18.11,206468.0,-5.23,19.68,38647.0,20.0,18.55,34.0,18.65,13.29,1.32,358.63,530.05
sz002919,19.69,21.42,21.42,19.69,15651.0,-10.01,21.88,3159.0,0.0,0.0,273.0,19.69,54.29,2.87,5.55,16.03
sz002361,4.03,4.2,4.3,3.97,89500.0,-8.62,4.41,3721.0,666.0,4.02,373.0,4.04,42.95,1.84,24.86,33.75
sz002925,48.9,49.89,49.89,48.0,140471.0,7.83,45.35,69073.0,71.0,48.88,759.0,48.9,28.13,5.78,81.14,224.22
sz000534,10.2,10.85,10.86,10.08,32668.0,-7.69,11.05,3418.0,129.0,10.12,50.0,10.22,117.82,5.54,50.12,50.16
sh600565,4.01,4.3,4.35,4.0,511183.0,-9.68,4.44,21180.0,13787.0,0.0,1299.0,4.01,9.37,1.15,94.99,97.76
sz300623,17.98,19.18,19.2,17.98,49585.0,-10.01,19.98,9104.0,0.0,0.0,2790.0,17.98,29.05,3.64,18.98,48.47
sz300002,4.01,4.26,4.27,4.01,351942.0,-10.09,4.46,14451.0,0.0,0.0,30017.0,4.01,379.03,1.54,56.5,78.64
sh603288,88.5,87.0,88.99,86.0,64082.0,-0.87,89.28,55952.0,1.0,88.2,2288.0,88.5,51.51,15.57,2389.83,2389.83
sz300419,6.04,6.4,6.71,6.04,96673.0,-9.99,6.71,6069.0,0.0,0.0,5929.0,6.04,-3.46,2.61,16.58,22.21
sz000679,4.05,4.44,4.45,4.05,70975.0,-10.0,4.5,2921.0,0.0,0.0,11752.0,4.05,-2.99,1.65,14.43,14.43
sz300351,10.15,10.65,10.79,10.15,75013.0,-10.02,11.28,7731.0,0.0,0.0,6785.0,10.15,-8.08,1.66,24.3,39.04
sh600702,26.42,27.9,27.9,26.42,117562.0,-9.98,29.35,31865.0,0.0,0.0,2793.0,26.42,24.78,3.39,87.06,89.11
sz300314,8.2,8.7,8.84,8.2,30164.0,-9.89,9.1,2552.0,1143.0,0.0,386.0,8.2,99.97,2.94,15.51,23.62
sh603955,14.77,15.85,15.85,14.74,13654.0,-7.69,16.0,2060.0,16.0,14.76,36.0,14.81,17.97,1.48,10.53,16.7
sz000425,4.19,4.4,4.48,4.16,1618641.0,-8.52,4.58,69477.0,5590.0,4.18,4473.0,4.2,12.73,1.24,293.06,328.23
sz300276,12.38,13.4,13.4,12.38,47757.0,-9.96,13.75,6118.0,0.0,0.0,688.0,12.38,25.9,1.9,26.27,67.84
sz300500,21.19,22.86,22.86,20.7,13429.0,-7.87,23.0,2904.0,92.0,21.16,230.0,21.19,25.23,2.21,25.06,28.44
sh603655,15.28,15.58,15.99,14.87,12320.0,-5.21,16.12,1881.0,8.0,15.2,45.0,15.28,72.38,3.34,5.14,16.2
sh600979,4.36,4.5,4.56,4.31,66858.0,-5.42,4.61,2968.0,700.0,4.34,412.0,4.36,15.97,1.1,41.33,41.33
sz002823,10.65,11.26,11.43,10.38,17122.0,-7.63,11.53,1852.0,48.0,10.45,200.0,10.65,32.52,2.52,10.64,31.03
sh601101,6.33,6.69,6.73,6.24,161374.0,-8.66,6.93,10519.0,5.0,6.3,934.0,6.33,11.32,0.91,75.96,75.96
sh603323,6.75,6.75,6.99,6.57,378932.0,-3.3,6.98,25641.0,5250.0,6.74,1966.0,6.76,13.4,1.0,53.84,110.62
sh601901,6.46,6.65,6.84,6.31,495387.0,-7.45,6.98,32606.0,137.0,6.45,2044.0,6.47,57.03,1.39,531.79,531.79
sh603661,32.37,34.0,34.62,32.0,7866.0,-7.91,35.15,2624.0,13.0,32.36,38.0,32.4,16.4,1.4,9.31,32.37
sz002016,8.83,9.0,9.2,8.71,77532.0,-6.06,9.4,6941.0,53.0,8.82,109.0,8.84,11.89,2.46,60.65,71.44
sh600536,44.55,47.55,47.98,44.55,207424.0,-10.0,49.5,94524.0,0.0,0.0,56458.0,44.55,191.15,10.53,220.33,220.33
sh603639,26.9,27.49,27.72,26.07,31386.0,-5.11,28.35,8499.0,25.0,26.88,44.0,26.91,13.19,2.24,14.61,45.57
sz002193,8.57,9.25,9.3,8.57,60046.0,-9.98,9.52,5261.0,292.0,0.0,13.0,8.58,22.55,0.86,19.75,22.43
sz002558,18.0,18.37,18.83,17.5,174555.0,-6.1,19.17,31701.0,3969.0,17.99,5.0,18.01,36.03,3.98,76.88,364.39
sz300458,19.52,20.81,20.85,19.52,59395.0,-10.0,21.69,11907.0,95.0,0.0,124.0,19.53,41.57,2.99,41.6,64.54
sz300672,42.32,44.61,44.61,41.6,8335.0,-7.64,45.82,3588.0,27.0,42.27,3.0,42.45,52.15,4.65,29.09,47.3
sh601933,9.5,9.6,9.77,9.29,816783.0,-2.76,9.77,77685.0,76.0,9.48,3379.0,9.5,48.98,4.43,756.99,909.19
sz000728,8.82,9.22,9.49,8.82,458857.0,-10.0,9.8,41755.0,0.0,0.0,845.0,8.82,32.06,1.18,259.85,296.83
sz000338,11.35,11.77,11.85,11.15,1378133.0,-8.1,12.35,158488.0,163.0,11.33,2683.0,11.35,9.65,2.14,481.68,900.49
sz002318,6.86,7.16,7.3,6.71,161307.0,-7.55,7.42,11386.0,160.0,6.84,793.0,6.86,17.64,1.9,56.1,57.73
sh603889,9.21,9.81,9.81,9.19,21067.0,-7.06,9.91,1993.0,8.0,9.19,166.0,9.21,17.04,1.52,36.26,36.26
sh601939,7.15,7.24,7.28,7.06,1773875.0,-3.9,7.44,126856.0,4511.0,7.13,4420.0,7.15,6.94,0.91,685.95,17875.79
sh600406,18.74,19.5,19.73,18.41,281515.0,-5.97,19.93,53358.0,96.0,18.73,40.0,18.8,20.9,3.11,550.0,866.18
sz300339,11.22,11.61,11.95,11.22,204726.0,-10.02,12.47,23532.0,0.0,0.0,4285.0,11.22,27.83,1.92,83.37,89.36
sh600526,4.75,4.85,4.94,4.75,54273.0,-5.0,5.0,2604.0,0.0,0.0,5557.0,4.75,-6.38,1.34,26.0,26.0
sh600330,6.76,7.3,7.3,6.76,198088.0,-9.99,7.51,13885.0,0.0,0.0,61156.0,6.76,23.71,1.68,67.37,67.37
sz000813,9.05,9.48,9.69,9.05,230210.0,-10.04,10.06,21411.0,0.0,0.0,12619.0,9.05,23.22,3.76,97.79,202.85
sz300735,22.7,24.15,24.66,22.7,66382.0,-9.99,25.22,15513.0,0.0,0.0,3281.0,22.7,24.12,4.25,24.78,80.51
sz300655,13.51,14.57,14.63,13.51,16932.0,-9.99,15.01,2370.0,0.0,0.0,335.0,13.51,43.79,3.93,11.36,20.46
sz300134,13.65,14.5,14.5,13.65,169930.0,-10.02,15.17,23766.0,0.0,0.0,27295.0,13.65,686.44,1.95,97.24,104.76
sz002682,4.64,4.9,4.96,4.61,61792.0,-8.3,5.06,2951.0,594.0,4.63,376.0,4.65,16.47,0.92,20.01,26.09
sz002358,11.39,12.4,12.4,11.39,199621.0,-9.96,12.65,23534.0,1269.0,0.0,1626.0,11.4,40.96,2.08,103.7,105.9
sz002129,9.14,9.76,9.77,9.14,687530.0,-10.04,10.16,64368.0,0.0,0.0,3492.0,9.14,36.63,2.0,241.68,254.56
sh603600,9.35,9.9,9.9,9.21,26142.0,-8.06,10.17,2479.0,3.0,9.28,35.0,9.35,24.31,2.33,28.15,28.3
sh600760,27.88,30.05,30.1,27.63,112360.0,-9.19,30.7,32238.0,19.0,27.83,1974.0,27.88,40.51,4.84,111.11,390.43
sh600109,9.24,9.8,9.96,9.24,744022.0,-10.03,10.27,70772.0,0.0,0.0,7785.0,9.24,24.54,1.4,279.45,279.45
sz300440,6.98,7.6,7.6,6.98,50720.0,-10.05,7.76,3623.0,0.0,0.0,3227.0,6.98,29.79,2.65,31.11,31.27
sz300251,7.02,7.56,7.56,7.02,256649.0,-9.65,7.77,18558.0,4054.0,7.01,13.0,7.03,-39.01,2.39,192.55,205.94
sh600085,29.77,30.66,30.66,28.66,94515.0,-4.49,31.17,27957.0,17.0,29.49,199.0,29.77,35.0,4.26,408.29,408.29
sz002279,7.04,7.6,7.63,7.02,126123.0,-9.74,7.8,9086.0,92.0,7.02,183.0,7.04,-5.51,5.48,42.4,50.07
sz300219,7.46,7.6,7.81,7.3,76471.0,-4.48,7.81,5771.0,113.0,7.44,648.0,7.46,24.24,1.82,42.92,53.17
sh603041,14.75,15.5,15.66,14.3,11498.0,-6.41,15.76,1725.0,39.0,14.73,30.0,14.85,32.26,1.98,6.86,14.89
sz002006,4.88,5.25,5.25,4.81,66594.0,-7.22,5.26,3334.0,264.0,4.87,104.0,4.89,-65.87,2.21,22.21,22.21
sh603909,21.46,23.02,23.17,21.46,8896.0,-9.45,23.7,1965.0,24.0,21.43,254.0,21.46,30.76,3.09,5.36,22.0
sz002520,7.32,7.77,7.77,7.27,41525.0,-7.58,7.92,3120.0,315.0,7.3,21.0,7.32,35.27,1.9,17.27,55.37
sz002036,11.95,12.6,12.6,11.89,89881.0,-9.54,13.21,10831.0,155.0,11.91,83.0,11.96,24.93,3.16,65.73,65.82
sz300763,44.08,44.24,46.0,42.95,15842.0,-7.49,47.65,7049.0,43.0,44.07,13.0,44.09,29.65,4.25,8.82,35.26
sz300649,21.45,23.49,23.49,21.45,18018.0,-9.99,23.83,4007.0,0.0,0.0,246.0,21.45,49.6,7.33,6.86,27.46
sh600549,12.4,13.0,13.0,12.15,152820.0,-7.26,13.37,19172.0,72.0,12.32,299.0,12.4,39.58,2.43,174.35,175.25
sh600886,7.86,7.96,7.96,7.65,454714.0,-2.84,8.09,35338.0,4.0,7.83,5526.0,7.86,12.05,1.53,533.38,533.38
sz002121,4.93,5.23,5.43,4.9,169611.0,-9.21,5.43,8625.0,38.0,4.92,2632.0,4.94,-5.54,1.99,39.82,69.43
sz002644,7.53,7.97,7.97,7.45,51820.0,-7.72,8.16,4006.0,361.0,7.52,445.0,7.54,59.13,2.64,38.45,38.45
sz000909,7.45,8.04,8.04,7.35,41512.0,-8.81,8.17,3177.0,197.0,7.44,301.0,7.46,65.58,2.19,23.17,23.27
sz002906,9.89,10.51,10.51,9.85,31767.0,-9.6,10.94,3223.0,28.0,9.88,25.0,9.9,241.31,1.37,20.0,46.79
sh600717,7.63,8.05,8.05,7.57,131193.0,-7.29,8.23,10240.0,369.0,7.61,415.0,7.63,24.8,0.79,127.78,127.78
sz300457,23.25,23.0,23.9,23.0,63877.0,-6.25,24.8,14912.0,50.0,23.15,225.0,23.25,26.09,2.88,58.6,87.42
sz300132,12.55,13.5,13.51,12.48,85409.0,-9.52,13.87,11106.0,43.0,12.53,87.0,12.55,11.5,4.2,46.42,48.43
sh600837,12.58,13.0,13.31,12.58,1830951.0,-10.01,13.98,235758.0,3957.0,0.0,1919.0,12.59,19.96,1.18,1017.99,1446.91
sh600529,26.93,27.66,27.66,25.22,72215.0,-3.82,28.0,19485.0,4.0,26.9,16.0,27.0,29.65,3.15,97.04,114.45
sz300313,5.12,5.56,5.56,5.04,54373.0,-8.57,5.6,2874.0,264.0,5.11,56.0,5.13,-0.82,8.02,9.34,16.02
sz000609,5.17,5.5,5.51,5.13,60529.0,-7.84,5.61,3189.0,58.0,5.15,142.0,5.17,-20.05,1.04,15.1,15.47
sh600817,8.0,8.08,8.37,8.0,14980.0,-4.99,8.42,1210.0,0.0,0.0,4084.0,8.0,273.79,12.66,12.45,12.87
sz002950,22.73,24.4,24.4,22.73,47451.0,-10.02,25.26,11079.0,0.0,0.0,1102.0,22.73,39.64,5.21,10.91,95.96
sz300473,30.6,32.01,32.7,30.6,8951.0,-10.0,34.0,2835.0,0.0,0.0,2197.0,30.6,28.22,1.75,31.14,32.18
sh600028,5.44,5.59,5.59,5.42,2251564.0,-4.23,5.68,123924.0,6688.0,5.42,4036.0,5.44,11.15,0.89,5198.34,6586.27
sz002422,27.29,27.95,27.96,27.16,103427.0,-4.91,28.7,28475.0,17.0,27.26,181.0,27.29,33.71,3.03,281.75,392.92
sz000779,10.88,11.02,11.28,10.45,27599.0,-5.23,11.48,3020.0,40.0,10.81,21.0,10.88,16.25,2.42,20.28,41.38
sh601881,10.4,10.95,11.0,10.4,689886.0,-9.96,11.55,73168.0,0.0,0.0,64460.0,10.4,30.96,1.55,127.77,1054.27
sz002383,10.5,11.41,11.41,10.49,114726.0,-9.87,11.65,12462.0,698.0,10.49,232.0,10.51,71.46,2.03,51.04,78.24
sz300724,27.65,28.7,28.79,27.01,27781.0,-5.89,29.38,7806.0,5.0,27.58,63.0,27.65,27.28,3.81,22.12,88.48
sz000505,6.08,6.03,6.34,5.83,274805.0,3.4,5.88,16707.0,1223.0,6.07,859.0,6.09,25.54,1.81,24.69,41.7
sz300363,8.29,8.71,8.79,8.21,51874.0,-6.12,8.83,4414.0,497.0,8.28,4.0,8.3,37.83,1.55,25.75,44.99
sh600418,5.44,5.65,5.68,5.41,343019.0,-8.26,5.93,18987.0,209.0,5.43,423.0,5.45,-11.06,0.8,103.0,103.0
sh600483,8.35,8.88,8.88,8.21,77837.0,-6.7,8.95,6582.0,471.0,8.34,120.0,8.36,12.33,1.13,129.58,129.58
sz000711,5.45,5.92,5.92,5.45,112116.0,-9.92,6.05,6317.0,0.0,0.0,4343.0,5.45,47.64,1.08,22.14,55.79
sz002213,8.21,8.5,8.79,8.21,45863.0,-9.98,9.12,3853.0,0.0,0.0,2698.0,8.21,-2069.85,4.64,16.91,16.91
sz000829,5.57,5.98,5.98,5.49,118933.0,-8.69,6.1,6752.0,130.0,5.55,109.0,5.57,-25.9,2.31,51.78,57.8
sh600372,14.32,14.7,15.13,14.25,118179.0,-6.41,15.3,17386.0,141.0,14.31,37.0,14.33,50.25,3.53,251.95,251.95
sz000798,5.71,5.85,6.15,5.6,26884.0,-6.7,6.12,1582.0,29.0,5.69,358.0,5.71,108.85,2.54,18.24,18.24
sz000088,5.59,5.8,5.93,5.59,147855.0,-9.98,6.21,8472.0,0.0,0.0,1279.0,5.59,23.41,1.59,108.57,108.57
sh601098,12.34,12.02,12.51,12.01,107286.0,-1.2,12.49,13217.0,28.0,12.33,212.0,12.35,17.41,1.61,221.63,221.63
sh601328,6.19,6.17,6.35,6.02,2497674.0,-1.12,6.26,153025.0,7671.0,6.18,13358.0,6.2,6.16,0.7,2429.63,4596.86
sz002612,8.91,9.39,9.44,8.86,31824.0,-6.8,9.56,2902.0,291.0,8.9,143.0,8.92,17.57,1.26,18.67,35.64
sh600638,8.61,9.31,9.31,8.61,66207.0,-10.03,9.57,5905.0,1484.0,0.0,91.0,8.62,10.14,1.25,57.98,57.98
sh600016,6.23,6.31,6.32,6.16,2173659.0,-2.66,6.4,135625.0,8709.0,6.22,13144.0,6.24,5.33,0.64,2209.29,2727.64
sz002287,26.86,28.51,28.57,26.25,8735.0,-6.96,28.87,2389.0,10.0,26.75,106.0,26.87,33.4,5.16,109.05,109.05
sh600839,3.0,3.17,3.17,2.94,729888.0,-7.41,3.24,22286.0,3834.0,2.99,1106.0,3.01,43.3,1.05,138.43,138.49
sz002582,8.8,9.35,9.35,8.8,94947.0,-10.02,9.78,8570.0,0.0,0.0,15141.0,8.8,31.93,1.33,23.0,45.38
sh600217,5.9,6.25,6.44,5.9,166818.0,-9.92,6.55,10100.0,0.0,0.0,23880.0,5.9,24.19,5.46,77.82,81.93
sh603920,12.25,12.8,12.88,12.18,37563.0,-6.91,13.16,4685.0,139.0,12.24,47.0,12.28,21.24,2.06,15.71,50.14
sz300469,20.87,22.0,22.31,20.87,23975.0,-10.0,23.19,5209.0,0.0,0.0,1632.0,20.87,54.52,5.25,20.27,25.46
sh601899,3.18,3.22,3.28,3.15,2304421.0,-4.22,3.32,73935.0,11476.0,3.17,16319.0,3.19,18.86,2.0,536.65,732.39
sh601618,3.07,3.16,3.22,2.99,1556084.0,-7.53,3.32,48528.0,3269.0,3.05,5117.0,3.07,9.82,0.91,548.08,636.22
sz300743,36.18,38.54,38.89,36.18,26343.0,-10.0,40.2,9883.0,0.0,0.0,638.0,36.18,81.18,6.05,13.17,23.68
sz000659,3.61,3.37,3.67,3.36,545355.0,5.87,3.41,19356.0,13116.0,3.59,5724.0,3.61,376.57,7.01,46.41,46.41
sz002104,6.33,6.88,6.88,6.33,137808.0,-9.96,7.03,9028.0,0.0,0.0,2558.0,6.33,35.17,2.35,38.18,45.07
sz000090,6.51,6.87,6.91,6.4,191850.0,-7.66,7.05,12781.0,391.0,6.49,424.0,6.51,11.83,1.33,93.57,93.57
sz300286,9.76,10.68,10.85,9.72,15319.0,-9.46,10.78,1552.0,15.0,9.75,10.0,9.78,22.11,2.83,17.13,21.14
sh600881,3.32,3.5,3.53,3.24,273072.0,-7.78,3.6,9259.0,390.0,3.31,3825.0,3.33,-124.21,0.75,107.02,107.86
sz000028,44.99,47.0,47.0,44.2,27013.0,-4.54,47.13,12207.0,2.0,44.92,7.0,44.99,15.81,1.62,138.45,192.61
sz300487,29.8,32.0,32.0,29.79,40366.0,-9.97,33.1,12310.0,37.0,0.0,67.0,29.8,34.32,6.33,32.3,61.55
sz002207,6.99,7.29,7.29,6.99,20173.0,-5.03,7.36,1432.0,0.0,0.0,22074.0,6.99,-5.06,188.92,16.6,16.72
sh600326,6.89,7.25,7.25,6.77,234063.0,-6.89,7.4,16379.0,114.0,6.88,376.0,6.9,13.76,1.95,59.62,59.62
sz000926,6.93,7.35,7.35,6.86,241567.0,-7.35,7.48,17100.0,161.0,6.92,171.0,6.94,5.95,0.6,65.62,66.7
sh603289,10.32,11.15,11.15,10.14,45750.0,-8.43,11.27,4713.0,428.0,10.15,13.0,10.33,26.1,2.78,14.01,27.53
sz002827,14.02,14.69,14.69,13.8,19366.0,-7.09,15.09,2773.0,125.0,14.01,108.0,14.03,53.24,3.24,8.85,25.8
sz002598,7.07,7.46,7.58,6.98,33308.0,-6.61,7.57,2433.0,226.0,7.06,115.0,7.08,25.46,2.58,19.1,22.06
sz002896,27.84,29.98,29.98,27.72,9193.0,-9.61,30.8,2639.0,12.0,27.82,43.0,27.84,29.88,3.68,9.54,22.27
sh600545,7.23,7.3,7.47,7.05,74864.0,-6.23,7.71,5459.0,11.0,7.22,391.0,7.24,16.98,2.89,48.86,137.04
sz002133,3.57,3.8,3.8,3.52,80047.0,-7.99,3.88,2919.0,314.0,3.56,218.0,3.59,22.54,0.86,22.67,27.64
sh600008,3.65,3.9,3.9,3.52,372390.0,-6.65,3.91,13724.0,161.0,3.63,341.0,3.65,27.71,1.84,175.95,207.52
sz002832,44.84,46.0,46.37,43.01,10367.0,-4.76,47.08,4654.0,8.0,44.51,3.0,44.84,24.11,4.75,35.42,81.31
sh600811,3.66,3.86,3.86,3.6,447755.0,-6.87,3.93,16683.0,3519.0,3.64,4127.0,3.66,20.6,0.65,119.81,135.95
sh603669,11.01,11.71,11.71,10.85,21594.0,-7.94,11.96,2418.0,85.0,11.0,7.0,11.02,21.52,2.83,40.08,40.08
sh600851,7.31,7.9,7.91,7.31,48667.0,-9.98,8.12,3672.0,0.0,0.0,13915.0,7.31,63.17,2.27,53.96,88.24
sz000719,7.37,7.8,7.81,7.36,59779.0,-6.59,7.89,4515.0,15.0,7.35,22.0,7.37,10.1,0.97,49.17,75.41
sh600320,3.71,3.96,4.0,3.69,219566.0,-9.51,4.1,8349.0,1439.0,3.7,948.0,3.72,42.64,1.28,123.25,195.46
sh601800,11.11,11.8,11.95,11.09,551960.0,-9.82,12.32,63162.0,2563.0,11.1,11.0,11.12,8.91,1.0,1305.12,1797.01
sz000581,19.19,20.2,20.2,18.98,127228.0,-6.62,20.55,24919.0,27.0,19.18,54.0,19.2,8.41,1.17,160.52,193.62
sh601019,7.71,8.08,8.08,7.66,85662.0,-6.77,8.27,6716.0,359.0,7.7,10.0,7.72,10.76,1.63,32.91,160.9
sh600325,7.72,8.1,8.23,7.64,481976.0,-8.96,8.48,38152.0,92.0,7.71,616.0,7.73,7.24,1.33,162.45,163.48
sh603936,15.35,16.51,16.56,15.32,24458.0,-9.6,16.98,3886.0,57.0,15.34,7.0,15.38,27.29,1.51,25.69,34.54
sz002319,11.57,12.51,12.51,11.57,35337.0,-9.96,12.85,4207.0,0.0,0.0,446.0,11.57,-70.22,5.38,23.14,23.14
sh600599,11.67,12.9,12.9,11.6,36095.0,-9.46,12.89,4389.0,87.0,11.65,178.0,11.67,-43.32,2.79,19.37,19.37
sz000407,3.97,4.14,4.23,3.93,203472.0,-8.31,4.33,8295.0,403.0,3.95,368.0,3.97,33.63,1.51,34.77,34.94
sh600449,8.06,8.4,8.46,8.04,80044.0,-7.25,8.69,6612.0,132.0,8.04,188.0,8.06,8.37,0.79,38.54,38.54
sz300557,25.01,26.01,26.41,24.88,7714.0,-6.61,26.78,1971.0,197.0,25.0,1.0,25.05,68.28,2.95,8.4,13.92
sh600048,12.83,13.08,13.28,12.68,1058708.0,-4.89,13.49,136962.0,316.0,12.82,791.0,12.84,7.9,1.3,1510.47,1526.13
sh600095,4.95,4.95,4.95,4.95,141347.0,10.0,4.5,6997.0,366751.0,4.94,0.0,0.0,140.66,2.13,17.88,17.88
sz300536,16.25,17.0,17.48,16.25,67685.0,-10.02,18.06,11333.0,0.0,0.0,4361.0,16.25,51.84,4.73,9.92,27.23
sz002066,8.13,8.63,8.75,8.13,57408.0,-9.97,9.03,4799.0,0.0,0.0,1627.0,8.13,102.01,4.34,18.78,18.78
sz002883,20.6,21.04,22.38,20.6,20914.0,-10.0,22.89,4412.0,0.0,0.0,317.0,20.6,30.52,4.0,6.39,17.85
sz300624,48.93,49.5,51.95,48.1,16962.0,-4.55,51.26,8502.0,31.0,48.91,13.0,48.94,46.57,5.98,23.74,39.7
sz002488,8.43,8.99,8.99,8.43,215155.0,-10.03,9.37,18563.0,0.0,0.0,12345.0,8.43,54.52,2.15,64.81,85.24
sz300098,8.51,8.68,8.94,8.51,336558.0,-9.95,9.45,29116.0,0.0,0.0,25630.0,8.51,27.17,2.62,110.79,150.16
sz000830,12.83,13.39,13.62,12.83,682309.0,-9.96,14.25,89684.0,0.0,0.0,14479.0,12.83,7.2,1.77,187.85,187.94
sh603007,8.95,9.31,9.43,8.62,21704.0,-6.09,9.53,1978.0,25.0,8.91,289.0,8.95,28.22,2.78,17.4,30.53
sh600519,906.0,925.5,935.0,893.0,135099.0,-6.98,974.0,1229940.0,57.0,905.95,2.0,906.01,30.02,9.17,11381.15,11381.15
sz300049,8.73,9.34,9.34,8.64,47061.0,-9.06,9.6,4249.0,10.0,8.71,27.0,8.73,71.84,1.74,19.9,22.96
sz002550,4.37,4.69,4.69,4.35,146533.0,-9.52,4.83,6586.0,466.0,4.35,290.0,4.37,24.68,2.14,39.49,55.94
sz000635,8.82,9.5,9.5,8.74,47142.0,-9.17,9.71,4260.0,137.0,8.81,37.0,8.83,1240.82,1.01,26.73,26.73
sz002747,8.76,9.38,9.39,8.76,88410.0,-9.97,9.73,7957.0,263.0,0.0,171.0,8.77,71.7,4.46,63.65,73.2
sz000400,8.9,9.66,9.66,8.82,147452.0,-9.09,9.79,13508.0,1496.0,8.89,572.0,8.91,45.52,1.15,89.73,89.74
sz000686,8.85,9.22,9.39,8.85,728813.0,-9.97,9.83,66209.0,0.0,0.0,56411.0,8.85,28.13,1.34,207.13,207.13
sz000157,4.69,4.8,4.88,4.58,730773.0,-5.25,4.95,34575.0,115.0,4.68,2283.0,4.7,13.84,0.93,294.9,366.22
sh600308,4.64,4.97,4.97,4.58,235877.0,-8.66,5.08,11267.0,779.0,4.62,1409.0,4.64,8.29,0.69,54.17,54.17
sh601028,4.79,4.73,4.99,4.7,73970.0,-5.89,5.09,3578.0,435.0,4.78,192.0,4.8,366.38,1.84,37.51,37.51
sh600571,9.17,9.68,9.91,9.17,161307.0,-10.01,10.19,15316.0,0.0,0.0,9350.0,9.17,142.78,3.42,39.53,40.32
sz000035,4.78,5.02,5.02,4.62,140211.0,-6.82,5.13,6755.0,1882.0,4.77,655.0,4.79,42.65,1.47,61.24,116.57
sz300627,18.49,19.94,19.97,18.49,32071.0,-9.98,20.54,6140.0,0.0,0.0,415.0,18.49,40.77,4.96,19.06,45.54
sh601020,9.46,10.1,10.12,9.38,75746.0,-9.21,10.42,7408.0,291.0,9.45,261.0,9.47,24.42,2.48,26.88,49.75
sz300352,4.73,5.01,5.14,4.73,318587.0,-9.9,5.25,15447.0,0.0,0.0,41825.0,4.73,70.99,2.99,51.73,68.58
sz300521,9.55,10.35,10.35,9.55,18917.0,-9.99,10.61,1858.0,0.0,0.0,63.0,9.55,64.76,2.69,9.06,13.75
sh601669,5.04,5.21,5.24,4.94,564930.0,-5.62,5.34,28753.0,48.0,5.02,1120.0,5.04,9.97,0.94,561.68,771.07
sz000401,14.99,14.9,15.6,14.78,470347.0,-7.35,16.18,71061.0,330.0,14.97,1194.0,14.99,9.57,1.82,201.95,201.99
sh600009,66.9,68.3,69.41,65.65,111789.0,-5.28,70.63,75274.0,98.0,66.76,1.0,66.91,28.0,4.35,731.54,1289.14
sz000976,4.97,5.3,5.3,4.91,166404.0,-8.97,5.46,8319.0,275.0,4.95,1475.0,4.97,54.24,1.86,79.24,79.31
sz000966,5.09,5.36,5.44,5.0,334232.0,-7.79,5.52,17469.0,552.0,5.08,772.0,5.1,14.92,1.5,56.41,56.41
sz002480,5.15,5.25,5.4,5.05,104352.0,-7.71,5.58,5455.0,518.0,5.14,54.0,5.16,-263.29,1.45,32.9,33.72
sh600693,5.18,5.43,5.5,5.18,62200.0,-7.5,5.6,3322.0,85.0,5.17,589.0,5.19,17.63,1.98,46.48,46.53
sz002249,5.06,5.3,5.33,5.06,349386.0,-9.96,5.62,18050.0,0.0,0.0,40266.0,5.06,-4.94,1.87,116.06,119.94
sh603444,221.7,222.0,227.4,215.11,12459.0,-2.33,227.0,27639.0,1.0,221.65,54.0,221.7,20.36,5.1,92.08,159.36
sz300088,5.13,5.5,5.5,5.13,781300.0,-10.0,5.7,41189.0,0.0,0.0,10745.0,5.13,15.92,2.26,115.83,117.93
sh600197,16.59,16.98,17.09,16.21,156066.0,-3.43,17.18,26118.0,83.0,16.53,193.0,16.59,16.02,2.78,73.16,73.16
sh601398,5.72,5.69,5.8,5.56,3942109.0,-1.55,5.81,223109.0,851.0,5.7,30657.0,5.72,6.78,0.88,15421.82,20386.44
sh600963,5.32,5.53,5.6,5.32,642087.0,-9.98,5.91,34810.0,0.0,0.0,32513.0,5.32,41.3,0.92,55.5,74.36
sh603580,16.65,17.24,17.5,16.16,13791.0,-6.25,17.76,2319.0,1.0,16.56,9.0,16.65,42.5,3.89,5.02,15.54
sh600750,16.41,17.0,17.25,16.18,76398.0,-7.71,17.78,12885.0,375.0,16.39,245.0,16.41,14.32,2.04,68.92,68.92
sz000619,5.54,5.85,5.85,5.43,38566.0,-6.58,5.93,2174.0,5.0,5.52,385.0,5.54,177.99,0.82,19.94,19.94
sz000541,5.58,5.86,5.86,5.5,91438.0,-6.06,5.94,5201.0,38.0,5.57,748.0,5.61,21.23,1.68,59.83,78.08
sz000006,5.57,5.94,5.94,5.49,192234.0,-8.69,6.1,10939.0,121.0,5.56,220.0,5.58,10.76,1.19,75.07,75.19
sh600055,11.03,11.97,11.97,11.03,58573.0,-10.03,12.26,6588.0,0.0,0.0,2225.0,11.03,38.37,3.03,59.65,59.65
sz000968,11.39,11.9,12.35,11.34,53438.0,-7.32,12.29,6275.0,26.0,11.37,285.0,11.39,15.86,2.78,58.48,110.2
sh600710,5.63,5.91,5.97,5.63,363886.0,-9.92,6.25,20903.0,0.0,0.0,11464.0,5.63,15.94,1.63,36.05,73.57
sz002472,5.75,6.1,6.1,5.7,83286.0,-8.29,6.27,4924.0,1019.0,5.74,255.0,5.76,22.03,1.16,31.65,39.48
sh603701,11.57,12.44,12.47,11.36,23523.0,-7.88,12.56,2783.0,128.0,11.56,30.0,11.59,15.76,2.37,16.54,16.9
sh600675,5.83,6.27,6.27,5.73,107406.0,-8.33,6.36,6344.0,412.0,5.81,467.0,5.83,7.6,1.97,108.85,296.17
sh600273,11.57,12.37,12.37,11.57,319062.0,-9.96,12.85,38143.0,0.0,0.0,47643.0,11.57,14.47,2.51,163.57,165.77
sz300550,59.31,64.51,64.51,59.31,8196.0,-10.0,65.9,4887.0,0.0,0.0,2023.0,59.31,113.23,8.92,17.36,49.7
sz002042,5.98,6.48,6.48,5.98,98124.0,-9.94,6.64,6013.0,0.0,0.0,4714.0,5.98,12.89,1.34,90.76,90.86
sz300215,6.03,6.59,6.59,5.99,74445.0,-9.46,6.66,4652.0,348.0,6.01,65.0,6.05,34.21,2.23,36.67,45.73
sz002606,6.04,6.05,6.43,6.04,143961.0,-9.99,6.71,8916.0,0.0,0.0,2664.0,6.04,-70.12,2.84,24.39,24.61
sz000567,12.12,12.5,12.79,12.12,55876.0,-10.02,13.47,6897.0,0.0,0.0,7834.0,12.12,40.82,1.28,18.21,53.59
sh603229,13.0,13.79,13.79,12.73,14108.0,-6.07,13.84,1847.0,3.0,12.95,18.0,13.0,41.91,3.44,7.02,20.8
sz002039,13.72,13.93,13.98,13.62,30564.0,-2.9,14.13,4207.0,43.0,13.7,69.0,13.73,11.81,1.58,41.9,41.9
sz000789,12.9,13.69,13.79,12.74,192842.0,-8.9,14.16,25460.0,28.0,12.88,586.0,12.9,7.0,1.86,79.12,79.12
sh600019,6.9,7.08,7.08,6.76,887207.0,-3.77,7.17,61230.0,4914.0,6.89,11119.0,6.91,7.98,0.86,1524.98,1537.05
sz300289,6.56,7.19,7.19,6.53,41388.0,-9.64,7.26,2807.0,1.0,6.53,39.0,6.56,98.45,2.1,27.37,27.62
sh600419,13.65,14.46,14.46,13.52,40090.0,-7.21,14.71,5615.0,18.0,13.64,331.0,13.66,24.15,2.97,28.27,28.27
sz300709,39.92,42.86,42.86,39.92,12807.0,-9.99,44.35,5254.0,0.0,0.0,2.0,39.92,106.02,2.78,22.59,35.13
sh601857,7.34,7.32,7.47,7.15,1804388.0,-0.94,7.41,131431.0,5151.0,7.32,10277.0,7.34,25.5,1.1,11885.08,13433.74
sz300180,13.91,15.0,15.02,13.63,66450.0,-7.39,15.02,9549.0,57.0,13.89,105.0,13.91,57.64,3.03,95.14,157.99
sz300144,21.72,22.0,22.4,21.35,145168.0,-3.77,22.57,31823.0,14.0,21.7,243.0,21.72,23.63,3.41,256.99,315.51
sz002332,7.06,7.21,7.37,6.95,135035.0,-6.86,7.58,9692.0,269.0,7.05,67.0,7.07,20.29,2.41,63.82,64.68
sz300055,7.02,7.65,7.65,6.94,141794.0,-8.95,7.71,10230.0,156.0,7.01,466.0,7.03,-60.36,1.06,60.59,60.74
sh601869,34.98,37.67,37.67,34.94,39378.0,-9.54,38.67,14139.0,14.0,34.96,299.0,34.98,19.34,3.15,26.51,265.12
sh600867,14.22,15.54,15.54,14.22,423597.0,-10.0,15.8,61787.0,0.0,0.0,7284.0,14.22,34.5,5.79,277.82,289.23
sz300037,22.08,23.31,23.32,21.69,95176.0,-8.38,24.1,21212.0,89.0,22.07,117.0,22.09,25.33,2.9,54.98,83.64
sz002098,7.29,7.94,7.94,7.29,117469.0,-10.0,8.1,8910.0,0.0,0.0,7189.0,7.29,-3.96,4.72,26.1,26.1
sz002278,7.5,7.98,7.98,7.36,72393.0,-8.31,8.18,5459.0,1306.0,7.41,123.0,7.51,66.13,2.46,25.8,27.29
sh600161,24.1,24.5,25.03,23.68,87098.0,-4.37,25.2,21182.0,85.0,24.01,87.0,24.1,39.55,5.99,209.94,209.94
sz002101,7.75,8.43,8.43,7.74,54371.0,-9.88,8.6,4345.0,146.0,7.74,1.0,7.77,12.56,0.89,32.98,41.26
sh600681,8.1,8.48,8.48,8.02,91220.0,-6.9,8.7,7479.0,416.0,8.08,269.0,8.1,11.23,2.75,111.3,116.86
sz002740,8.35,8.69,8.69,7.95,61323.0,-4.46,8.74,5051.0,956.0,8.25,15.0,8.36,112.59,0.89,13.69,37.91
sz002326,8.11,8.69,8.7,8.11,119714.0,-9.99,9.01,10021.0,0.0,0.0,3061.0,8.11,14.21,2.13,43.66,66.51
sz002842,16.66,17.67,17.67,16.42,25717.0,-8.56,18.22,4360.0,38.0,16.63,21.0,16.66,26.2,3.26,11.97,28.59
sz300603,25.21,27.0,27.42,25.21,22682.0,-10.0,28.01,5938.0,0.0,0.0,162.0,25.21,47.75,1.75,12.17,36.67
sz300396,17.18,17.8,18.5,17.01,33084.0,-9.1,18.9,5783.0,20.0,17.15,74.0,17.19,22.45,3.34,41.67,47.42
sz002865,19.29,18.53,19.32,17.71,38833.0,0.47,19.2,7250.0,5.0,18.47,5.0,19.29,-464.19,2.81,7.35,23.47
sz002317,8.93,9.7,9.7,8.93,119590.0,-9.98,9.92,10961.0,0.0,0.0,1403.0,8.93,16.56,1.79,69.56,72.73
sh603558,10.07,10.19,10.2,9.61,43344.0,-2.8,10.36,4313.0,270.0,9.98,20.0,10.12,18.11,1.47,38.69,41.93
sh600260,18.85,20.4,20.4,18.85,243963.0,-9.98,20.94,47491.0,0.0,0.0,2367.0,18.85,14.01,2.28,127.44,134.74
sh600479,10.0,10.35,10.49,9.86,69648.0,-8.09,10.88,7078.0,117.0,9.98,285.0,10.0,15.79,2.0,41.85,41.85
sz002640,10.0,10.6,10.75,9.98,356888.0,-9.83,11.09,36346.0,294.0,9.99,80.0,10.01,26.75,2.07,104.39,155.8
sz000915,20.51,21.95,21.95,20.5,77672.0,-9.96,22.78,16373.0,1087.0,0.0,53.0,20.51,60.32,2.96,47.88,48.06
sh600030,20.74,21.6,21.97,20.74,2795890.0,-9.98,23.04,594296.0,0.0,0.0,12794.0,20.74,22.93,1.59,2035.56,2513.05
sz002028,10.82,11.64,11.64,10.82,156552.0,-9.98,12.02,17402.0,0.0,0.0,603.0,10.82,25.52,1.79,62.78,82.25
sz002912,90.99,95.0,95.0,88.15,9405.0,-6.08,96.88,8580.0,18.0,90.86,15.0,90.99,49.64,7.54,46.27,97.1
sh600660,23.84,24.2,24.3,23.25,304914.0,-5.1,25.12,72039.0,4.0,23.69,178.0,23.84,14.36,2.89,477.51,598.05
sz000858,92.12,98.34,98.63,92.12,716992.0,-10.0,102.36,681194.0,0.0,0.0,11481.0,92.12,24.02,5.11,3496.66,3575.74
sz002322,13.61,14.6,14.79,13.61,50917.0,-9.99,15.12,7108.0,0.0,0.0,2006.0,13.61,19.31,1.86,47.73,53.99
sz002873,15.68,16.93,16.93,15.6,10475.0,-8.25,17.09,1680.0,4.0,15.67,18.0,15.69,25.79,2.75,9.66,18.36
sh601966,16.05,16.87,16.87,15.69,70430.0,-6.58,17.18,11336.0,16.0,16.02,113.0,16.05,15.51,1.97,63.3,192.6
sh600088,15.57,16.56,16.79,15.57,95380.0,-10.0,17.3,15101.0,0.0,0.0,25199.0,15.57,49.16,5.1,61.92,61.92
sz300543,16.59,17.95,17.95,16.59,25237.0,-9.98,18.43,4340.0,0.0,0.0,1329.0,16.59,34.0,2.92,7.07,19.91
sz300618,65.46,66.63,69.2,64.01,41632.0,-6.99,70.38,27863.0,336.0,65.45,2.0,65.47,31.62,7.45,74.61,125.68
sh603318,23.28,23.45,23.5,22.16,53232.0,-3.48,24.12,12012.0,1033.0,23.26,241.0,23.29,-308.92,9.42,93.62,93.89
sh603416,25.9,25.81,26.26,24.1,12168.0,0.31,25.82,3054.0,30.0,25.87,16.0,25.9,23.88,3.34,9.1,36.41
sz300357,45.3,46.5,47.0,44.66,24086.0,-5.47,47.92,11055.0,21.0,45.26,197.0,45.3,53.33,11.86,115.06,131.77
sh603968,16.82,16.66,17.1,15.37,47307.0,-1.06,17.0,7680.0,304.0,16.72,2972.0,16.82,16.79,2.28,34.39,34.39
sh603660,20.59,21.61,21.66,20.28,52733.0,-8.49,22.5,11108.0,503.0,20.57,298.0,20.59,22.27,4.06,48.91,74.14
sh603557,10.24,0.0,0.0,0.0,0.0,0.0,10.24,0.0,0.0,0.0,0.0,0.0,24.81,3.04,22.42,48.56
sh603421,24.77,27.21,27.22,24.77,37642.0,-9.99,27.52,9638.0,0.0,0.0,10008.0,24.77,62.54,4.13,18.02,116.45
sh603357,18.53,19.38,19.38,18.3,43629.0,-5.56,19.62,8185.0,240.0,18.51,140.0,18.53,13.64,2.65,29.4,60.16
sh603320,22.28,21.09,22.6,21.09,28791.0,-0.85,22.47,6268.0,136.0,22.27,3.0,22.38,50.08,3.53,7.24,22.28
sh603055,10.17,10.36,10.86,9.99,16609.0,-6.7,10.9,1717.0,76.0,10.15,45.0,10.17,17.35,2.18,10.25,55.69
sh601988,3.78,3.85,3.85,3.75,2794927.0,-2.83,3.89,105806.0,5256.0,3.77,46183.0,3.79,6.11,0.71,7966.94,11127.86
sh601818,4.04,4.1,4.11,4.0,1718803.0,-3.12,4.17,69681.0,11066.0,4.02,739.0,4.04,6.18,0.71,1608.35,2120.57
sh601608,3.91,4.2,4.21,3.91,449016.0,-9.91,4.34,18135.0,0.0,0.0,4317.0,3.91,142.81,2.37,169.67,169.67
sh601137,7.95,8.58,8.58,7.88,33612.0,-9.14,8.75,2748.0,84.0,7.93,291.0,7.95,14.48,1.41,44.83,49.86
sh601012,22.56,21.81,22.95,21.19,454370.0,-0.62,22.7,99533.0,5.0,22.53,52.0,22.56,31.13,4.04,815.58,817.62
sh600971,7.29,7.8,7.8,7.18,193500.0,-7.72,7.9,14448.0,285.0,7.28,379.0,7.3,5.82,0.9,72.9,72.9
sh600893,23.26,24.08,24.42,22.7,147666.0,-4.32,24.31,34817.0,481.0,23.24,0.0,23.26,46.5,1.98,453.04,523.31
sh600891,2.87,2.87,2.87,2.87,6055.0,-4.97,3.02,174.0,0.0,0.0,196640.0,2.87,-0.42,-1.61,11.03,17.72
sh600828,5.2,5.55,5.55,5.19,86244.0,-7.8,5.64,4591.0,617.0,5.18,98.0,5.2,7.3,1.47,33.75,90.06
sh600816,5.19,5.15,5.35,5.05,878695.0,-6.32,5.54,45736.0,696.0,5.17,1977.0,5.19,-11.02,2.22,242.5,283.85
sh600769,6.98,0.0,0.0,0.0,0.0,0.0,6.98,0.0,0.0,0.0,0.0,0.0,530.65,48.88,26.17,26.17
sh600747,1.36,1.37,1.39,1.36,167662.0,-4.9,1.43,2287.0,0.0,0.0,35790.0,1.36,-1.27,4.75,14.47,19.91
sh600739,13.37,13.5,13.93,13.28,276751.0,-5.58,14.16,37510.0,122.0,13.36,270.0,13.38,16.61,0.97,204.52,204.52
sh600705,5.24,5.53,5.65,5.2,1078880.0,-9.34,5.78,57684.0,40.0,5.21,586.0,5.24,14.89,1.63,470.36,470.36
sh600688,4.97,5.05,5.05,4.91,196331.0,-3.12,5.13,9780.0,589.0,4.95,835.0,4.97,13.07,1.74,364.24,537.94
sh600687,2.78,2.78,2.78,2.78,21528.0,-5.12,2.93,598.0,0.0,0.0,144225.0,2.78,-3.03,0.87,41.39,41.39
sh600664,4.44,4.59,4.76,4.29,519936.0,-6.92,4.77,23514.0,418.0,4.42,3614.0,4.44,184.4,2.15,111.31,112.04
sh600654,2.07,2.07,2.07,2.07,18915.0,-5.05,2.18,392.0,0.0,0.0,111188.0,2.07,-1.31,41.82,15.63,26.56
sh600652,3.32,3.32,3.32,3.32,1979.0,-4.87,3.49,66.0,0.0,0.0,382752.0,3.32,-3.03,1.61,27.65,27.65
sh600610,3.26,0.0,0.0,0.0,0.0,0.0,3.26,0.0,0.0,0.0,0.0,0.0,-3.03,262.9,12.24,34.92
sh600605,9.9,10.29,10.4,9.6,19353.0,-5.89,10.52,1941.0,21.0,9.89,39.0,9.91,748.58,2.12,14.59,14.59
sh600595,2.0,2.0,2.0,2.0,7544.0,-5.21,2.11,151.0,0.0,0.0,383836.0,2.0,-1.56,1.25,34.83,39.22
sh600575,2.55,2.63,2.66,2.52,420125.0,-7.27,2.75,10812.0,8163.0,2.53,750.0,2.55,24.0,1.13,99.1,99.1
sh600485,14.59,0.0,0.0,0.0,0.0,0.0,14.59,0.0,0.0,0.0,0.0,0.0,-16.34,6.16,264.45,426.57
sh600462,2.01,2.01,2.04,2.01,97748.0,-5.19,2.12,1966.0,0.0,0.0,69101.0,2.01,-3.86,-502.5,10.73,10.73
sh600459,16.61,17.17,17.45,16.61,253613.0,-9.97,18.45,42947.0,0.0,0.0,26527.0,16.61,42.88,2.35,72.7,72.7
sh600370,3.85,0.0,0.0,0.0,0.0,0.0,3.85,0.0,0.0,0.0,0.0,0.0,54.19,2.33,30.69,30.69
sh600339,4.05,4.18,4.21,3.99,321839.0,-6.47,4.33,13228.0,694.0,4.04,803.0,4.06,21.59,0.97,62.86,226.12
sh600282,3.88,0.0,0.0,0.0,0.0,0.0,3.88,0.0,0.0,0.0,0.0,0.0,4.47,1.05,171.68,171.68
sh600212,4.21,4.5,4.52,4.21,196356.0,-10.04,4.68,8554.0,0.0,0.0,612.0,4.21,-10.12,3.96,21.54,21.54
sh600145,1.87,0.0,0.0,0.0,0.0,0.0,1.87,0.0,0.0,0.0,0.0,0.0,57.56,4.18,27.88,27.88
sh600119,6.18,6.18,6.18,6.18,2027.0,-5.07,6.51,125.0,0.0,0.0,188017.0,6.18,-2.86,12.76,19.0,19.0
sh600114,6.73,7.04,7.08,6.7,131202.0,-7.3,7.26,9050.0,775.0,6.71,266.0,6.73,15.83,1.6,42.7,43.45
sh600074,1.04,0.0,0.0,0.0,0.0,0.0,1.04,0.0,0.0,0.0,0.0,0.0,-1.55,-0.5,10.67,25.35
sz300759,32.13,34.01,34.44,32.13,41748.0,-10.0,35.7,13846.0,0.0,0.0,1899.0,32.13,59.77,7.47,21.09,210.87
sz300605,16.97,18.0,18.1,16.97,22023.0,-9.97,18.85,3829.0,0.0,0.0,3781.0,16.97,34.51,3.75,8.19,18.67
sz300391,13.53,0.0,0.0,0.0,0.0,0.0,13.53,0.0,0.0,0.0,0.0,0.0,27.59,2.17,18.09,31.6
sz300371,13.64,14.78,15.04,13.64,15326.0,-9.97,15.15,2197.0,152.0,0.0,94.0,13.65,19.57,2.6,11.65,16.37
sz300343,6.63,7.01,7.08,6.63,177341.0,-10.04,7.37,12089.0,0.0,0.0,12883.0,6.63,-2.24,1.87,27.61,43.54
sz300221,6.81,6.85,7.24,6.68,157935.0,-7.47,7.36,10912.0,510.0,6.79,132.0,6.82,-5.18,2.25,28.83,34.36
sz300216,3.81,0.0,0.0,0.0,0.0,0.0,3.81,0.0,0.0,0.0,0.0,0.0,-0.54,-0.71,10.9,13.77
sz300208,6.28,6.67,6.67,6.28,112687.0,-10.03,6.98,7256.0,0.0,0.0,5963.0,6.28,49.66,2.29,37.78,48.07
sz300206,7.1,7.38,7.49,6.99,124003.0,-7.43,7.67,8981.0,147.0,7.08,350.0,7.1,39.98,3.27,24.4,41.53
sz300167,5.58,0.0,0.0,0.0,0.0,0.0,5.58,0.0,0.0,0.0,0.0,0.0,-10.19,3.09,16.75,16.75
sz300104,1.69,0.0,0.0,0.0,0.0,0.0,1.69,0.0,0.0,0.0,0.0,0.0,-1.7,-2.1,51.44,67.42
sz300099,7.6,7.98,8.04,7.6,223040.0,-9.95,8.44,17240.0,0.0,0.0,63823.0,7.6,55.97,2.89,29.77,50.86
sz300091,5.04,5.33,5.33,5.04,410234.0,-10.0,5.6,20940.0,0.0,0.0,104566.0,5.04,56.43,2.44,53.2,62.01
sz300030,5.59,5.99,5.99,5.49,57908.0,-8.21,6.09,3328.0,481.0,5.54,175.0,5.6,-12.71,2.12,14.22,17.26
sz300028,0.77,0.0,0.0,0.0,0.0,0.0,0.77,0.0,0.0,0.0,0.0,0.0,-9.51,1.87,2.65,2.65
sz300021,7.27,7.88,7.88,7.27,172548.0,-10.02,8.08,12920.0,0.0,0.0,19350.0,7.27,55.22,3.88,47.14,57.97
sz002892,39.96,42.9,42.9,38.7,25725.0,-7.07,43.0,10154.0,1.0,39.8,299.0,39.96,40.0,5.15,10.52,33.41
sz002871,22.34,22.23,23.14,21.85,48892.0,-2.45,22.9,11057.0,72.0,22.32,48.0,22.34,33.3,4.16,6.46,26.08
sz002816,22.18,0.0,0.0,0.0,0.0,0.0,22.18,0.0,0.0,0.0,0.0,0.0,417.17,4.24,12.79,22.18
sz002766,4.79,4.79,4.79,4.79,860.0,-4.96,5.04,41.0,0.0,0.0,328786.0,4.79,-4.88,1.61,11.92,20.2
sz002759,11.0,11.18,11.18,10.66,78014.0,-3.34,11.38,8474.0,128.0,10.97,182.0,11.0,29.0,1.42,20.69,49.74
sz002711,4.03,4.03,4.03,4.03,4759.0,-4.95,4.24,192.0,0.0,0.0,886018.0,4.03,-0.98,-1.67,42.44,42.56
sz002700,8.16,8.8,8.8,8.07,61191.0,-8.83,8.95,5115.0,383.0,8.14,364.0,8.16,53.16,3.33,25.55,34.47
sz002684,5.48,5.48,5.48,5.48,3350.0,-5.03,5.77,184.0,0.0,0.0,298045.0,5.48,-1.05,-12.05,22.11,31.09
sz002671,4.63,4.97,4.97,4.61,54985.0,-7.77,5.02,2620.0,895.0,4.62,201.0,4.65,-15.81,1.11,15.56,21.87
sz002654,4.02,4.21,4.27,3.99,89040.0,-9.26,4.43,3677.0,493.0,4.0,917.0,4.02,-3.14,1.77,25.57,36.28
sz002604,1.96,0.0,0.0,0.0,0.0,0.0,1.96,0.0,0.0,0.0,0.0,0.0,-0.41,-0.35,10.05,11.75
sz002554,3.47,0.0,0.0,0.0,0.0,0.0,3.47,0.0,0.0,0.0,0.0,0.0,-8.34,2.11,26.7,37.16
sz002546,4.56,4.89,4.95,4.55,114454.0,-9.7,5.05,5400.0,1226.0,0.0,795.0,4.56,24.23,1.3,35.65,38.03
sz002529,7.64,8.0,8.32,7.64,45936.0,-10.01,8.49,3661.0,0.0,0.0,4408.0,7.64,-9.49,1.42,15.28,19.86
sz002528,4.01,4.35,4.35,4.01,128303.0,-9.89,4.45,5322.0,5704.0,0.0,229.0,4.02,32.48,1.31,34.65,48.07
sz002501,2.53,2.53,2.53,2.53,7013.0,-4.89,2.66,177.0,0.0,0.0,572395.0,2.53,-0.69,0.85,24.33,30.74
sz002484,6.45,6.86,6.94,6.35,79776.0,-8.64,7.06,5281.0,406.0,6.44,188.0,6.46,20.98,1.6,49.26,52.58
sz002456,12.07,0.0,0.0,0.0,0.0,0.0,12.07,0.0,0.0,0.0,0.0,0.0,-30.57,3.92,322.01,327.44
sz002450,4.75,4.75,4.75,4.75,17013.0,-5.0,5.0,808.0,0.0,0.0,946827.0,4.75,-22.71,0.94,153.6,168.19
sz002417,9.66,0.0,0.0,0.0,0.0,0.0,9.66,0.0,0.0,0.0,0.0,0.0,-71.52,8.72,22.85,26.08
sz002359,10.42,10.42,10.42,10.42,1747.0,-5.01,10.97,182.0,0.0,0.0,1501066.0,10.42,-8.65,2.28,73.83,113.29
sz002356,8.36,8.36,8.36,8.36,2760.0,-5.0,8.8,231.0,0.0,0.0,440641.0,8.36,-2.52,101.95,40.15,44.12
sz002352,31.5,32.69,32.69,31.25,80585.0,-4.75,33.07,25521.0,84.0,31.48,14.0,31.52,28.8,3.71,513.75,1391.77
sz002336,6.6,6.85,6.85,6.6,20215.0,-5.04,6.95,1343.0,0.0,0.0,4961.0,6.6,-6.98,1.78,22.39,26.4
sz002333,5.81,5.81,5.81,5.81,1594.0,-5.07,6.12,93.0,0.0,0.0,241728.0,5.81,-47.59,2.11,28.15,29.2
sz002323,1.31,0.0,0.0,0.0,0.0,0.0,1.31,0.0,0.0,0.0,0.0,0.0,-2.04,2.76,4.16,9.77
sz002290,7.72,7.72,7.72,7.72,802.0,-5.04,8.13,62.0,0.0,0.0,124232.0,7.72,39.51,1.5,16.24,18.74
sz002284,4.89,5.19,5.19,4.84,74336.0,-9.11,5.38,3734.0,645.0,4.88,1074.0,4.9,-191.22,1.39,33.55,36.07
sz002262,10.69,11.4,11.42,10.62,184137.0,-9.41,11.8,20258.0,167.0,10.67,7878.0,10.69,19.87,3.52,94.52,109.04
sz002260,3.15,0.0,0.0,0.0,0.0,0.0,3.15,0.0,0.0,0.0,0.0,0.0,-5.32,-2.37,8.35,8.35
sz002259,2.21,2.23,2.28,2.21,161057.0,-5.15,2.33,3572.0,0.0,0.0,21314.0,2.21,-9.28,1.12,15.99,16.63
sz002216,7.42,7.73,7.89,7.24,64561.0,-6.08,7.9,4836.0,83.0,7.41,49.0,7.44,52.28,2.89,41.89,59.51
sz002210,5.18,5.18,5.18,5.18,7761.0,-4.95,5.45,402.0,0.0,0.0,1704694.0,5.18,-3.5,4.63,72.36,85.62
sz002182,7.25,7.6,7.71,7.2,102906.0,-8.23,7.9,7673.0,269.0,7.23,300.0,7.25,14.68,2.5,38.03,46.87
sz002107,7.24,7.77,7.77,7.2,25726.0,-7.42,7.82,1907.0,108.0,7.22,8.0,7.24,62.25,4.3,25.22,26.12
sz002099,8.22,8.58,8.69,8.22,555232.0,-9.97,9.13,46671.0,0.0,0.0,72852.0,8.22,17.45,2.6,131.93,133.07
sz002089,5.56,5.56,5.56,5.56,1520.0,-4.96,5.85,85.0,0.0,0.0,2248657.0,5.56,-14.9,6.03,52.06,76.43
sz002072,4.94,4.94,4.94,4.94,11045.0,-5.0,5.2,546.0,0.0,0.0,158113.0,4.94,-3.49,-4.5,8.24,8.69
sz002069,3.67,3.97,3.97,3.64,109823.0,-8.93,4.03,4187.0,260.0,3.66,1923.0,3.68,-1283.3,7.74,25.28,26.1
sz002055,10.67,11.41,11.46,10.62,106648.0,-9.58,11.8,11728.0,63.0,10.64,89.0,10.67,20.49,1.86,45.43,51.18
sz002051,12.06,12.85,12.86,11.98,203799.0,-8.98,13.25,25327.0,880.0,12.05,90.0,12.08,12.36,1.41,133.99,149.05
sz000995,7.47,0.0,0.0,0.0,0.0,0.0,7.47,0.0,0.0,0.0,0.0,0.0,-14.91,-5.42,13.25,13.25
sz000981,3.13,3.13,3.13,3.13,9881.0,-4.86,3.29,309.0,0.0,0.0,1149992.0,3.13,-12.91,0.88,81.34,126.08
sz000949,3.0,3.14,3.15,2.95,99420.0,-5.66,3.18,3025.0,6835.0,2.98,1091.0,3.0,29.17,1.02,36.61,37.73
sz000939,1.05,0.0,0.0,0.0,0.0,0.0,1.05,0.0,0.0,0.0,0.0,0.0,-0.82,2.49,31.88,41.26
sz000820,4.23,4.23,4.23,4.23,6781.0,-4.94,4.45,287.0,0.0,0.0,149646.0,4.23,-4.02,17.54,12.17,26.96
sz000782,4.45,4.77,4.77,4.42,50695.0,-8.25,4.85,2309.0,173.0,4.43,230.0,4.45,80.29,1.63,19.86,23.5
sz000760,2.84,2.84,2.84,2.84,12728.0,-5.02,2.99,361.0,0.0,0.0,589697.0,2.84,-1.7,4.21,18.59,21.92
sz000752,6.29,6.29,6.29,6.29,5976.0,-4.98,6.62,376.0,0.0,0.0,55788.0,6.29,-3.79,4.71,16.59,16.59
sz000709,3.02,3.15,3.15,2.97,911759.0,-5.63,3.2,27927.0,1624.0,3.0,7135.0,3.02,8.85,0.63,320.63,320.68
sz000625,7.82,8.1,8.2,7.7,376735.0,-8.54,8.55,29913.0,644.0,7.81,596.0,7.83,-13.38,0.85,294.1,375.57
sz000611,3.49,3.52,3.54,3.49,94416.0,-4.9,3.67,3310.0,0.0,0.0,29674.0,3.49,-8.66,3.14,11.15,11.79
sz000598,4.51,4.59,4.67,4.44,218578.0,-4.25,4.71,9935.0,1366.0,4.5,808.0,4.52,13.23,1.28,134.68,134.68
sz000587,2.47,2.65,2.67,2.44,455272.0,-8.86,2.71,11642.0,7240.0,2.46,3220.0,2.48,-1.4,0.91,29.96,52.46
sz000566,8.68,8.4,8.93,8.26,1149328.0,6.9,8.12,99954.0,655.0,8.67,2582.0,8.69,96.22,2.43,104.46,115.96
sz000504,11.55,11.05,11.63,11.05,58145.0,-0.69,11.63,6451.0,56.0,11.34,86.0,11.55,-104.4,-212.71,35.88,35.99
sz000488,5.52,5.83,5.84,5.48,384891.0,-7.23,5.95,21760.0,1372.0,5.51,1420.0,5.53,9.08,0.91,91.52,160.33
sz000029,11.17,0.0,0.0,0.0,0.0,0.0,11.17,0.0,0.0,0.0,0.0,0.0,19.04,3.31,99.6,113.0
sz000018,2.18,2.18,2.18,2.18,28025.0,-4.8,2.29,611.0,0.0,0.0,767632.0,2.18,-1.8,34.94,21.7,37.02
sz300572,71.54,76.0,76.0,71.54,5864.0,-10.0,79.49,4267.0,0.0,0.0,2541.0,71.54,61.2,12.27,40.34,86.6
sz300750,75.7,76.87,77.66,75.06,65431.0,-5.09,79.76,49935.0,81.0,75.69,6.0,75.71,41.32,4.85,164.45,1661.63
sz000596,111.09,113.44,115.98,106.2,33270.0,-5.5,117.55,36866.0,1.0,111.08,28.0,111.1,29.48,6.67,426.14,559.45
sh603515,32.49,33.75,33.75,32.0,19185.0,-5.47,34.37,6219.0,71.0,32.46,15.0,32.49,26.84,5.49,41.38,245.67
sh603665,25.53,26.09,26.09,24.82,10362.0,-2.41,26.16,2660.0,10.0,25.51,5.0,25.53,30.5,2.52,9.52,25.53
sz002850,19.86,21.0,21.39,19.86,20152.0,-10.01,22.07,4100.0,0.0,0.0,312.0,19.86,50.46,1.8,18.45,41.71
sz300669,20.15,20.03,20.18,19.56,6927.0,-2.14,20.59,1377.0,12.0,20.1,31.0,20.15,43.78,3.63,5.18,17.18
sh603698,16.12,17.01,17.38,16.1,33760.0,-9.59,17.83,5595.0,76.0,16.11,64.0,16.14,31.54,2.47,66.46,66.46
sh603656,15.05,15.95,15.95,14.8,9876.0,-6.17,16.04,1507.0,101.0,15.04,11.0,15.07,31.19,2.53,9.53,22.41
sz002815,14.37,15.0,15.34,14.37,90701.0,-10.02,15.97,13299.0,0.0,0.0,9780.0,14.37,21.53,4.15,31.55,119.74
sz300204,14.22,15.39,15.55,14.22,47957.0,-9.94,15.79,7047.0,997.0,0.0,264.0,14.22,63.7,2.77,66.36,67.79
sz300762,56.2,59.0,60.5,55.77,38609.0,-8.77,61.6,22466.0,53.0,56.18,49.0,56.2,66.07,6.82,18.75,74.95
sh600507,13.9,14.29,14.29,13.54,371165.0,-3.41,14.39,51730.0,92.0,13.88,42.0,13.9,7.1,4.22,184.33,201.53
sh600876,11.66,12.58,12.67,11.66,43595.0,-10.03,12.96,5253.0,0.0,0.0,678.0,11.66,621.55,5.23,32.62,65.27
sz300760,133.5,134.5,135.99,131.0,46188.0,-5.21,140.84,61931.0,85.0,133.49,1.0,133.55,41.43,10.05,162.34,1622.95
sz300588,10.88,11.66,11.75,10.88,33499.0,-10.01,12.09,3762.0,0.0,0.0,1513.0,10.88,159.03,4.68,8.56,17.76
sz300645,15.61,16.29,16.99,15.61,36607.0,-9.98,17.34,5863.0,0.0,0.0,5419.0,15.61,38.76,3.4,13.47,19.77
sh600487,18.07,19.0,19.33,18.07,616410.0,-10.01,20.08,114437.0,0.0,0.0,2717.0,18.07,13.72,2.67,336.16,344.0
sz300408,18.97,18.95,19.66,18.95,135885.0,-4.24,19.81,25961.0,285.0,18.95,115.0,18.97,25.51,4.54,313.24,330.68
sz002063,8.72,9.1,9.26,8.72,241936.0,-10.01,9.69,21567.0,0.0,0.0,10049.0,8.72,37.89,3.28,66.4,74.07
sz002341,8.33,8.99,8.99,8.33,263309.0,-9.95,9.25,22441.0,0.0,0.0,29328.0,8.33,36.96,1.86,52.08,95.96
sz300387,8.69,8.95,9.16,8.42,58065.0,-5.03,9.15,5090.0,1120.0,8.65,73.0,8.7,38.22,2.21,25.12,25.12
sz300578,24.44,25.7,26.49,24.44,64796.0,-9.98,27.15,16441.0,0.0,0.0,942.0,24.44,94.76,4.15,14.8,40.88
sh600230,16.21,17.1,17.38,16.2,160474.0,-9.94,18.0,26851.0,549.0,16.2,312.0,16.22,10.96,1.86,66.76,66.76
sh600674,8.55,8.77,8.77,8.55,171193.0,-3.5,8.86,14823.0,10.0,8.53,8797.0,8.55,10.82,1.47,376.38,376.38
sz002240,7.79,8.18,8.42,7.79,136987.0,-9.94,8.65,11007.0,0.0,0.0,3220.0,7.79,23.5,1.91,38.22,41.7
sh601319,7.81,8.38,8.38,7.73,687459.0,-9.08,8.59,55065.0,1539.0,7.79,949.0,7.81,24.52,2.06,78.98,3453.89
sz002156,7.77,8.19,8.19,7.64,169842.0,-8.48,8.49,13512.0,247.0,7.76,36.0,7.78,241.72,1.48,89.63,89.64
sh600785,15.91,16.6,16.6,15.8,8115.0,-5.35,16.81,1314.0,134.0,15.9,9.0,15.93,23.43,1.6,35.9,35.9
sz002788,15.49,16.2,16.2,15.11,53647.0,-7.41,16.73,8377.0,95.0,15.47,190.0,15.5,15.48,1.84,28.86,29.78
sz002038,23.35,24.45,24.48,22.96,110348.0,-6.79,25.05,26328.0,68.0,23.33,21.0,23.35,27.12,3.39,132.61,159.92
sz000402,7.7,8.03,8.06,7.61,145366.0,-6.44,8.23,11402.0,271.0,7.69,150.0,7.71,6.91,0.71,230.04,230.15
sz002010,7.34,7.97,7.97,7.34,137397.0,-9.94,8.15,10420.0,0.0,0.0,3445.0,7.34,27.18,1.94,233.61,239.12
sh600160,7.33,7.71,7.8,7.25,438992.0,-9.06,8.06,33102.0,829.0,7.32,2129.0,7.34,9.59,1.55,194.86,201.22
sz002151,21.56,23.31,23.31,21.47,90836.0,-9.6,23.85,20072.0,18.0,21.54,177.0,21.56,128.67,2.75,64.03,110.6
sh600500,7.23,7.6,7.65,7.13,276255.0,-8.48,7.9,20448.0,483.0,7.22,678.0,7.24,18.06,1.31,150.6,150.6
sz300463,20.87,22.27,22.27,20.42,66536.0,-8.02,22.69,14096.0,144.0,20.86,1.0,20.88,25.15,4.13,76.4,116.45
sz300394,26.68,28.55,28.55,26.68,26447.0,-9.99,29.64,7144.0,0.0,0.0,5004.0,26.68,37.38,4.8,43.66,53.08
sh600970,6.54,6.96,7.07,6.54,492760.0,-10.04,7.27,33197.0,0.0,0.0,2333.0,6.54,7.99,1.24,113.6,113.77
sz300312,6.46,6.99,6.99,6.44,114784.0,-9.65,7.15,7642.0,443.0,6.44,372.0,6.46,-4.5,11.09,12.36,20.67
sz002797,6.34,6.68,6.84,6.34,961840.0,-9.94,7.04,62967.0,0.0,0.0,13420.0,6.34,65.13,2.51,121.63,222.05
sh600061,12.5,13.03,13.3,12.5,238377.0,-10.01,13.89,30371.0,0.0,0.0,9034.0,12.5,22.05,1.4,521.73,528.39
sz002928,11.95,12.8,12.8,11.95,61965.0,-10.02,13.28,7605.0,0.0,0.0,949.0,11.95,28.63,3.25,24.4,71.79
sz002286,5.99,6.57,6.57,5.98,40492.0,-9.79,6.64,2501.0,34.0,5.98,623.0,6.0,56.81,1.43,22.12,22.12
sh600309,42.5,43.0,43.0,40.75,531062.0,-6.04,45.23,223422.0,585.0,42.49,65.0,42.51,16.21,3.26,605.1,1334.39
sz002857,11.7,12.44,12.44,11.6,12739.0,-6.7,12.54,1521.0,25.0,11.62,71.0,11.7,39.17,3.28,5.79,14.98
sz300420,5.63,6.04,6.2,5.63,116289.0,-10.06,6.26,6803.0,0.0,0.0,1030.0,5.63,25.98,2.54,26.42,40.29
sz300073,23.12,24.0,24.45,23.01,93647.0,-7.11,24.89,22209.0,55.0,23.11,5.0,23.13,29.59,3.0,98.2,100.97
sz002032,67.35,66.03,67.7,62.42,36170.0,-0.62,67.77,23829.0,4.0,67.29,6.0,67.35,31.93,8.6,366.8,553.11
sh601668,5.79,6.0,6.05,5.76,2925283.0,-5.55,6.13,172231.0,4143.0,5.78,3491.0,5.8,6.24,1.05,2382.07,2430.72
sz000731,5.58,5.9,5.9,5.49,95437.0,-6.84,5.99,5400.0,205.0,5.56,172.0,5.58,16.41,1.17,33.0,33.0
sz002397,5.19,5.49,5.49,5.09,55887.0,-8.14,5.65,2962.0,392.0,5.17,56.0,5.19,44.58,1.98,26.05,40.47
sh603860,24.66,26.1,26.58,24.27,6744.0,-8.5,26.95,1718.0,34.0,24.53,138.0,24.66,34.18,2.74,5.96,16.44
sh603223,9.94,10.6,10.6,9.86,27515.0,-7.45,10.74,2778.0,2.0,9.91,34.0,9.94,65.65,1.92,20.04,20.04
sz002531,4.77,5.17,5.17,4.76,226074.0,-9.83,5.29,11129.0,506.0,0.0,946.0,4.77,17.87,1.61,84.38,84.86
sh600369,4.72,5.01,5.08,4.72,967772.0,-9.92,5.24,46986.0,0.0,0.0,24462.0,4.72,70.47,1.39,266.45,266.45
sz002180,23.54,25.5,25.5,23.54,71497.0,-9.98,26.15,17227.0,0.0,0.0,5045.0,23.54,26.17,4.99,234.9,250.33
sh600530,5.61,5.04,5.61,5.02,331735.0,10.0,5.1,18154.0,30499.0,5.6,0.0,0.0,-9.51,4.31,43.76,43.76
sz002588,4.63,4.9,4.91,4.58,101805.0,-5.89,4.92,4871.0,255.0,4.62,358.0,4.64,34.04,1.24,34.83,53.56
sh603117,4.41,4.69,4.77,4.41,190570.0,-10.0,4.9,8669.0,0.0,0.0,8871.0,4.41,31.11,1.25,27.6,28.54
sz002626,13.1,13.81,13.82,13.1,131960.0,-9.97,14.55,17498.0,0.0,0.0,5092.0,13.1,16.81,2.6,78.62,80.76
sz002007,39.86,41.3,42.13,38.99,122087.0,-6.56,42.66,49320.0,39.0,39.82,105.0,39.86,31.29,6.33,319.93,372.84
sz300183,12.6,13.53,13.67,12.6,79952.0,-10.0,14.0,10421.0,0.0,0.0,2226.0,12.6,36.16,2.07,33.8,59.19
sz002248,8.58,9.09,9.09,8.52,34133.0,-8.04,9.33,3000.0,22.0,8.57,32.0,8.59,-4.72,29.7,25.45,26.38
sz300381,8.74,9.22,9.22,8.6,27404.0,-6.12,9.31,2439.0,107.0,8.73,2313.0,8.75,42.41,1.56,31.48,35.55
sz000089,8.54,8.69,8.76,8.18,277617.0,-4.58,8.95,23498.0,15.0,8.52,710.0,8.54,25.63,1.48,175.14,175.14
sz300511,8.39,8.36,8.65,8.32,63991.0,-4.33,8.77,5430.0,115.0,8.37,151.0,8.39,20.52,2.13,25.25,36.01
sz002667,8.14,8.45,8.45,7.83,35885.0,-6.44,8.7,2927.0,14.0,8.02,378.0,8.14,124.72,2.41,13.34,18.81
sz000151,11.73,12.13,12.4,11.73,71881.0,-9.98,13.03,8625.0,0.0,0.0,4141.0,11.73,48.38,3.47,31.27,34.72
sz002115,11.66,12.29,12.38,11.66,228333.0,-9.96,12.95,27179.0,0.0,0.0,21276.0,11.66,29.75,2.69,47.39,64.55
sh601162,7.65,8.01,8.26,7.65,486169.0,-10.0,8.5,38231.0,0.0,0.0,4928.0,7.65,116.25,3.27,39.63,396.27
sz002860,18.18,19.75,19.75,18.18,15486.0,-10.0,20.2,2921.0,0.0,0.0,374.0,18.18,22.17,2.89,8.59,21.21
sz300149,14.77,15.42,15.42,14.7,69927.0,-6.28,15.76,10484.0,1.0,14.75,27.0,14.77,42.0,3.33,59.84,73.82
sz000868,3.71,3.72,3.77,3.71,155313.0,-5.12,3.91,5772.0,0.0,0.0,66256.0,3.71,-3.43,6.67,25.81,27.21
sz002481,4.29,4.29,4.29,4.29,138356.0,10.0,3.9,5935.0,501787.0,4.28,0.0,0.0,76.0,2.04,47.5,53.34
sz300367,10.11,10.75,10.78,10.1,222482.0,-9.89,11.22,22929.0,116.0,0.0,76.0,10.11,25.63,2.11,60.76,86.39
sz002298,6.72,7.18,7.18,6.67,89744.0,-9.31,7.41,6212.0,120.0,6.7,324.0,6.72,28.53,1.1,34.85,46.47
sz002434,6.64,7.15,7.29,6.64,96852.0,-10.03,7.38,6641.0,2366.0,0.0,126.0,6.65,26.46,1.46,67.0,88.98
sz000967,6.64,7.06,7.06,6.5,51504.0,-7.52,7.18,3487.0,369.0,6.62,255.0,6.64,20.56,1.43,76.18,210.03
sz000525,13.18,13.7,13.72,12.88,57021.0,-6.13,14.04,7631.0,19.0,13.16,84.0,13.18,13.82,1.61,75.71,76.55
sz300277,6.42,7.0,7.0,6.42,48331.0,-8.29,7.0,3235.0,508.0,6.41,40.0,6.43,179.52,4.47,21.47,21.51
sh603355,22.75,23.87,23.87,22.31,21213.0,-6.38,24.3,4868.0,106.0,22.6,7.0,22.76,20.91,3.18,91.23,91.23
sz002625,9.22,9.97,9.97,9.22,88011.0,-9.96,10.24,8325.0,0.0,0.0,2638.0,9.22,296.36,2.61,47.1,198.65
sh601996,3.12,3.37,3.37,3.07,95464.0,-8.5,3.41,3077.0,152.0,3.11,217.0,3.13,25.5,1.34,29.61,35.77
sh600068,6.35,6.61,6.68,6.22,738017.0,-6.75,6.81,47696.0,506.0,6.33,957.0,6.35,6.36,1.06,292.4,292.4
sz002534,6.17,6.65,6.65,6.1,48275.0,-8.46,6.74,3043.0,34.0,6.16,53.0,6.18,17.78,1.42,44.98,45.61
sz300212,30.15,30.15,31.6,30.15,82995.0,-10.0,33.5,25178.0,0.0,0.0,19058.0,30.15,40.13,4.41,127.79,136.25
sh600569,3.1,3.28,3.29,3.06,286535.0,-6.91,3.33,9108.0,4317.0,3.09,7002.0,3.11,4.16,0.88,74.2,74.2
sh603027,22.52,22.4,23.49,21.91,75992.0,-2.81,23.17,17211.0,10.0,22.5,128.0,22.52,40.67,5.7,72.46,73.45
sz300196,9.1,9.65,9.65,8.84,55966.0,-7.33,9.82,5071.0,10.0,9.06,1.0,9.1,13.9,1.53,23.78,38.63
sz000597,11.8,12.56,12.56,11.58,42416.0,-6.79,12.66,5091.0,27.0,11.78,7.0,11.82,35.74,1.89,55.86,71.65
sz000007,5.95,6.2,6.2,5.8,48503.0,-5.56,6.3,2900.0,3682.0,5.91,45.0,5.96,-11.48,10.33,18.38,20.61
sh603758,5.57,5.98,5.98,5.53,24434.0,-7.78,6.04,1396.0,180.0,5.56,50.0,5.59,-24.95,1.06,7.44,24.44
sz002375,5.57,5.9,5.91,5.48,109052.0,-7.48,6.02,6253.0,506.0,5.55,143.0,5.57,20.2,0.96,69.22,74.64
sz300094,5.27,5.66,5.66,5.27,111781.0,-9.91,5.85,6048.0,0.0,0.0,3444.0,5.27,33.27,1.72,39.44,47.96
sz002508,26.5,27.01,27.79,26.41,170314.0,-9.18,29.18,46016.0,78.0,26.49,161.0,26.51,16.86,3.89,247.75,251.49
sh601688,18.36,19.3,19.5,18.36,1070026.0,-10.0,20.4,201359.0,0.0,0.0,9289.0,18.36,25.64,1.42,999.47,1514.98
sz000796,7.58,7.6,8.4,7.58,83107.0,-9.98,8.42,6419.0,0.0,0.0,1667.0,7.58,30.98,2.73,60.83,60.87
sz002479,5.12,5.53,5.53,5.1,155407.0,-8.57,5.6,8153.0,837.0,5.1,326.0,5.12,39.2,1.22,45.43,45.78
sz002657,17.35,18.31,18.67,17.35,103171.0,-10.01,19.28,18465.0,0.0,0.0,7190.0,17.35,76.5,2.23,49.01,58.57
sh603738,14.31,15.5,15.5,14.31,28662.0,-10.0,15.9,4239.0,0.0,0.0,16936.0,14.31,100.8,3.83,8.41,22.71
sz300570,21.37,22.5,22.5,21.37,52343.0,-9.98,23.74,11350.0,0.0,0.0,1742.0,21.37,29.58,3.93,20.37,49.15
sh601318,81.2,82.8,83.6,79.66,1808609.0,-5.69,86.1,1472547.0,87.0,81.18,893.0,81.2,11.67,2.48,8796.12,14843.56
sz002475,23.48,24.2,24.73,23.48,476052.0,-10.0,26.09,113573.0,0.0,0.0,31416.0,23.48,32.14,6.0,965.14,966.11
sz300506,16.17,17.23,17.23,16.14,46917.0,-9.82,17.93,7801.0,12.0,16.16,92.0,16.18,15.85,2.86,27.45,55.75
sh603335,4.51,4.73,4.86,4.51,88268.0,-9.98,5.01,4075.0,0.0,0.0,8932.0,4.51,144.48,3.46,9.17,19.31
sh603106,11.24,11.68,11.82,11.24,52027.0,-10.01,12.49,5985.0,0.0,0.0,6178.0,11.24,60.29,2.08,14.65,34.62
sz300383,15.62,16.05,16.69,15.62,256219.0,-9.97,17.35,41158.0,0.0,0.0,1444.0,15.62,33.22,3.12,222.15,240.73
sh603871,42.68,44.99,45.81,42.35,10558.0,-9.29,47.05,4639.0,16.0,42.62,2.0,42.84,16.88,2.9,11.95,47.8
sh600031,11.4,11.8,11.87,11.17,1456315.0,-6.94,12.25,167729.0,4190.0,11.39,931.0,11.41,12.18,2.46,950.52,954.82
sz300671,17.59,19.18,19.2,17.59,17353.0,-9.98,19.54,3138.0,0.0,0.0,1661.0,17.59,63.06,4.47,6.24,24.96
sz002718,26.48,28.76,28.76,26.26,6719.0,-9.25,29.18,1815.0,9.0,26.41,107.0,26.48,23.0,1.94,12.14,23.2
sz300503,8.7,9.3,9.49,8.7,35875.0,-9.66,9.63,3238.0,65.0,8.68,37.0,8.7,61.68,2.34,13.48,24.71
sz000039,12.89,13.53,13.55,12.73,200190.0,-8.84,14.14,26184.0,2334.0,12.87,102.0,12.9,11.52,1.1,163.45,384.78
sz002905,19.99,20.54,20.75,19.66,32906.0,-4.17,20.86,6610.0,6.0,19.97,15.0,20.0,40.08,2.72,13.43,53.73
sz000025,27.05,29.0,29.0,27.05,58360.0,-10.01,30.06,16214.0,0.0,0.0,415.0,27.05,90.52,7.53,73.27,80.41
sz300428,10.7,10.85,11.39,10.63,24849.0,-6.06,11.39,2709.0,1.0,10.68,341.0,10.7,15.16,1.55,14.77,61.89
sh600562,16.76,15.3,17.3,15.0,180245.0,6.41,15.75,29489.0,360.0,16.75,202.0,16.77,277.91,5.82,100.82,104.31
sz300006,5.97,6.05,6.24,5.97,331650.0,-9.95,6.63,20027.0,0.0,0.0,37378.0,5.97,66.19,2.82,40.08,48.49
sh603566,12.19,12.76,12.88,12.05,19505.0,-7.02,13.11,2433.0,81.0,12.18,16.0,12.2,35.27,2.39,39.19,39.32
sz002131,2.02,2.1,2.11,1.95,2174246.0,-6.05,2.15,44513.0,11435.0,2.0,14041.0,2.02,-7.27,1.72,91.29,133.41
sz002916,106.07,110.8,110.8,106.07,38052.0,-10.0,117.85,40741.0,0.0,0.0,2239.0,106.07,39.11,7.65,87.16,299.97
sz300316,11.52,12.33,12.33,11.52,186675.0,-10.0,12.8,22152.0,0.0,0.0,9002.0,11.52,25.83,3.53,138.04,147.99
sh601211,17.14,18.02,18.3,17.0,587035.0,-8.98,18.83,103205.0,180.0,17.12,637.0,17.14,20.48,1.28,1288.26,1526.82
sz002247,3.75,4.01,4.07,3.75,278622.0,-10.07,4.17,10800.0,0.0,0.0,3982.0,3.75,-1.05,1.55,20.41,31.91
sh600235,5.55,5.85,5.85,5.55,179534.0,-10.05,6.17,10091.0,0.0,0.0,12795.0,5.55,378.66,1.51,19.5,19.5
sh601616,3.64,3.93,3.93,3.62,167561.0,-9.45,4.02,6264.0,528.0,3.62,1881.0,3.64,25.64,1.37,34.05,34.05
sz002094,5.37,5.71,5.94,5.37,165715.0,-10.05,5.97,9255.0,0.0,0.0,5099.0,5.37,44.41,1.27,33.73,37.19
sz300379,18.98,19.0,19.64,18.71,66839.0,-4.38,19.85,12773.0,89.0,18.97,161.0,18.99,39.25,3.66,37.86,52.58
sh603222,29.63,29.65,30.3,29.46,19131.0,-0.07,29.65,5688.0,52.0,29.59,1.0,29.63,295.28,11.57,94.82,94.82
sh603499,30.06,31.47,31.8,30.06,12141.0,-10.0,33.4,3698.0,0.0,0.0,12829.0,30.06,62.92,5.52,7.51,30.45
sh600528,10.51,11.3,11.38,10.51,271001.0,-10.02,11.68,29434.0,0.0,0.0,2743.0,10.51,15.32,1.44,193.15,233.49
sz002649,8.68,9.1,9.1,8.68,133699.0,-9.96,9.64,11865.0,0.0,0.0,10479.0,8.68,20.17,1.86,36.58,45.61
sz002537,9.61,9.4,9.66,8.81,182887.0,-0.41,9.65,16788.0,165.0,9.54,868.0,9.61,71.74,1.81,114.83,119.87
sh601138,13.92,15.2,15.2,13.88,790925.0,-9.73,15.42,114033.0,557.0,13.91,663.0,13.93,16.01,3.66,155.61,2741.59
sh600990,46.19,46.0,47.04,45.01,27062.0,-3.77,48.0,12522.0,1.0,46.15,15.0,46.19,28.45,3.15,63.14,73.52
sz300674,24.17,26.05,26.1,24.17,32334.0,-10.01,26.86,8069.0,0.0,0.0,521.0,24.17,45.67,5.81,9.67,96.68
sz002044,15.25,14.86,15.25,14.46,199591.0,-0.39,15.31,29744.0,3.0,15.23,155.0,15.25,58.52,7.39,357.55,476.04
sh600511,23.43,24.23,24.5,23.16,47773.0,-5.64,24.83,11302.0,78.0,23.42,14.0,23.46,12.47,1.88,65.05,179.1
sh600559,15.82,16.47,16.61,15.36,138480.0,-7.21,17.05,22219.0,221.0,15.8,810.0,15.82,27.78,3.47,100.36,109.19
sz002524,5.09,5.45,5.5,5.09,159415.0,-9.91,5.65,8407.0,0.0,0.0,5809.0,5.09,-37.46,3.17,24.53,25.62
sz300585,8.53,9.05,9.12,8.36,31217.0,-7.98,9.27,2744.0,52.0,8.52,288.0,8.54,39.82,3.13,7.14,13.8
sh601908,3.5,3.55,3.58,3.41,183521.0,-3.85,3.64,6410.0,374.0,3.48,1070.0,3.5,24.91,1.01,69.76,69.84
sz300203,23.44,24.4,24.77,23.44,90721.0,-7.93,25.46,21797.0,1556.0,23.41,7.0,23.46,17.36,3.0,105.87,106.07
sz002449,13.0,13.9,13.9,12.98,141837.0,-9.85,14.42,18819.0,5293.0,12.99,221.0,13.01,17.08,2.26,78.98,80.4
sz002540,4.89,5.35,5.35,4.85,87023.0,-9.11,5.38,4377.0,513.0,4.87,388.0,4.89,17.03,1.25,43.77,62.13
sh600731,6.59,6.8,7.12,6.36,99723.0,-6.52,7.05,6747.0,343.0,6.57,993.0,6.59,31.16,2.12,21.53,23.41
sz002414,23.0,24.01,24.03,22.68,47749.0,-6.69,24.65,11205.0,158.0,22.98,285.0,23.01,105.27,4.31,109.52,143.58
sz300746,15.71,17.03,17.03,15.71,37009.0,-10.02,17.46,6048.0,141.0,0.0,577.0,15.72,42.53,3.57,8.26,33.05
sh600998,14.89,15.07,15.37,14.81,115836.0,-5.16,15.7,17441.0,13.0,14.88,144.0,14.9,19.33,1.79,247.18,279.58
sh603266,21.93,23.9,23.91,21.93,13321.0,-10.01,24.37,3018.0,0.0,0.0,17954.0,21.93,48.99,3.61,7.68,31.12
sz300158,4.87,5.06,5.06,4.68,194993.0,-5.62,5.16,9471.0,4.0,4.85,899.0,4.87,-34.31,0.93,41.43,50.31
sh603939,59.85,57.68,60.5,57.05,18278.0,-0.33,60.05,10775.0,20.0,59.71,95.0,59.85,48.75,5.36,217.07,225.52
sh600050,6.06,6.45,6.45,6.0,2932008.0,-9.15,6.67,181596.0,22.0,6.05,3586.0,6.07,42.72,1.33,1284.51,1881.08
sz002459,11.9,12.7,12.98,11.9,104096.0,-9.98,13.22,12689.0,0.0,0.0,5086.0,11.9,1788.12,3.64,46.05,46.25
sh603232,34.09,37.01,37.51,34.07,21473.0,-9.96,37.86,7584.0,1.0,34.08,109.0,34.1,42.61,4.7,17.44,29.11
sh600580,8.85,9.3,9.5,8.85,180057.0,-9.97,9.83,16078.0,0.0,0.0,10225.0,8.85,14.43,1.82,114.07,114.44
sh600863,2.91,3.06,3.12,2.88,367842.0,-8.49,3.18,10957.0,1073.0,2.89,10496.0,2.91,17.71,1.48,169.01,169.01
sz300595,56.28,55.0,57.97,54.99,33117.0,-2.65,57.81,18585.0,5.0,56.19,5.0,56.28,54.64,11.65,77.57,126.28
sz002938,26.42,27.5,28.3,26.42,98184.0,-10.01,29.36,26765.0,0.0,0.0,611.0,26.42,21.99,3.37,61.07,610.68
sz002607,11.15,11.94,11.95,11.09,179825.0,-9.5,12.32,20579.0,103.0,11.13,490.0,11.15,52.45,22.37,91.47,687.67
sz002331,9.7,10.0,10.65,9.7,46197.0,-10.02,10.78,4564.0,0.0,0.0,369.0,9.7,38.99,1.97,30.1,39.98
sh601100,27.79,27.3,28.35,27.01,93770.0,-3.2,28.71,26069.0,52.0,27.78,9.0,27.8,24.36,5.03,245.11,245.11
sh603067,8.26,8.85,8.85,8.1,38874.0,-8.02,8.98,3285.0,347.0,8.24,421.0,8.26,20.34,2.01,12.85,25.44
sz300285,15.06,15.76,15.85,14.85,161635.0,-8.28,16.42,24882.0,190.0,15.04,447.0,15.06,24.69,4.35,103.72,145.08
sz002303,5.37,5.4,5.71,5.37,211994.0,-10.05,5.97,11637.0,0.0,0.0,39466.0,5.37,20.4,1.8,82.2,82.23
sz300630,66.0,69.0,69.28,66.0,12218.0,-7.8,71.58,8277.0,1.0,65.88,32.0,66.0,54.87,12.69,65.32,120.9
sh603179,14.62,15.7,15.78,14.62,27724.0,-9.98,16.24,4198.0,0.0,0.0,991.0,14.62,12.79,2.14,13.88,33.29
sh600305,12.45,12.61,13.06,12.1,189524.0,-5.18,13.13,23936.0,98.0,12.43,63.0,12.45,30.73,4.63,97.55,97.55
sz300769,92.18,91.0,94.75,88.87,23645.0,-3.72,95.74,21699.0,90.0,92.17,1.0,92.19,36.41,4.31,9.85,39.4
sh600548,9.87,10.1,10.1,9.82,62654.0,-2.66,10.14,6226.0,698.0,9.86,153.0,9.88,6.13,1.21,141.46,215.24
sh600835,15.68,15.6,16.1,15.44,78060.0,-7.33,16.92,12267.0,3.0,15.66,68.0,15.68,12.69,1.45,126.46,160.37
sz300358,7.6,8.25,8.25,7.6,61240.0,-9.95,8.44,4833.0,0.0,0.0,575.0,7.6,151.6,1.52,33.57,36.0
sz300003,24.92,25.7,26.1,24.18,297461.0,-6.46,26.64,75162.0,23.0,24.9,118.0,24.92,29.63,6.48,377.61,443.99
sh603693,12.64,13.62,13.63,12.56,63646.0,-8.93,13.88,8346.0,591.0,12.63,100.0,12.65,29.16,1.73,14.92,78.12
sz300593,17.2,18.68,18.68,17.2,20910.0,-9.99,19.11,3713.0,0.0,0.0,1531.0,17.2,51.15,3.39,11.51,20.29
sz300146,21.38,21.0,21.89,20.88,328408.0,-1.43,21.69,70293.0,6.0,21.36,2948.0,21.38,27.85,5.86,188.43,314.03
sh600258,18.25,19.65,19.65,18.25,138895.0,-9.88,20.25,26194.0,509.0,18.24,47.0,18.26,20.88,2.17,113.99,178.65
sz000951,17.42,18.3,18.3,17.03,87314.0,-7.59,18.85,15364.0,182.0,17.41,3.0,17.43,11.44,1.83,116.87,116.9
sz002353,20.48,21.77,22.03,20.48,230653.0,-9.98,22.75,48463.0,0.0,0.0,133.0,20.48,28.37,2.3,138.03,196.17
sh603595,32.44,34.5,34.67,32.17,9707.0,-9.23,35.74,3230.0,8.0,0.0,27.0,32.44,-614.09,5.47,16.15,46.33
sh600928,9.37,8.87,9.76,8.55,586149.0,1.85,9.2,53756.0,7104.0,9.36,818.0,9.38,16.98,1.84,41.64,416.44
sh603160,118.43,116.0,122.2,114.38,48815.0,-5.96,125.93,57763.0,7.0,118.42,4.0,118.48,47.55,11.78,274.28,540.81
sz002846,13.5,14.08,14.08,12.96,81783.0,-6.25,14.4,10891.0,6.0,13.19,213.0,13.5,46.53,4.38,7.15,26.28
sz300529,59.86,58.5,61.4,58.5,18631.0,-2.67,61.5,11223.0,16.0,59.81,5.0,59.86,56.56,13.63,64.92,249.78
sz300136,24.11,25.0,25.45,24.11,356930.0,-10.0,26.79,87734.0,0.0,0.0,33466.0,24.11,23.08,6.01,195.3,235.22
sz300729,22.8,23.03,23.8,22.68,9170.0,-5.9,24.23,2110.0,13.0,22.71,26.0,22.8,36.84,2.65,5.65,19.91
sz300235,9.16,9.88,9.88,9.16,51377.0,-10.02,10.18,4848.0,0.0,0.0,8463.0,9.16,97.43,2.53,9.64,15.37
sh601998,6.1,6.14,6.15,6.01,793495.0,-3.02,6.29,48224.0,1.0,6.08,3360.0,6.1,6.55,0.71,1946.22,2985.02
sz002694,4.53,4.87,4.87,4.53,192681.0,-9.94,5.03,8967.0,0.0,0.0,7094.0,4.53,-22.53,2.84,22.6,27.05
sz002818,13.01,14.27,14.27,13.01,43746.0,-10.03,14.46,5840.0,0.0,0.0,1001.0,13.01,13.25,2.1,19.29,98.42
sz300488,25.23,26.97,27.39,24.5,8921.0,-6.9,27.1,2315.0,10.0,25.07,8.0,25.23,38.48,2.77,7.75,26.47
sz300751,145.03,160.3,160.3,145.03,5113.0,-9.75,160.69,7660.0,11.0,145.01,2.0,145.05,40.93,6.46,18.85,75.42
sz300747,129.7,137.11,137.11,129.6,14291.0,-8.48,141.71,19029.0,1.0,129.67,98.0,129.7,39.5,7.78,41.5,166.02
sh603929,15.21,15.98,15.98,14.99,29286.0,-8.43,16.61,4518.0,81.0,15.16,226.0,15.21,20.48,2.85,14.69,32.45
sh603359,16.76,17.4,17.41,16.2,20577.0,-5.79,17.79,3466.0,10.0,16.73,113.0,16.76,15.97,1.98,25.63,53.4
sz000958,6.39,6.83,6.88,6.39,604329.0,-10.0,7.1,39645.0,0.0,0.0,47023.0,6.39,49.3,2.63,70.24,70.44
sz002544,12.72,13.73,13.73,12.7,94322.0,-9.85,14.11,12383.0,18.0,12.71,377.0,12.73,1169.63,3.5,65.11,72.65
sh603043,27.96,28.0,28.38,27.33,25903.0,-3.08,28.85,7216.0,273.0,27.92,90.0,27.96,28.9,5.65,35.09,112.96
sz000627,6.38,6.79,6.79,6.23,279863.0,-7.8,6.92,18306.0,403.0,6.37,221.0,6.39,23.93,1.56,315.21,315.21
sh600585,38.51,38.62,39.43,37.56,484313.0,-3.6,39.95,186095.0,3.0,38.45,471.0,38.51,6.56,1.72,1540.29,2040.76
sh603322,26.15,28.05,28.05,26.15,22292.0,-10.01,29.06,6000.0,0.0,0.0,529.0,26.15,333.4,6.29,11.86,29.29
sz002120,36.28,36.27,37.69,36.0,33649.0,-3.87,37.74,12359.0,7.0,36.25,1.0,36.48,21.72,5.17,159.79,621.39
sh600892,4.96,5.36,5.36,4.96,86477.0,-9.98,5.51,4393.0,0.0,0.0,957.0,4.96,-2.42,3.33,26.76,27.75
sh600152,5.89,6.29,6.33,5.89,80372.0,-9.94,6.54,4890.0,0.0,0.0,321.0,5.89,67.33,1.88,17.37,25.97
sz002806,15.7,17.4,17.4,15.7,33552.0,-9.98,17.44,5390.0,0.0,0.0,142.0,15.7,38.75,2.2,9.06,27.67
sz002196,6.22,6.2,6.82,6.06,83176.0,-4.16,6.49,5316.0,531.0,6.21,458.0,6.23,-6.5,1.41,23.02,29.45
sh600071,9.7,9.78,10.55,9.7,35547.0,-10.02,10.78,3529.0,0.0,0.0,54.0,9.7,-129.17,5.71,23.03,23.03
sh600385,8.14,8.34,8.53,8.14,15455.0,-5.02,8.57,1271.0,0.0,0.0,3595.0,8.14,-112.31,22.29,11.62,12.06
sh603133,14.65,15.6,15.6,14.55,38849.0,-8.67,16.04,5848.0,59.0,14.63,571.0,14.65,84.21,3.35,16.41,30.85
sh603773,32.8,35.0,35.0,32.66,27075.0,-8.84,35.98,9145.0,256.0,32.79,23.0,32.82,27.48,1.89,21.1,31.03
sh600503,3.81,4.08,4.08,3.81,517158.0,-9.93,4.23,20256.0,0.0,0.0,11263.0,3.81,-10307.05,1.62,61.05,61.05
sz000799,21.89,23.4,23.4,21.89,117932.0,-9.99,24.32,26514.0,0.0,0.0,18843.0,21.89,30.55,3.23,71.13,71.13
sz002444,10.45,11.2,11.2,10.45,139023.0,-9.99,11.61,14937.0,0.0,0.0,1940.0,10.45,14.91,1.67,105.73,112.36
sh603127,43.27,45.0,45.96,42.57,14040.0,-6.75,46.4,6235.0,20.0,43.25,1.0,43.39,62.42,11.07,33.92,69.66
sh600819,4.76,5.22,5.22,4.73,51259.0,-9.33,5.25,2514.0,5.0,4.74,334.0,4.76,46.03,1.42,35.58,44.5
sh600535,19.96,21.29,21.3,19.73,235804.0,-8.94,21.92,47463.0,2.0,19.93,46.0,19.96,18.62,2.74,301.93,301.93
sh601126,5.69,6.0,6.16,5.69,70445.0,-8.96,6.25,4137.0,172.0,5.68,260.0,5.7,21.82,1.19,45.74,46.27
sz002288,4.68,5.0,5.0,4.68,287127.0,-10.0,5.2,13815.0,0.0,0.0,9755.0,4.68,206.6,2.8,37.46,43.6
sz002868,21.71,22.42,22.5,20.7,30613.0,-4.86,22.82,6662.0,19.0,21.7,107.0,21.72,38.94,3.47,8.35,26.05
sz000546,9.59,10.0,10.01,9.5,65498.0,-7.34,10.35,6405.0,83.0,9.58,50.0,9.6,18.17,1.85,64.05,68.53
sh600870,2.94,3.05,3.05,2.94,21377.0,-4.85,3.09,631.0,0.0,0.0,6317.0,2.94,227.27,196.0,15.38,15.38
sh603611,16.77,17.26,17.97,16.67,27948.0,-9.45,18.52,4822.0,1.0,16.74,39.0,16.77,21.92,2.52,37.96,44.89
sz002858,15.0,16.0,16.0,14.86,19302.0,-8.59,16.41,2992.0,100.0,14.98,86.0,15.0,48.26,4.52,9.25,18.95
sz002583,9.22,9.93,9.94,9.22,120193.0,-9.96,10.24,11432.0,0.0,0.0,617.0,9.22,35.22,2.83,96.55,169.39
sz002027,5.9,5.81,5.97,5.72,2410031.0,-3.28,6.1,140789.0,2398.0,5.88,4156.0,5.9,17.47,6.14,865.99,865.99
sh600579,9.25,9.88,10.06,9.09,41312.0,-8.42,10.1,3915.0,50.0,9.11,131.0,9.26,80.23,0.7,37.98,83.07
sh600466,6.26,6.69,6.69,6.26,428344.0,-10.06,6.96,27553.0,0.0,0.0,3564.0,6.26,7.73,1.52,186.77,186.81
sz300639,14.79,15.37,15.4,14.5,41740.0,-6.98,15.9,6253.0,191.0,14.78,136.0,14.8,27.06,3.27,15.93,32.16
sz000959,3.79,3.87,3.9,3.72,151758.0,-4.05,3.95,5781.0,678.0,3.78,433.0,3.8,9.22,0.77,112.43,200.47
sh603326,10.38,10.69,10.69,10.18,28215.0,-4.16,10.83,2952.0,21.0,10.37,7.0,10.39,22.06,2.83,6.68,23.46
sh603010,15.02,15.24,15.99,15.02,31425.0,-10.01,16.69,4843.0,0.0,0.0,351.0,15.02,29.51,3.26,34.66,38.01
sh600763,74.46,74.0,77.88,73.0,58844.0,-3.65,77.28,44168.0,49.0,74.42,164.0,74.47,65.38,16.93,238.75,238.75
sz300392,8.69,8.69,8.77,8.69,31271.0,-10.04,9.66,2718.0,0.0,0.0,41046.0,8.69,163.29,6.71,22.49,33.37
sz002632,6.98,7.4,7.41,6.95,114558.0,-9.59,7.72,8116.0,52.0,6.96,830.0,6.98,20.78,2.13,39.91,43.72
sz000778,4.43,4.7,4.71,4.36,462619.0,-7.9,4.81,21021.0,2066.0,4.41,905.0,4.43,8.66,0.84,173.7,176.8
sh601238,11.58,12.2,12.2,11.24,258192.0,-7.29,12.49,29931.0,132.0,11.56,632.0,11.58,12.09,1.5,704.11,1185.07
sz300166,12.94,13.51,13.78,12.94,224302.0,-10.01,14.38,29575.0,0.0,0.0,23141.0,12.94,26.02,2.73,104.9,136.73
sz300032,3.41,3.6,3.67,3.38,279865.0,-9.31,3.76,9842.0,3023.0,3.39,785.0,3.41,-1.15,1.94,26.92,27.39
sz002223,22.26,22.8,23.18,21.85,118401.0,-5.12,23.46,26788.0,32.0,22.24,109.0,22.26,29.36,3.89,190.35,223.15
sz000826,10.93,10.99,11.47,10.44,253085.0,-2.76,11.24,27963.0,96.0,10.91,4.0,10.93,29.73,1.2,129.59,156.36
sh600711,5.05,5.4,5.53,5.05,495436.0,-9.98,5.61,26047.0,3274.0,0.0,1375.0,5.06,32.28,1.23,75.6,92.45
sz300434,8.36,9.19,9.19,8.36,42861.0,-9.91,9.28,3693.0,829.0,0.0,261.0,8.36,22.02,1.25,16.65,33.59
sh601127,13.6,14.64,14.64,13.28,68201.0,-7.86,14.76,9281.0,598.0,13.54,33.0,13.6,-65.57,2.61,30.04,128.5
sh600966,3.6,3.61,3.62,3.41,227942.0,-2.17,3.68,8081.0,571.0,3.58,2035.0,3.6,27.77,0.91,48.13,48.13
sz300074,4.1,4.37,4.42,4.1,160737.0,-9.89,4.55,6781.0,0.0,0.0,5302.0,4.1,181.87,1.86,20.01,22.24
sh603816,46.53,46.85,48.48,45.0,33335.0,-6.34,49.68,15663.0,72.0,46.52,20.0,46.54,19.69,4.25,41.46,200.12
sz002410,25.51,26.71,27.44,25.2,110261.0,-8.89,28.0,28705.0,58.0,25.5,56.0,25.53,65.65,8.86,226.12,287.38
sh603260,45.95,48.7,49.77,45.6,35615.0,-8.99,50.49,16924.0,7.0,45.94,31.0,45.98,11.94,3.69,119.86,307.87
sh601336,52.38,54.65,54.65,51.98,270935.0,-8.83,57.45,144048.0,183.0,52.36,73.0,52.38,18.83,2.23,1092.35,1634.02
sh600787,5.63,6.0,6.07,5.63,211965.0,-9.92,6.25,12304.0,0.0,0.0,3971.0,5.63,25.69,1.12,123.85,123.85
sh600125,7.2,7.75,7.76,7.2,410381.0,-10.0,8.0,30413.0,0.0,0.0,1771.0,7.2,18.68,1.62,94.0,94.0
sz300115,11.14,11.5,11.75,11.14,149757.0,-10.02,12.38,16882.0,0.0,0.0,33708.0,11.14,196.99,2.34,100.88,101.36
sh600455,26.3,27.5,28.36,26.14,3286.0,-9.0,28.9,885.0,3.0,26.25,14.0,26.33,155.16,11.83,16.43,16.43
sh600597,9.65,10.12,10.26,9.52,161607.0,-8.1,10.5,16021.0,172.0,9.63,663.0,9.65,34.03,2.14,118.15,118.16
sz300272,6.34,6.95,6.95,6.3,45271.0,-9.3,6.99,2970.0,47.0,6.33,1229.0,6.36,41.11,2.63,19.83,30.71
sz002645,8.64,9.3,9.38,8.64,32308.0,-10.0,9.6,2866.0,0.0,0.0,345.0,8.64,18.63,1.66,26.29,30.76
sh603309,18.18,19.2,19.2,18.0,37014.0,-5.26,19.19,6813.0,250.0,18.01,1.0,18.2,46.07,3.84,36.36,36.36
sh603878,15.16,16.06,16.08,14.96,56416.0,-8.23,16.52,8722.0,71.0,15.15,139.0,15.17,12.53,1.38,15.31,31.0
sz002127,11.37,11.2,11.99,11.16,224389.0,-4.93,11.96,25933.0,21.0,11.36,23.0,11.38,30.36,7.23,212.8,279.12
sz002268,25.34,27.7,27.7,25.34,77471.0,-9.98,28.15,19959.0,0.0,0.0,25879.0,25.34,167.7,4.91,205.23,212.43
sz002387,10.71,11.46,11.46,10.71,94156.0,-10.0,11.9,10351.0,0.0,0.0,3052.0,10.71,-91.09,1.01,114.36,146.48
sh600759,3.82,3.93,4.02,3.82,714516.0,-9.91,4.24,27675.0,0.0,0.0,114399.0,3.82,239.11,1.65,86.26,86.47
sz002690,26.36,25.44,27.01,25.09,83047.0,-5.45,27.88,21670.0,161.0,26.35,3.0,26.37,38.28,7.52,86.38,178.19
sh600156,5.31,5.61,5.84,5.31,151064.0,-10.0,5.9,8357.0,0.0,0.0,1041.0,5.31,74.97,2.9,21.35,21.35
sz000999,30.18,28.9,30.78,28.82,157720.0,2.31,29.5,47009.0,86.0,30.17,64.0,30.19,13.58,2.46,295.28,295.43
sh603700,23.1,24.55,24.55,23.1,27799.0,-10.01,25.67,6553.0,0.0,0.0,847.0,23.1,25.5,3.19,9.03,36.11
sz000551,6.7,7.22,7.25,6.7,96994.0,-9.95,7.44,6678.0,0.0,0.0,9178.0,6.7,30.96,1.61,26.81,26.81
sz002061,6.75,7.3,7.3,6.69,106077.0,-8.91,7.41,7390.0,186.0,6.74,384.0,6.76,9.61,1.29,39.06,92.86
sh601200,10.6,11.24,11.24,10.42,50368.0,-6.19,11.3,5467.0,40.0,10.57,309.0,10.6,16.98,1.6,92.65,96.81
sh600801,24.63,25.91,26.13,24.46,283650.0,-8.85,27.02,71786.0,646.0,24.62,792.0,24.68,6.51,2.08,239.59,368.85
sh600195,11.23,12.0,12.0,11.0,95427.0,-8.03,12.21,11010.0,98.0,11.22,20.0,11.24,17.83,1.65,67.57,67.57
sh603766,4.38,4.72,4.72,4.33,236968.0,-8.75,4.8,10605.0,125.0,4.36,1677.0,4.38,9.88,1.36,89.95,89.95
sz002882,10.8,11.6,11.73,10.8,64174.0,-10.0,12.0,7248.0,591.0,0.0,5.0,10.81,15.68,2.75,8.96,46.75
sz002360,5.73,6.15,6.2,5.73,85563.0,-10.05,6.37,5046.0,0.0,0.0,2953.0,5.73,17.15,2.18,16.99,22.43
sh603181,18.9,20.12,20.28,18.68,14922.0,-8.43,20.64,2922.0,22.0,18.89,9.0,18.98,17.42,2.54,18.71,37.8
sz300677,17.19,18.45,18.71,17.01,26923.0,-9.05,18.9,4700.0,54.0,17.17,23.0,17.19,17.7,2.58,18.73,33.76
sz300036,14.29,15.33,15.33,14.19,102142.0,-9.27,15.75,15055.0,275.0,14.27,751.0,14.29,39.53,3.31,47.81,64.24
sh600657,4.34,4.62,4.62,4.24,244593.0,-7.86,4.71,10842.0,1210.0,4.33,170.0,4.35,5.49,0.62,66.15,123.77
sh600233,12.45,12.9,12.9,11.99,75592.0,-6.46,13.31,9359.0,62.0,12.42,43.0,12.46,18.03,3.14,97.53,352.14
sz300476,11.22,12.01,12.01,11.22,113356.0,-10.02,12.47,13002.0,0.0,0.0,5673.0,11.22,22.19,2.81,85.23,86.36
sh600563,40.6,41.75,41.75,40.19,23904.0,-5.03,42.75,9769.0,1.0,40.53,1.0,40.6,20.12,3.58,91.35,91.35
sz300046,15.37,16.35,16.75,15.37,62035.0,-10.01,17.08,9952.0,0.0,0.0,557.0,15.37,38.27,3.57,32.76,32.76
sz000159,9.07,9.71,9.74,9.07,396263.0,-10.02,10.08,36755.0,0.0,0.0,97199.0,9.07,44.38,2.01,43.6,43.6
sz300386,11.12,12.03,12.03,11.12,81361.0,-10.03,12.36,9264.0,0.0,0.0,1257.0,11.12,34.87,2.65,23.72,46.49
sz002371,54.91,58.0,59.35,54.91,97695.0,-10.0,61.01,55550.0,0.0,0.0,1916.0,54.91,105.56,7.05,197.31,251.49
sh600209,4.6,0.0,0.0,0.0,0.0,0.0,4.6,0.0,0.0,0.0,0.0,0.0,212.09,3.25,20.19,20.19
sh600707,4.85,5.25,5.25,4.8,120203.0,-9.01,5.33,5964.0,220.0,4.83,361.0,4.85,-71.08,0.87,62.47,174.04
sz300430,12.24,12.55,12.59,11.6,73332.0,-4.97,12.88,8836.0,26.0,12.07,146.0,12.24,31.79,2.03,27.33,33.29
sz000695,10.13,11.1,11.1,10.13,16201.0,-10.04,11.26,1688.0,0.0,0.0,1314.0,10.13,63.7,6.16,22.46,22.5
sh603019,36.43,37.9,38.9,36.43,314676.0,-10.0,40.48,117967.0,0.0,0.0,3768.0,36.43,71.52,8.86,327.98,327.98
sz002717,7.58,8.0,8.01,7.52,147703.0,-7.9,8.23,11372.0,631.0,7.56,525.0,7.58,10.75,1.76,51.77,77.65
sz002723,12.69,13.3,13.3,12.69,42763.0,-10.0,14.1,5478.0,0.0,0.0,4344.0,12.69,-39.08,4.04,22.04,24.23
sz002250,10.29,10.7,10.77,9.95,223669.0,-6.88,11.05,23221.0,302.0,10.28,17.0,10.3,73.54,1.63,91.63,95.18
sz300451,21.2,22.01,22.6,21.2,75910.0,-10.02,23.56,16400.0,0.0,0.0,9631.0,21.2,44.63,4.31,73.5,102.92
sz002659,8.0,7.9,8.0,7.27,63807.0,-0.99,8.08,4815.0,300.0,7.61,73.0,8.0,-44.96,1.91,24.88,39.89
sh600588,28.41,29.99,30.69,28.41,283325.0,-10.01,31.57,83261.0,0.0,0.0,5255.0,28.41,67.9,8.65,540.28,544.76
sh600363,8.59,9.25,9.29,8.59,102769.0,-9.96,9.54,9116.0,0.0,0.0,607.0,8.59,17.57,1.54,38.09,38.09
sh603032,31.03,33.78,33.82,31.03,50015.0,-10.01,34.48,15690.0,0.0,0.0,9935.0,31.03,19.01,7.23,24.33,49.65
sz300308,47.19,49.0,49.05,47.19,25631.0,-9.99,52.43,12147.0,0.0,0.0,10326.0,47.19,41.85,3.03,102.76,240.59
sh600416,6.1,6.36,6.38,5.89,138129.0,-6.73,6.54,8429.0,213.0,6.08,8.0,6.1,-3.1,1.31,53.77,57.7
sh600734,6.52,7.1,7.1,6.51,152830.0,-9.82,7.23,10327.0,483.0,0.0,696.0,6.52,-14.96,1.58,23.13,40.65
sz300485,10.17,10.58,10.64,10.02,33909.0,-6.09,10.83,3509.0,68.0,10.15,14.0,10.17,18.37,1.89,25.09,49.24
sz002231,6.46,6.98,6.98,6.46,94589.0,-10.03,7.18,6248.0,0.0,0.0,3658.0,6.46,-16.65,4.2,19.76,23.05
sz000818,10.33,10.8,10.99,10.33,120746.0,-10.02,11.48,12810.0,0.0,0.0,13755.0,10.33,14.68,2.81,69.25,71.28
sz002670,10.68,10.5,11.05,10.36,216642.0,-6.07,11.37,23183.0,217.0,10.66,986.0,10.68,2554.89,1.74,67.07,206.67
sh603220,24.67,26.3,26.3,24.67,71620.0,-10.0,27.41,18094.0,0.0,0.0,5453.0,24.67,51.95,5.49,20.83,83.33
sz002106,7.06,7.5,7.52,6.89,182944.0,-7.83,7.66,13299.0,90.0,7.04,1272.0,7.06,19.59,1.29,49.69,49.83
sz300279,5.0,5.25,5.35,5.0,94508.0,-9.91,5.55,4852.0,0.0,0.0,8510.0,5.0,-3.08,2.43,16.93,22.45
sz000953,3.95,4.06,4.06,3.95,23078.0,-5.05,4.16,917.0,0.0,0.0,9110.0,3.95,-4.63,-4.37,11.62,11.62
sh601997,13.22,13.45,13.7,12.96,373542.0,-3.92,13.76,49637.0,10.0,13.2,331.0,13.22,5.75,1.0,163.79,303.87
sh600425,3.69,3.91,3.95,3.69,416945.0,-10.0,4.1,15860.0,0.0,0.0,11943.0,3.69,13.64,1.17,50.88,50.88
sz300059,14.75,15.05,15.58,14.75,2871043.0,-10.01,16.39,432657.0,0.0,0.0,77946.0,14.75,76.72,4.49,649.54,800.53
sz300523,48.27,50.0,50.0,47.57,11963.0,-5.83,51.26,5824.0,1.0,48.12,225.0,48.27,58.28,4.67,49.51,74.86
sz002672,11.26,11.61,11.89,11.14,61902.0,-7.17,12.13,7101.0,150.0,11.25,9.0,11.27,25.29,2.41,73.16,99.76
sz000887,10.31,11.01,11.02,10.31,136346.0,-9.96,11.45,14379.0,0.0,0.0,1574.0,10.31,12.0,1.49,125.62,125.87
sz002733,24.76,26.05,26.5,24.76,144380.0,-10.0,27.51,37102.0,0.0,0.0,32641.0,24.76,65.07,3.49,81.02,86.69
sz002378,5.48,5.94,5.94,5.4,99234.0,-8.67,6.0,5539.0,63.0,5.46,1198.0,5.48,108.25,2.53,50.59,50.64
sz002808,16.72,18.08,18.08,16.72,30558.0,-10.01,18.58,5239.0,0.0,0.0,1829.0,16.72,93.92,5.64,14.83,32.1
sz002179,40.0,40.39,41.17,39.0,83414.0,-3.85,41.6,33537.0,307.0,39.99,35.0,40.01,31.04,4.8,314.02,316.38
sz000547,9.25,9.65,9.77,9.1,192333.0,-6.47,9.89,18157.0,421.0,9.23,217.0,9.25,31.04,2.05,103.08,148.53
sh603345,43.6,45.06,45.24,42.4,26247.0,-4.09,45.46,11562.0,52.0,43.55,19.0,43.61,33.53,4.73,53.56,94.19
sz002741,12.97,13.49,13.49,12.81,48560.0,-6.01,13.8,6384.0,518.0,12.96,321.0,12.98,39.74,3.98,28.81,48.54
sz000987,9.68,10.14,10.19,9.48,86480.0,-7.28,10.44,8488.0,655.0,9.65,84.0,9.68,43.82,1.62,215.25,266.48
sz002416,5.34,5.7,5.72,5.28,147261.0,-9.03,5.87,8033.0,692.0,5.33,1084.0,5.35,-72.77,1.32,62.65,66.18
sz002790,11.64,12.79,12.79,11.64,31412.0,-9.98,12.93,3767.0,0.0,0.0,1966.0,11.64,16.84,1.9,18.4,29.8
sz000811,8.15,8.5,8.85,8.15,219520.0,-9.94,9.05,18422.0,0.0,0.0,3187.0,8.15,11.25,1.77,53.22,53.22
sh603208,29.29,31.0,31.21,28.73,10306.0,-8.24,31.92,3067.0,18.0,29.19,16.0,29.29,15.41,2.14,9.03,23.67
sh600753,16.99,17.66,17.89,16.8,48776.0,-8.16,18.5,8342.0,14.0,16.9,252.0,16.99,115.35,11.8,21.75,21.75
sh600203,5.72,6.15,6.35,5.72,166636.0,-10.06,6.36,9924.0,0.0,0.0,8632.0,5.72,112.94,1.27,25.53,26.11
sz002829,19.41,19.99,20.88,18.85,20567.0,-4.24,20.27,4081.0,93.0,19.39,15.0,19.44,165.47,3.64,11.88,31.16
sz000537,7.51,8.03,8.03,7.4,172417.0,-8.64,8.22,13240.0,928.0,7.49,532.0,7.51,6.49,1.24,38.51,139.88
sz300737,9.1,9.95,9.95,9.1,70545.0,-9.99,10.11,6510.0,0.0,0.0,1509.0,9.1,27.19,1.88,24.97,55.57
sz000681,20.35,21.0,21.6,20.05,156263.0,-7.37,21.97,32332.0,2.0,20.3,129.0,20.35,42.07,4.83,63.18,142.57
sz300537,13.55,14.55,14.58,13.55,21511.0,-10.03,15.06,2966.0,0.0,0.0,4715.0,13.55,37.01,2.01,12.62,26.16
sz002563,10.25,10.94,10.95,10.21,111713.0,-7.91,11.13,11731.0,260.0,10.24,40.0,10.26,16.01,2.41,187.86,276.73
sz000002,27.1,28.0,28.31,26.7,700696.0,-6.16,28.88,191985.0,142.0,27.09,142.0,27.11,9.01,1.9,2632.81,3062.88
sh603688,12.36,13.19,13.19,12.12,38806.0,-8.17,13.46,4899.0,62.0,12.35,42.0,12.37,28.35,2.94,41.63,41.69
sz002313,20.33,21.48,21.48,20.33,48799.0,-10.0,22.59,10068.0,0.0,0.0,6621.0,20.33,78.5,3.11,63.29,63.43
sh601601,34.3,34.81,34.82,33.51,368105.0,-5.2,36.18,125999.0,5.0,34.1,886.0,34.3,15.74,1.92,2156.34,3108.27
sh603259,80.84,79.68,84.5,79.68,72058.0,-8.68,88.52,58944.0,25.0,80.81,10.0,80.84,40.14,5.14,84.23,945.88
sh603118,8.68,9.11,9.32,8.65,257589.0,-9.68,9.61,23065.0,74.0,8.66,1004.0,8.68,24.34,1.47,67.33,67.33
sz300199,9.7,10.34,10.34,9.7,118214.0,-10.02,10.78,11764.0,0.0,0.0,44570.0,9.7,-23.27,2.8,55.43,90.04
sh601860,7.3,6.9,7.67,6.7,497706.0,1.67,7.18,35815.0,3056.0,7.28,3078.0,7.3,20.68,2.09,26.72,267.24
sz300731,25.21,24.55,26.71,23.05,13705.0,-1.33,25.55,3362.0,123.0,25.2,3.0,25.22,52.55,4.37,14.81,22.49
sz002709,26.5,27.98,27.98,26.11,47345.0,-6.36,28.3,12725.0,5.0,26.48,621.0,26.5,123.75,3.19,89.76,90.82
sh603100,9.14,9.79,9.79,9.01,55790.0,-8.69,10.01,5200.0,123.0,9.13,16.0,9.15,9.03,1.57,23.64,36.1
sh603608,8.29,8.64,8.65,8.1,36830.0,-5.37,8.76,3080.0,15.0,8.27,146.0,8.29,17.4,1.71,25.23,35.76
sh603129,20.35,21.78,21.78,19.94,19064.0,-8.17,22.16,3864.0,20.0,20.03,9.0,20.35,21.71,2.8,13.26,27.39
sz300681,28.72,30.48,30.48,28.59,4849.0,-6.96,30.87,1420.0,7.0,28.7,1.0,28.72,169.2,3.43,5.43,21.71
sh600448,6.28,7.0,7.0,6.28,162637.0,-10.03,6.98,10706.0,0.0,0.0,2672.0,6.28,158.94,2.24,32.32,32.96
sz300253,12.56,13.0,13.29,12.56,395002.0,-10.03,13.96,50609.0,0.0,0.0,28040.0,12.56,63.61,6.13,165.18,203.77
sh600691,2.64,2.76,2.83,2.61,697406.0,-8.97,2.9,19036.0,9601.0,2.62,845.0,2.64,90.32,1.06,46.37,62.73
sz002311,29.59,29.79,30.5,28.83,93109.0,-3.49,30.66,27491.0,36.0,29.58,865.0,29.6,32.07,5.92,459.68,467.91
sh603050,10.95,11.83,11.83,10.91,31815.0,-9.43,12.09,3592.0,53.0,10.94,52.0,10.96,23.88,1.71,8.79,17.77
sh601231,12.0,12.76,12.76,11.95,137505.0,-9.37,13.24,16873.0,142.0,11.98,1867.0,12.0,21.48,2.72,261.11,261.11
sh603214,34.61,35.71,37.27,34.37,18399.0,-8.54,37.84,6499.0,84.0,34.59,11.0,34.61,27.55,3.83,19.11,34.61
sz300179,4.11,4.39,4.45,4.11,86982.0,-10.07,4.57,3708.0,2627.0,0.0,1066.0,4.12,31.08,2.38,13.66,20.55
sh600265,27.05,28.34,28.34,27.05,2430.0,-4.42,28.3,667.0,2.0,27.06,2.0,27.31,280.49,97.76,35.11,35.11
sz000040,7.61,7.7,7.7,7.09,319870.0,-3.43,7.88,23318.0,1741.0,7.58,1759.0,7.61,217.2,0.78,80.69,113.15
sh600794,5.06,5.2,5.36,5.06,1199986.0,-9.96,5.62,61689.0,0.0,0.0,54600.0,5.06,153.35,3.33,60.29,61.33
sh603030,6.57,7.07,7.07,6.57,63135.0,-10.0,7.3,4257.0,0.0,0.0,1997.0,6.57,12.96,1.9,35.08,35.36
sz000001,12.87,13.1,13.35,12.71,2108667.0,-7.08,13.85,274241.0,2941.0,12.86,493.0,12.88,8.61,0.97,2209.81,2209.83
sz002751,21.29,22.57,22.8,21.29,38381.0,-10.02,23.66,8438.0,0.0,0.0,1222.0,21.29,39.92,3.23,22.23,32.91
sz002439,24.45,25.45,25.45,23.64,155797.0,-6.93,26.27,37948.0,1.0,24.4,160.0,24.45,42.81,6.18,152.55,219.24
sz002631,7.85,8.49,8.49,7.85,165453.0,-9.98,8.72,13409.0,0.0,0.0,4548.0,7.85,53.67,3.11,50.78,52.42
sz300274,11.24,11.07,11.68,10.8,249952.0,-5.55,11.9,28077.0,136.0,11.23,119.0,11.25,21.07,2.07,119.81,163.98
sz300349,18.37,19.0,19.37,18.0,96589.0,-8.15,20.0,17952.0,32.0,18.34,303.0,18.37,15.22,2.2,64.81,78.83
sz002748,9.48,9.52,9.92,9.23,51857.0,-7.15,10.21,4976.0,155.0,9.47,891.0,9.49,47.25,1.95,22.75,22.75
sz300575,56.86,61.9,61.9,56.86,20418.0,-10.0,63.18,12097.0,0.0,0.0,331.0,56.86,16.67,3.28,19.55,41.71
sz002946,13.45,14.18,14.33,13.45,77916.0,-9.97,14.94,10768.0,0.0,0.0,1915.0,13.45,47.15,6.09,11.48,114.82
sz002236,14.87,14.95,15.6,14.87,742812.0,-9.99,16.52,111868.0,0.0,0.0,20684.0,14.87,17.48,3.43,272.76,445.74
sz300229,10.98,11.5,11.84,10.98,117604.0,-10.0,12.2,13304.0,0.0,0.0,8760.0,10.98,78.12,2.8,51.04,51.95
sh600155,11.9,12.72,12.8,11.9,383833.0,-9.98,13.22,47247.0,0.0,0.0,8908.0,11.9,59.49,1.37,134.26,207.01
sz002803,22.05,23.36,23.5,22.05,38927.0,-10.0,24.5,8709.0,0.0,0.0,2034.0,22.05,16.28,5.69,17.21,43.48
sz002653,11.4,12.15,12.15,11.08,57468.0,-7.32,12.3,6660.0,776.0,11.39,138.0,11.41,38.09,5.94,55.27,123.15
sh600438,13.94,13.85,14.17,13.45,501983.0,-2.31,14.27,69210.0,107.0,13.91,488.0,13.94,24.72,3.55,412.55,541.2
sz300450,29.89,30.5,30.98,29.61,96887.0,-6.21,31.87,29347.0,15.0,29.88,20.0,29.9,34.53,7.24,146.28,263.53
sz300400,17.58,19.0,19.0,17.58,36348.0,-9.98,19.53,6529.0,0.0,0.0,699.0,17.58,70.52,7.62,28.01,42.93
sh601788,11.21,11.66,11.76,11.2,648744.0,-9.89,12.44,74144.0,1424.0,0.0,1480.0,11.21,75.0,1.06,437.94,516.87
sz000661,290.5,296.0,298.66,288.11,19833.0,-4.44,304.01,58163.0,1.0,290.41,25.0,290.5,42.55,8.95,493.87,494.18
sz300661,80.88,86.43,87.89,80.87,7279.0,-9.98,89.85,6065.0,47.0,80.87,10.0,80.93,63.03,7.17,34.41,64.33
sz300662,32.7,32.9,33.75,32.18,18455.0,-3.51,33.89,6102.0,3.0,32.66,6.0,32.7,46.01,7.78,29.63,58.86
sz000678,8.27,9.16,9.16,8.27,78775.0,-10.01,9.19,6654.0,0.0,0.0,18597.0,8.27,-52.05,3.25,35.48,38.01
sz300493,9.14,9.88,9.88,9.14,68431.0,-9.95,10.15,6450.0,0.0,0.0,1675.0,9.14,296.79,4.0,27.42,29.07
sz002474,8.64,9.2,9.2,8.64,135513.0,-10.0,9.6,11969.0,0.0,0.0,24034.0,8.64,154.2,3.66,40.49,53.76
sz002203,10.04,9.98,10.39,9.71,147646.0,-4.83,10.55,14977.0,43.0,10.03,537.0,10.05,20.45,2.45,164.04,195.99
sz002192,25.32,27.0,27.0,25.32,57931.0,-9.99,28.13,14932.0,0.0,0.0,5247.0,25.32,-332.8,8.81,60.01,65.74
sh603868,37.6,38.91,39.9,37.33,16490.0,-6.47,40.2,6373.0,40.0,37.59,6.0,37.77,19.64,5.93,163.79,163.79
sz002093,7.62,8.2,8.26,7.62,287656.0,-10.04,8.47,22766.0,0.0,0.0,6123.0,7.62,75.18,2.39,74.81,76.77
sz002310,5.92,6.34,6.35,5.92,768255.0,-10.03,6.58,46663.0,0.0,0.0,8429.0,5.92,12.07,1.27,96.4,158.98
sz002396,21.87,22.9,23.46,21.87,206532.0,-10.0,24.3,46684.0,0.0,0.0,2704.0,21.87,21.92,3.48,120.15,127.56
sz002335,17.37,17.7,17.7,16.7,45049.0,-4.4,18.17,7761.0,1.0,17.3,10.0,17.37,60.41,1.46,38.72,47.16
sz300239,4.56,4.64,4.75,4.34,67757.0,-1.94,4.65,3115.0,21.0,4.51,357.0,4.56,68.86,2.44,20.29,23.89
sz300231,7.11,7.71,7.71,7.11,96925.0,-10.0,7.9,7152.0,0.0,0.0,18651.0,7.11,27.99,2.4,25.11,31.43
sh600211,35.8,37.62,37.62,34.6,15406.0,-5.74,37.98,5519.0,2.0,35.72,8.0,35.8,29.54,2.8,52.12,64.3
sh600649,7.07,7.5,7.58,7.0,201684.0,-9.13,7.78,14490.0,18.0,7.05,1000.0,7.07,19.03,0.93,171.15,178.84
sz002221,9.53,9.99,10.15,9.45,282894.0,-8.89,10.46,27729.0,1504.0,9.52,213.0,9.54,14.46,1.81,144.63,157.22
sh600025,3.9,4.01,4.02,3.82,586120.0,-4.65,4.09,22881.0,979.0,3.89,2421.0,3.91,11.2,1.56,348.19,702.0
sz002304,108.91,114.0,114.44,108.5,113705.0,-7.44,117.66,126360.0,198.0,108.9,1.0,108.93,18.95,4.34,1359.73,1641.26
sz000576,8.99,9.8,9.89,8.99,139536.0,-10.01,9.99,13066.0,0.0,0.0,4730.0,8.99,32.86,3.79,39.02,39.81
sz300207,12.11,12.7,12.94,12.11,153552.0,-9.96,13.45,19101.0,0.0,0.0,1144.0,12.11,26.04,3.38,169.2,187.43
sz002238,8.21,8.65,8.73,8.12,53566.0,-8.06,8.93,4534.0,341.0,8.19,381.0,8.21,26.07,1.79,50.68,50.68
sz300653,49.53,50.36,51.49,48.6,13919.0,-4.93,52.1,6984.0,1.0,49.51,20.0,49.54,43.55,7.13,21.44,39.62
sz300616,80.8,85.0,85.99,78.39,12522.0,-6.63,86.54,10347.0,14.0,80.79,2.0,81.54,32.93,5.3,55.09,160.53
sh601628,27.58,29.0,29.19,27.27,305026.0,-8.98,30.3,85216.0,221.0,27.41,131.0,27.58,32.6,2.19,5743.13,7795.41
sh603881,30.4,31.44,32.35,30.06,45271.0,-7.6,32.9,14195.0,3.0,30.38,109.0,30.4,44.1,6.17,38.86,64.02
sh600732,6.77,6.72,7.09,6.64,88185.0,-3.15,6.99,5988.0,27.0,6.75,67.0,6.77,349.39,6.58,30.22,30.22
sh600767,5.37,5.49,5.49,5.37,25643.0,-4.96,5.65,1383.0,0.0,0.0,3415.0,5.37,73.76,6.45,18.31,18.31
sz000096,10.53,11.39,11.39,10.52,20810.0,-9.92,11.69,2242.0,404.0,10.52,84.0,10.54,53.45,2.24,53.79,55.6
sh603101,10.46,10.99,11.01,10.2,26712.0,-6.69,11.21,2840.0,143.0,10.45,15.0,10.47,73.15,1.86,12.54,25.1
sz000564,3.1,3.34,3.34,3.1,468300.0,-9.88,3.44,14901.0,0.0,0.0,23198.0,3.1,40.01,0.6,58.55,186.24
sz300042,13.41,13.41,14.25,13.41,99052.0,-10.0,14.9,13466.0,0.0,0.0,17777.0,13.41,41.22,2.77,22.5,26.87
sh600538,4.99,5.18,5.43,4.98,56608.0,-9.76,5.53,2922.0,318.0,4.98,62.0,5.0,-114.78,3.63,23.17,23.17
sh600246,3.84,4.15,4.15,3.83,125434.0,-9.65,4.25,4930.0,16.0,0.0,158.0,3.84,26.27,1.1,46.73,78.87
sz300640,12.2,11.9,12.59,11.71,43689.0,-0.89,12.31,5308.0,6.0,12.13,169.0,12.2,40.01,5.65,6.29,17.94
sh603039,91.33,95.33,95.33,88.7,3339.0,-5.08,96.22,3073.0,1.0,90.66,2.0,91.39,78.16,12.5,36.44,93.62
sh603138,18.67,20.0,20.08,18.67,28818.0,-9.98,20.74,5541.0,0.0,0.0,1371.0,18.67,51.61,6.33,8.84,28.09
sh600262,19.42,21.29,21.29,19.42,13775.0,-10.01,21.58,2793.0,0.0,0.0,1556.0,19.42,32.25,2.84,33.01,33.01
sz000656,6.92,7.36,7.5,6.85,424650.0,-9.07,7.61,30004.0,1321.0,6.91,2034.0,6.93,9.31,1.84,362.76,369.51
sh603990,45.13,49.39,49.39,45.13,9997.0,-9.99,50.14,4594.0,0.0,0.0,2874.0,45.13,64.65,7.77,27.2,36.39
sz300771,66.68,63.8,68.78,63.63,90936.0,3.22,64.6,60232.0,40.0,66.66,29.0,66.68,28.64,4.74,16.67,66.68
sh603899,36.47,36.7,37.85,35.89,47420.0,-2.51,37.41,17398.0,3.0,36.45,114.0,36.47,38.97,9.14,335.52,335.52
sh600537,3.41,3.64,3.64,3.37,164870.0,-8.82,3.74,5777.0,494.0,3.39,1734.0,3.41,84.92,1.1,40.11,40.11
sz300347,64.36,64.8,66.19,59.76,51374.0,-3.07,66.4,33236.0,1.0,64.33,17.0,64.36,61.69,11.7,232.29,321.91
sh603568,25.0,26.6,26.6,25.0,51505.0,-10.01,27.78,13121.0,0.0,0.0,1391.0,25.0,21.64,5.46,171.35,171.93
sh600096,6.5,6.64,6.78,6.42,200206.0,-6.74,6.97,13215.0,347.0,6.48,364.0,6.5,50.47,2.05,85.89,92.8
sh603387,36.43,37.45,38.32,35.8,44716.0,-7.82,39.52,16643.0,17.0,36.41,27.0,36.43,25.28,4.73,33.64,67.76
sz000977,22.94,24.16,24.68,22.94,850734.0,-10.0,25.49,200618.0,315.0,0.0,1013.0,22.95,42.5,3.69,295.75,295.75
sh603338,69.98,72.5,73.59,68.0,20380.0,-6.84,75.12,14501.0,1.0,69.93,28.0,69.98,33.89,6.43,173.34,173.34
sz300454,94.61,95.61,98.77,93.0,6173.0,-4.43,99.0,5865.0,9.0,94.6,9.0,94.8,73.49,11.15,37.85,381.4
sz300579,35.02,35.94,36.9,34.02,32394.0,-5.45,37.04,11541.0,115.0,34.9,23.0,35.03,48.32,6.88,15.34,42.02
sz002836,13.1,14.11,14.44,13.1,24793.0,-9.97,14.55,3339.0,0.0,0.0,559.0,13.1,37.57,4.65,7.38,20.96
sh603877,16.86,18.01,18.01,16.64,20926.0,-8.77,18.48,3621.0,11.0,16.83,402.0,16.86,15.44,2.3,33.8,81.06
sz002214,8.05,7.94,8.16,7.63,142460.0,-2.42,8.25,11267.0,315.0,8.04,12.0,8.06,57.21,3.51,28.76,36.92
sh600036,33.91,33.2,34.05,32.88,1133678.0,-1.57,34.45,378459.0,130.0,33.9,46.0,33.92,10.29,1.61,6995.28,8552.05
sz300495,13.18,13.8,14.0,12.69,301312.0,-5.65,13.97,40100.0,100.0,13.16,1197.0,13.18,23.22,2.16,42.44,89.66
sh603681,24.88,26.24,27.39,24.7,94926.0,-6.82,26.7,24608.0,283.0,24.87,475.0,24.89,30.73,3.23,10.36,41.45
sh600671,14.92,16.0,16.02,14.92,52461.0,-10.01,16.58,8148.0,306.0,0.0,91.0,14.93,-58.55,32.24,18.16,18.17
sz300338,12.43,12.05,13.44,12.02,132807.0,0.81,12.33,16623.0,187.0,12.42,558.0,12.44,41.25,1.93,23.38,42.91
sz300632,17.1,18.11,18.47,17.1,34777.0,-10.0,19.0,6144.0,0.0,0.0,662.0,17.1,19.43,3.96,8.26,25.74
sz300470,24.04,25.82,26.28,23.94,71313.0,-9.62,26.6,17768.0,877.0,24.03,32.0,24.05,25.18,4.01,43.21,47.3
sz002463,10.25,10.7,10.91,10.25,511313.0,-10.01,11.39,53383.0,0.0,0.0,53026.0,10.25,26.68,4.22,171.55,176.82
sz300319,6.4,6.57,6.77,6.4,147488.0,-9.99,7.11,9617.0,0.0,0.0,28087.0,6.4,39.03,2.2,40.86,44.49
sh600667,6.39,6.86,6.86,6.39,386032.0,-10.0,7.1,25043.0,0.0,0.0,32886.0,6.39,22.84,2.04,76.12,134.59
sh600366,6.02,6.5,6.5,6.0,240044.0,-9.75,6.67,14804.0,650.0,6.0,1082.0,6.02,33.87,1.33,59.54,59.54
sh603035,10.67,11.5,11.5,10.65,48153.0,-9.81,11.83,5306.0,34.0,10.66,4.0,10.68,10.81,1.18,18.38,29.88
sh603737,62.55,64.18,64.8,61.29,5497.0,-5.38,66.11,3446.0,18.0,62.5,8.0,62.59,36.46,6.23,27.04,83.27
sz300271,19.0,19.46,19.71,18.54,100717.0,-6.31,20.28,19272.0,619.0,18.98,439.0,19.0,30.38,2.88,108.24,153.98
sz300638,47.0,47.3,48.9,47.0,17725.0,-10.0,52.22,8393.0,0.0,0.0,12169.0,47.0,48.04,11.59,18.75,56.96
sh603283,17.31,18.4,18.41,17.31,34114.0,-9.98,19.23,6041.0,0.0,0.0,698.0,17.31,20.48,3.59,6.92,28.17
sh603859,20.1,21.53,21.55,19.77,25341.0,-8.51,21.97,5222.0,20.0,20.04,35.0,20.1,46.81,2.73,10.03,25.38
sh603068,47.58,47.67,51.4,46.36,82016.0,-4.94,50.05,39982.0,1.0,47.5,313.0,47.58,52.95,6.26,16.5,66.0
sz000536,2.65,2.8,2.83,2.59,765207.0,-7.67,2.87,20740.0,1807.0,2.63,706.0,2.65,-1.41,1.03,53.09,73.3
sz300014,24.04,24.94,25.25,23.75,234678.0,-6.57,25.73,57606.0,314.0,24.03,25.0,24.05,29.52,5.47,196.94,205.66
sz002812,51.55,51.99,52.0,50.05,19065.0,-4.25,53.84,9775.0,18.0,51.5,5.0,51.56,37.55,6.04,65.53,244.28
sz000049,27.94,29.4,29.4,27.25,65464.0,-7.73,30.28,18210.0,71.0,27.93,23.0,27.95,14.58,3.16,57.35,57.35
sz300124,23.98,23.8,24.79,23.41,176672.0,-4.73,25.17,42695.0,19.0,23.97,30.0,24.0,36.25,6.13,324.92,398.54
sz002792,28.0,29.9,29.9,28.0,40156.0,-10.0,31.11,11534.0,200.0,0.0,203.0,28.01,173.94,3.28,31.99,63.06
sz002511,10.1,10.09,10.42,9.76,202486.0,-4.27,10.55,20582.0,599.0,10.05,10.0,10.11,30.56,3.83,127.07,131.94
sz000737,3.33,3.46,3.46,3.33,68623.0,-4.86,3.5,2302.0,0.0,0.0,4875.0,3.33,5.78,4.74,18.27,18.27
sh600015,7.7,7.88,7.88,7.61,811794.0,-3.99,8.02,62873.0,6071.0,7.69,317.0,7.71,5.67,0.61,987.35,1184.82
sh600131,15.46,16.35,16.87,15.46,142163.0,-10.01,17.18,22746.0,0.0,0.0,3148.0,15.46,74.84,6.2,63.02,77.94
sz300753,33.49,35.99,35.99,33.38,17749.0,-9.71,37.09,6052.0,76.0,33.45,249.0,33.5,36.82,4.36,6.76,27.06
sz300548,32.49,34.4,35.39,31.7,13575.0,-7.7,35.2,4545.0,7.0,32.37,12.0,32.49,-325.92,4.41,11.08,27.08
sz002159,17.14,18.49,18.49,16.92,15015.0,-8.83,18.8,2634.0,128.0,17.12,41.0,17.16,19.28,2.03,23.75,23.77
sz002377,5.04,5.5,5.5,5.04,95724.0,-10.0,5.6,4954.0,0.0,0.0,4458.0,5.04,14.78,0.89,24.49,46.18
sz300022,5.3,5.26,5.87,5.1,268725.0,-4.85,5.57,14743.0,342.0,5.27,2.0,5.32,-72.22,9.77,18.17,20.15
sz002562,4.72,5.07,5.07,4.72,205561.0,-9.92,5.24,10004.0,0.0,0.0,12103.0,4.72,-54.5,1.99,24.3,41.43
sh600668,12.6,13.51,13.51,12.59,158553.0,-9.94,13.99,20578.0,579.0,12.59,253.0,12.61,7.21,1.32,43.35,43.35
sz300478,14.34,15.8,15.8,14.34,17605.0,-9.98,15.93,2595.0,0.0,0.0,709.0,14.34,71.21,3.24,18.03,18.16
sz002024,11.66,12.0,12.16,11.58,703300.0,-7.61,12.62,83716.0,4877.0,11.64,72.0,11.66,8.13,1.34,680.5,1085.55
sh601633,8.26,8.77,8.77,8.14,278536.0,-8.43,9.02,23486.0,228.0,8.25,275.0,8.28,19.33,1.41,497.89,753.91
sz000651,51.53,53.38,54.66,51.2,1358113.0,-7.29,55.58,710982.0,3550.0,51.52,287.0,51.54,11.79,3.32,3076.71,3099.91
sh600738,7.74,8.2,8.2,7.74,137332.0,-10.0,8.6,10886.0,0.0,0.0,17941.0,7.74,3.76,3.31,32.61,60.61
sz002411,20.0,19.84,21.02,19.3,234689.0,-1.53,20.31,47004.0,215.0,19.99,7.0,20.01,89.34,3.17,298.66,306.46
sz300194,7.12,7.48,7.68,7.12,594427.0,-9.99,7.91,43659.0,0.0,0.0,87915.0,7.12,-22.61,2.25,42.7,84.71
sz002436,4.54,4.88,4.92,4.54,308336.0,-9.92,5.04,14468.0,0.0,0.0,3024.0,4.54,29.22,2.6,57.29,67.55
sh603823,19.13,20.55,20.55,19.13,72952.0,-9.98,21.25,14298.0,0.0,0.0,444.0,19.13,22.71,2.96,13.46,43.04
sh600075,5.42,5.75,5.83,5.34,210351.0,-8.6,5.93,11729.0,585.0,5.4,89.0,5.42,14.57,1.09,45.12,52.71
sh603886,23.84,23.3,24.51,22.91,29333.0,-1.89,24.3,6968.0,6.0,23.82,10.0,23.85,21.81,4.11,28.9,57.22
sz002090,18.22,19.99,20.0,18.22,23212.0,-9.98,20.24,4338.0,0.0,0.0,5502.0,18.22,43.07,3.44,42.18,43.33
sh601888,76.01,75.0,76.9,74.0,152401.0,-1.91,77.49,115324.0,3.0,76.0,29.0,76.02,35.0,8.02,1484.08,1484.08
sh603185,37.51,39.9,39.9,37.38,23131.0,-9.35,41.38,8967.0,257.0,37.48,14.0,37.51,25.89,2.98,11.82,47.26
sz002729,31.0,33.0,33.0,30.6,9157.0,-8.82,34.0,2875.0,1.0,30.62,2.0,31.0,97.13,4.71,20.67,20.67
sh603559,19.7,20.21,21.24,19.53,55710.0,-7.25,21.24,11200.0,80.0,19.68,278.0,19.7,65.34,3.28,16.19,28.23
sz002668,5.8,6.18,6.32,5.8,541925.0,-9.94,6.44,32636.0,0.0,0.0,31327.0,5.8,-3.31,2.57,37.95,62.88
sz300341,6.4,6.71,6.71,6.35,104911.0,-9.22,7.05,6729.0,100.0,6.36,241.0,6.4,20.84,3.72,32.62,32.65
sh600601,3.07,3.3,3.32,3.03,338174.0,-8.9,3.37,10638.0,153.0,3.06,3832.0,3.08,-259.55,2.19,67.38,67.38
sz002778,18.2,19.61,19.9,17.81,12588.0,-7.14,19.6,2349.0,4.0,18.16,2.0,18.2,97.19,2.55,11.64,16.22
sz300444,8.9,9.06,9.06,8.24,137691.0,-2.73,9.15,11773.0,1.0,8.65,71.0,8.9,56.07,3.54,26.17,52.14
sz300684,28.75,30.1,31.0,28.5,25767.0,-7.47,31.07,7641.0,22.0,28.73,39.0,28.78,32.36,6.53,17.63,45.29
sz300757,42.31,45.03,45.5,42.05,16589.0,-9.09,46.54,7326.0,6.0,42.3,166.0,42.33,34.89,5.02,8.46,33.85
sz002856,21.18,20.5,21.49,20.0,31728.0,-3.11,21.86,6569.0,16.0,21.04,21.0,21.18,104.5,3.87,6.44,25.76
sz300171,8.71,9.38,9.38,8.71,81584.0,-10.02,9.68,7203.0,0.0,0.0,12888.0,8.71,84.63,1.8,29.06,54.73
sh603666,53.23,56.5,56.5,53.23,13643.0,-9.99,59.14,7386.0,0.0,0.0,1371.0,53.23,28.2,5.13,13.07,52.3
sh600110,4.6,4.85,4.96,4.6,503057.0,-9.98,5.11,23651.0,0.0,0.0,14440.0,4.6,50.66,2.44,52.91,52.91
sh600130,3.51,3.79,3.79,3.51,249874.0,-10.0,3.9,9017.0,0.0,0.0,1119.0,3.51,118.26,3.09,26.96,26.96
sh603000,19.16,20.06,20.28,19.16,280986.0,-10.0,21.29,54983.0,0.0,0.0,53937.0,19.16,85.28,7.14,211.85,211.85
sz002821,85.6,87.1,89.33,84.61,20895.0,-6.15,91.21,18170.0,68.0,85.5,10.0,85.62,43.23,7.59,104.72,197.5
sh600568,2.41,2.55,2.64,2.41,790218.0,-10.07,2.68,19573.0,0.0,0.0,78146.0,2.41,-2.44,1.19,37.72,48.03
sh603677,13.99,14.96,14.98,13.99,29559.0,-9.97,15.54,4215.0,0.0,0.0,4325.0,13.99,35.25,2.79,7.99,27.44
sz000065,9.67,10.2,10.5,9.49,153427.0,-7.9,10.5,15339.0,203.0,9.65,181.0,9.67,13.36,1.77,60.82,74.41
sh603003,8.38,9.1,9.24,8.38,133435.0,-9.99,9.31,11647.0,0.0,0.0,7008.0,8.38,102.92,0.9,34.91,34.91
sz001896,3.66,3.96,4.08,3.66,367483.0,-10.07,4.07,14099.0,0.0,0.0,549.0,3.66,-10.16,0.73,34.02,42.11
sz002941,24.49,25.5,26.55,24.49,74009.0,-10.0,27.21,18684.0,0.0,0.0,2361.0,24.49,91.72,7.11,15.92,157.96
sz300109,15.85,17.2,17.2,15.85,23560.0,-9.99,17.61,3847.0,0.0,0.0,470.0,15.85,36.67,2.65,20.26,34.54
sh600227,3.11,3.38,3.38,3.11,251446.0,-10.12,3.46,8048.0,0.0,0.0,2740.0,3.11,42.86,1.09,38.73,52.66
sz002315,14.26,15.35,15.35,14.26,49541.0,-9.97,15.84,7279.0,198.0,0.0,65.0,14.27,29.84,1.75,17.25,33.51
sz300702,31.9,33.4,33.8,31.5,26079.0,-8.2,34.75,8502.0,54.0,31.76,55.0,31.9,21.41,3.68,16.67,58.13
sz300602,24.27,25.07,25.59,24.27,46452.0,-10.01,26.97,11480.0,0.0,0.0,4973.0,24.27,43.51,6.22,22.57,74.33
sh600329,14.68,15.12,15.48,14.5,74425.0,-7.5,15.87,11171.0,69.0,14.57,15.0,14.68,19.52,2.2,83.07,112.87
sh600703,11.75,12.51,12.75,11.75,987045.0,-10.03,13.06,118840.0,0.0,0.0,10116.0,11.75,19.3,2.19,479.21,479.21
sz002329,4.04,4.25,4.35,4.01,152629.0,-9.01,4.44,6396.0,269.0,4.03,145.0,4.05,-5.5,1.58,21.01,33.84
sh603021,5.72,6.18,6.26,5.72,45146.0,-10.06,6.36,2686.0,0.0,0.0,190.0,5.72,268.98,1.37,18.05,18.3
sz002849,14.35,15.1,15.37,14.22,15066.0,-8.89,15.75,2228.0,80.0,14.34,5.0,14.37,29.0,3.06,8.13,19.0
sz300556,16.89,17.99,18.27,16.85,38897.0,-9.78,18.72,6825.0,31.0,16.86,393.0,16.89,33.83,4.11,10.79,19.47
sz002862,19.69,21.19,21.19,19.44,23481.0,-8.76,21.58,4737.0,60.0,19.67,101.0,19.69,60.17,2.77,6.14,15.75
sh600312,7.35,7.85,7.85,7.35,236437.0,-10.04,8.17,17754.0,0.0,0.0,9887.0,7.35,29.06,1.11,99.73,99.73
sz000528,6.8,7.16,7.17,6.65,399379.0,-7.48,7.35,27589.0,35.0,6.79,566.0,6.81,12.45,1.03,99.46,100.24
sh603369,24.17,25.21,25.49,24.07,138747.0,-7.47,26.12,34404.0,2.0,24.16,110.0,24.18,23.63,4.5,303.21,303.21
sz002113,2.83,2.85,2.86,2.83,76653.0,-5.03,2.98,2172.0,0.0,0.0,86230.0,2.83,-11.62,1.87,23.34,43.38
sz000506,3.17,3.37,3.44,3.17,382106.0,-9.94,3.52,12527.0,0.0,0.0,13835.0,3.17,26.12,2.74,29.44,29.45
sz002466,28.33,28.5,30.0,28.0,237299.0,-4.39,29.63,68550.0,42.0,28.31,2659.0,28.33,19.59,3.19,321.82,323.54
sz000862,5.04,5.38,5.4,5.04,356090.0,-10.0,5.6,18591.0,0.0,0.0,24329.0,5.04,90.32,1.37,25.27,35.59
sh600225,3.34,3.57,3.59,3.34,222764.0,-9.97,3.71,7676.0,0.0,0.0,11835.0,3.34,-9.6,2.75,31.16,31.25
sh600136,10.22,10.97,11.11,10.22,75376.0,-9.96,11.35,8034.0,0.0,0.0,4302.0,10.22,27.81,1.41,45.84,49.79
sh600060,8.79,9.11,9.17,8.58,228496.0,-6.89,9.44,20309.0,1.0,8.75,986.0,8.79,81.57,0.81,115.02,115.02
sz002786,7.4,7.78,7.78,7.13,66318.0,-5.49,7.83,4967.0,5.0,7.35,906.0,7.4,185.6,2.58,28.1,28.21
sz300086,6.34,6.9,6.9,6.33,124653.0,-9.82,7.03,8071.0,778.0,0.0,355.0,6.34,190.36,1.82,27.62,28.53
sz002376,12.85,13.9,13.98,12.85,166100.0,-10.01,14.28,22139.0,0.0,0.0,19.0,12.85,22.92,2.62,78.9,85.54
sh600387,7.81,8.11,8.31,7.73,116962.0,-8.23,8.51,9364.0,11.0,7.8,355.0,7.82,16.74,1.4,30.12,36.99
sz300768,34.9,35.01,37.7,34.41,141984.0,-3.99,36.35,51299.0,24.0,34.88,98.0,34.9,67.31,9.35,13.96,139.6
sz300651,52.5,52.8,53.97,51.74,11654.0,-2.56,53.88,6118.0,83.0,52.06,18.0,52.5,111.94,6.09,13.77,39.76
sh600446,20.89,21.24,21.8,20.89,267404.0,-10.0,23.21,56726.0,0.0,0.0,83686.0,20.89,-111.98,11.22,178.24,178.24
sh600321,2.18,2.3,2.31,2.18,106098.0,-4.8,2.29,2365.0,0.0,0.0,1717.0,2.18,84.88,1.22,32.93,32.93
sz300682,17.96,19.5,19.5,17.96,23769.0,-10.02,19.96,4341.0,0.0,0.0,2651.0,17.96,59.52,5.75,29.49,77.54
sz300609,36.09,39.97,39.97,36.09,10712.0,-10.0,40.1,3980.0,0.0,0.0,195.0,36.09,48.56,7.12,19.72,36.42
sh603908,22.42,24.47,24.47,22.42,15711.0,-10.0,24.91,3622.0,0.0,0.0,693.0,22.42,43.9,3.21,5.17,14.95
sz300494,9.93,10.56,10.7,9.93,39301.0,-9.97,11.03,4007.0,0.0,0.0,1303.0,9.93,62.95,2.4,15.64,23.83
sz300442,12.74,13.5,13.51,12.4,21644.0,-7.01,13.7,2830.0,14.0,12.73,20.0,12.75,-5.28,1.75,9.19,12.74
sh603612,11.5,11.97,12.2,11.41,65331.0,-8.37,12.55,7729.0,5.0,11.48,825.0,11.5,34.49,1.59,20.57,39.13
sz000806,3.39,3.44,3.44,3.39,139292.0,-5.04,3.57,4736.0,0.0,0.0,56890.0,3.39,-5.34,2.69,23.68,37.29
sz300184,10.49,11.26,11.26,10.49,112610.0,-10.03,11.66,12128.0,0.0,0.0,6489.0,10.49,21.13,1.48,32.15,68.85
sz002547,10.5,11.21,11.54,10.5,1740414.0,-9.95,11.66,192312.0,789.0,10.49,3767.0,10.51,301.51,4.35,68.74,118.45
sz000925,6.68,7.04,7.21,6.63,82789.0,-9.36,7.37,5715.0,130.0,6.66,483.0,6.68,101.22,1.57,30.54,36.75
sz300406,14.42,14.9,15.75,14.42,67499.0,-8.09,15.69,10184.0,50.0,14.38,185.0,14.42,23.88,4.1,47.58,72.36
sz300033,81.95,81.95,84.7,81.95,99352.0,-9.99,91.05,82016.0,0.0,0.0,20858.0,81.95,66.85,13.88,216.6,440.56
sh603933,16.2,17.0,17.0,15.9,18470.0,-6.68,17.36,3052.0,7.0,16.18,51.0,16.26,26.59,2.2,5.82,23.29
sz002564,5.27,5.58,5.69,5.27,185990.0,-9.91,5.85,10103.0,0.0,0.0,12260.0,5.27,32.83,1.23,31.73,46.53
sh600525,5.26,5.62,5.74,5.26,545278.0,-9.93,5.84,29849.0,0.0,0.0,20783.0,5.26,72.17,1.32,68.68,69.68
sh603811,18.9,20.89,20.89,18.9,26119.0,-10.0,21.0,5045.0,0.0,0.0,3736.0,18.9,21.84,3.29,15.17,22.54
sh600182,17.0,17.29,17.5,17.0,35055.0,-4.97,17.89,6005.0,0.0,0.0,6770.0,17.0,67.4,6.19,28.9,57.8
sh603803,10.66,11.12,11.36,10.66,105219.0,-9.97,11.84,11518.0,0.0,0.0,2903.0,10.66,34.26,1.78,23.3,44.88
sh600261,3.94,4.26,4.26,3.94,522299.0,-10.05,4.38,20992.0,0.0,0.0,42214.0,3.94,12.1,1.54,57.21,57.21
sz300075,11.82,13.0,13.0,11.82,91282.0,-9.98,13.13,11192.0,0.0,0.0,33367.0,11.82,41.55,2.31,35.58,50.87
sz002662,4.11,4.35,4.39,4.11,256258.0,-10.07,4.57,10779.0,0.0,0.0,18873.0,4.11,310.68,1.22,59.4,61.65
sz002888,17.86,19.16,19.16,17.86,31143.0,-9.98,19.84,5695.0,0.0,0.0,2731.0,17.86,85.82,4.96,6.35,22.27
sh603399,11.79,11.52,12.36,11.33,131284.0,-2.08,12.04,15712.0,101.0,11.78,241.0,11.8,52.53,2.74,59.9,64.46
sz300699,52.58,55.85,55.95,52.28,60802.0,-9.38,58.02,32957.0,5.0,52.57,25.0,52.59,43.42,6.45,120.81,194.68
sz002327,7.91,8.13,8.22,7.84,115961.0,-4.58,8.29,9253.0,85.0,7.89,129.0,7.91,13.11,1.94,40.41,69.17
sh600776,21.06,22.68,22.7,21.06,428735.0,-10.0,23.4,92383.0,0.0,0.0,5635.0,21.06,218.65,8.57,201.33,264.51
sh600745,30.78,30.78,31.5,30.78,94392.0,-10.0,34.2,29110.0,0.0,0.0,12051.0,30.78,121.7,5.4,196.15,196.15
sz300265,7.77,8.32,8.34,7.75,93026.0,-9.33,8.57,7497.0,163.0,7.76,84.0,7.78,70.42,2.62,26.17,26.22
sz300017,10.05,10.5,10.9,9.94,1215949.0,-8.39,10.97,126357.0,402.0,10.04,2154.0,10.06,35.07,2.81,218.39,244.5
sz002920,23.81,24.0,25.0,23.0,41405.0,-5.52,25.2,9925.0,49.0,23.77,20.0,23.82,43.73,3.26,29.13,130.95
sz300622,19.89,21.0,21.01,19.89,23574.0,-10.0,22.1,4755.0,0.0,0.0,3720.0,19.89,29.06,3.34,7.63,17.31
sh600207,5.04,5.4,5.42,5.01,163807.0,-8.86,5.53,8566.0,999.0,5.02,212.0,5.04,-12.5,2.81,34.78,43.49
sh603380,14.12,14.99,15.0,14.01,16559.0,-9.02,15.52,2381.0,163.0,14.1,110.0,14.12,23.76,2.9,6.76,22.59
sz000043,11.59,11.22,11.59,10.99,776518.0,9.96,10.54,88910.0,1704.0,11.58,0.0,0.0,9.16,1.58,77.28,77.3
sz002696,6.69,7.09,7.09,6.45,87863.0,-6.43,7.15,5931.0,326.0,6.68,104.0,6.7,51.84,1.21,14.27,26.45
sh603277,9.59,10.4,10.4,9.59,35656.0,-9.95,10.65,3506.0,0.0,0.0,3746.0,9.59,14.33,2.16,15.0,39.32
sh603005,16.17,17.2,17.7,16.15,39222.0,-9.87,17.94,6561.0,28.0,16.16,194.0,16.19,59.15,2.02,28.24,37.87
sz300097,11.46,12.5,12.5,11.46,79343.0,-9.98,12.73,9376.0,0.0,0.0,4900.0,11.46,66.14,1.72,23.13,33.07
sh600149,6.4,6.4,6.55,6.4,32891.0,-5.04,6.74,2108.0,0.0,0.0,11561.0,6.4,439.35,11.76,24.33,24.33
sz300288,13.4,13.94,13.95,13.4,77822.0,-10.01,14.89,10600.0,0.0,0.0,7212.0,13.4,44.45,3.39,26.98,45.28
sh603306,15.49,15.88,15.88,15.19,18374.0,-4.97,16.3,2833.0,49.0,15.47,150.0,15.49,19.25,2.04,47.56,48.49
sz000422,3.68,3.75,3.75,3.68,142337.0,-4.91,3.87,5255.0,0.0,0.0,24746.0,3.68,4.83,33.36,33.04,33.04
sz000723,14.4,14.5,15.45,14.09,2109630.0,-5.08,15.17,310618.0,1238.0,14.38,12.0,14.41,31.95,7.86,155.7,589.16
sz002269,2.87,2.79,2.9,2.56,174132.0,1.41,2.83,4714.0,250.0,2.85,2200.0,2.87,254.77,2.47,72.11,72.11
sz300058,4.36,4.57,4.62,4.36,958409.0,-9.92,4.84,42837.0,0.0,0.0,25373.0,4.36,22.75,1.34,86.4,103.96
sz000572,2.1,2.13,2.14,2.1,324064.0,-4.98,2.21,6838.0,0.0,0.0,92725.0,2.1,-2.17,0.71,34.49,34.54
sh600228,7.77,7.9,7.94,7.77,17941.0,-5.01,8.18,1402.0,0.0,0.0,3445.0,7.77,387.72,31.98,18.75,18.75
sh603986,74.68,79.5,80.27,74.68,54644.0,-10.0,82.98,42242.0,0.0,0.0,9145.0,74.68,59.87,10.64,154.88,212.76
sh600396,1.89,1.89,1.89,1.89,36861.0,-5.03,1.99,697.0,0.0,0.0,147443.0,1.89,-4.26,1.36,27.83,27.83
sz002263,1.79,0.0,0.0,0.0,0.0,0.0,1.79,0.0,0.0,0.0,0.0,0.0,-6.14,1.55,33.62,33.62
sz002445,2.23,2.26,2.31,2.23,172873.0,-5.11,2.35,3882.0,0.0,0.0,29980.0,2.23,-1.43,1.47,24.13,31.42
sh600248,4.27,4.48,4.53,4.24,149503.0,-8.76,4.68,6600.0,46.0,4.26,391.0,4.28,15.61,1.4,25.94,39.2
sh600084,2.58,2.58,2.58,2.58,30412.0,-5.15,2.72,785.0,0.0,0.0,183969.0,2.58,-24.09,1.32,28.99,28.99
sz002086,4.41,4.41,4.41,4.41,17438.0,-4.96,4.64,769.0,0.0,0.0,121663.0,4.41,-4.22,1.21,20.97,33.36
sh600726,2.01,2.01,2.01,2.01,20538.0,-5.19,2.12,413.0,0.0,0.0,221739.0,2.01,-4.95,2.29,30.85,39.53
sh603569,11.61,12.29,12.54,11.61,24227.0,-10.0,12.9,2883.0,0.0,0.0,1147.0,11.61,16.55,2.63,9.31,65.02
sz002122,3.11,3.11,3.23,3.11,152412.0,-4.89,3.27,4757.0,0.0,0.0,25768.0,3.11,-5.0,1.2,36.95,36.95
sz000571,2.38,2.38,2.38,2.38,34661.0,-4.8,2.5,825.0,0.0,0.0,227077.0,2.38,-2.09,1.51,19.15,19.37
sz300108,6.26,6.7,6.7,6.23,65708.0,-9.54,6.92,4235.0,248.0,6.24,619.0,6.26,19.85,1.86,28.49,41.69
sz002175,4.01,4.01,4.01,4.01,3557.0,-4.98,4.22,143.0,0.0,0.0,836214.0,4.01,-6.54,5.55,30.22,30.23
sz002872,8.74,8.74,8.74,8.74,11050.0,-5.0,9.2,966.0,0.0,0.0,260956.0,8.74,50.57,0.87,18.79,27.79
sz002143,2.37,2.37,2.37,2.37,8775.0,-4.82,2.49,208.0,0.0,0.0,218101.0,2.37,-2.17,3.78,23.09,41.95
sz300725,88.12,86.0,90.83,83.01,24510.0,-3.36,91.18,21170.0,12.0,88.1,10.0,88.12,66.03,15.31,61.09,96.93
sh600615,11.26,11.26,11.26,11.26,1110.0,-4.98,11.85,125.0,0.0,0.0,85327.0,11.26,484.44,3.54,21.03,21.17
sz000921,12.7,13.1,13.57,12.64,110467.0,-4.94,13.36,14411.0,100.0,12.68,370.0,12.7,11.41,2.23,114.56,173.07
sz000707,3.26,3.29,3.34,3.26,69865.0,-4.96,3.43,2285.0,0.0,0.0,13902.0,3.26,6.36,7.75,15.13,15.13
sh600614,5.24,5.24,5.24,5.24,1092.0,-5.07,5.52,57.0,0.0,0.0,1046621.0,5.24,-2.35,8.18,79.2,91.85
sh600247,5.42,5.42,5.42,5.42,4558.0,-5.08,5.71,247.0,0.0,0.0,14111.0,5.42,-60.15,2710.0,18.24,18.24
sh600234,8.18,8.29,8.78,7.98,14556.0,-2.15,8.36,1223.0,21.0,8.16,10.0,8.19,-97.91,29.86,16.56,16.56
sz002194,18.04,18.04,18.04,18.04,3086.0,-5.0,18.99,557.0,0.0,0.0,109128.0,18.04,39.21,6.13,74.21,101.87
sh600721,5.41,5.41,5.41,5.41,16283.0,-4.92,5.69,881.0,0.0,0.0,77050.0,5.41,-2.66,2.3,16.51,21.66
sz002642,5.23,5.23,5.35,5.23,308313.0,-4.91,5.5,16158.0,0.0,0.0,37299.0,5.23,-2.53,1.23,26.97,34.6
sz002477,2.34,2.34,2.34,2.34,14546.0,-4.88,2.46,340.0,0.0,0.0,2469144.0,2.34,-1.51,-709.09,46.11,73.36
sh600421,12.94,12.94,13.62,12.94,22519.0,-4.99,13.62,2962.0,0.0,0.0,3269.0,12.94,-306.02,2053.97,25.31,25.31
sz002005,2.16,2.16,2.16,2.16,5405.0,-4.85,2.27,117.0,0.0,0.0,426924.0,2.16,-5.74,0.69,36.54,38.12
sz000063,28.94,29.3,30.69,28.94,1507203.0,-9.98,32.15,445715.0,0.0,0.0,96360.0,28.94,-169.98,5.12,993.67,1213.36
sh600240,2.51,2.51,2.51,2.51,1333.0,-4.92,2.64,33.0,0.0,0.0,1168141.0,2.51,-0.53,26.96,35.75,35.75
sz002021,2.51,2.51,2.51,2.51,5035.0,-4.92,2.64,126.0,0.0,0.0,269598.0,2.51,-7.52,2.48,17.26,17.26
sz002499,7.16,7.16,7.16,7.16,114.0,-5.04,7.54,8.0,0.0,0.0,95247.0,7.16,-2.35,7.24,13.53,13.53
sz002569,10.56,10.56,10.56,10.56,10942.0,-5.04,11.12,1155.0,0.0,0.0,34664.0,10.56,-7.99,4.92,14.76,14.79
sz002629,3.4,3.4,3.4,3.4,2341.0,-5.03,3.58,80.0,0.0,0.0,309311.0,3.4,-2.29,70.39,11.72,14.01
sh603869,18.73,19.5,19.67,18.42,31523.0,-6.21,19.97,6002.0,8.0,18.72,18.0,18.75,16.01,1.65,50.22,65.33
sz000893,7.15,7.15,7.15,7.15,7978.0,-5.05,7.53,570.0,0.0,0.0,45107.0,7.15,434.15,1.5,28.65,54.12
sz002420,3.39,3.39,3.39,3.39,8289.0,-5.04,3.57,281.0,0.0,0.0,103710.0,3.39,-1.68,3.62,13.28,13.59
sh600666,3.21,3.21,3.21,3.21,1150.0,-5.03,3.38,37.0,0.0,0.0,914236.0,3.21,-2.14,6.31,25.8,39.4
sh600815,3.03,3.03,3.03,3.03,8772.0,-5.02,3.19,266.0,0.0,0.0,154928.0,3.03,-3.88,-16.94,29.06,29.06
sh600408,2.84,2.84,2.89,2.84,96260.0,-5.02,2.99,2738.0,0.0,0.0,35918.0,2.84,3.57,1.89,28.59,28.59
sz000971,3.35,3.35,3.35,3.35,26848.0,-5.1,3.53,899.0,0.0,0.0,155960.0,3.35,-1.69,1.83,19.82,36.46
sz300122,40.18,41.79,41.8,39.99,180199.0,-6.77,43.1,73590.0,9.0,40.16,187.0,40.18,37.95,13.73,348.35,642.88
sh600983,5.72,5.95,5.98,5.68,48202.0,-6.69,6.13,2815.0,104.0,5.71,145.0,5.73,23.2,1.07,30.48,43.84
sz000670,3.17,3.19,3.23,3.17,306280.0,-5.09,3.34,9729.0,0.0,0.0,80065.0,3.17,-14.09,14.9,19.03,25.89
sz300238,20.03,18.78,22.49,18.78,204970.0,-3.7,20.8,41196.0,30.0,20.01,1216.0,20.03,102.58,4.6,49.1,53.11
sh600868,3.81,4.06,4.15,3.81,1251723.0,-9.93,4.23,49052.0,0.0,0.0,64583.0,3.81,333.52,3.16,72.32,72.32
sh600186,1.92,1.92,1.92,1.92,11558.0,-4.95,2.02,222.0,0.0,0.0,468191.0,1.92,-5.93,-5.99,20.39,20.39
sh600800,5.76,6.15,6.15,5.76,251334.0,-10.0,6.4,14880.0,0.0,0.0,29637.0,5.76,54.43,26.62,35.19,35.21
sh600162,2.35,2.5,2.53,2.3,309540.0,-8.2,2.56,7478.0,2113.0,2.34,981.0,2.36,15.67,1.58,69.97,79.88
sz300718,17.31,17.38,18.22,17.0,37945.0,-4.36,18.1,6685.0,35.0,17.27,86.0,17.31,23.04,2.97,8.57,34.27
sz000957,7.14,7.59,7.8,7.14,253271.0,-9.96,7.93,18763.0,0.0,0.0,27665.0,7.14,108.48,1.57,42.33,42.33
sz002205,18.09,19.59,19.59,18.09,24563.0,-10.0,20.1,4476.0,0.0,0.0,9167.0,18.09,-1660.53,2.29,21.01,21.01
sz000590,12.97,13.07,14.25,12.82,151137.0,-3.78,13.48,20488.0,148.0,12.96,495.0,12.98,-94.55,5.26,28.95,31.06
sz002399,21.79,22.9,22.9,21.4,81566.0,-7.94,23.67,18000.0,25.0,21.75,133.0,21.79,25.77,4.11,271.77,271.77
sz300752,46.65,49.5,50.5,46.56,12887.0,-9.73,51.68,6249.0,2.0,46.58,176.0,46.65,21.67,4.1,8.47,33.9
sz002699,6.62,7.08,7.16,6.62,156899.0,-9.93,7.35,10783.0,0.0,0.0,9315.0,6.62,-22.54,1.83,49.66,60.21
sz002861,20.4,22.56,22.64,20.4,23991.0,-10.01,22.67,5042.0,96.0,0.0,1.0,20.41,38.32,2.44,10.25,25.03
sh600727,6.44,6.88,6.88,6.44,159277.0,-9.93,7.15,10536.0,0.0,0.0,758.0,6.44,20.89,1.75,22.6,22.6
sh603076,22.4,23.8,23.8,22.3,10599.0,-5.88,23.8,2447.0,8.0,22.38,46.0,22.4,39.93,2.06,6.01,16.69
sz300411,8.93,8.67,9.35,8.45,112904.0,-0.89,9.01,10132.0,650.0,8.91,52.0,8.93,-2.4,2.58,16.4,42.36
sz000997,16.19,17.1,17.46,16.19,222664.0,-9.75,17.94,37519.0,758.0,16.17,21.0,16.19,26.43,3.03,162.95,169.04
sh600756,20.99,22.0,22.38,20.99,206185.0,-9.99,23.32,44532.0,0.0,0.0,16757.0,20.99,22.89,2.79,68.03,68.03
sh603799,27.36,27.6,28.89,26.6,321374.0,-5.91,29.08,89461.0,353.0,27.35,50.0,27.37,32.9,3.01,224.32,227.02
sh601188,3.12,3.18,3.24,3.08,148553.0,-4.59,3.27,4691.0,4309.0,3.11,917.0,3.13,12.95,0.95,41.06,41.06
sz300608,22.32,23.13,23.51,22.32,17777.0,-10.0,24.8,4027.0,0.0,0.0,1586.0,22.32,25.23,3.49,15.45,23.48
sz002409,15.19,15.75,16.07,14.95,57155.0,-8.55,16.61,8784.0,15.0,15.17,125.0,15.19,44.77,1.68,27.82,70.31
sh600584,11.02,11.8,11.8,11.02,372730.0,-9.97,12.24,41829.0,0.0,0.0,21232.0,11.02,-17.82,1.47,108.5,176.64
sh603843,7.74,8.38,8.38,7.74,99314.0,-10.0,8.6,7940.0,0.0,0.0,2189.0,7.74,66.9,2.31,14.93,30.96
sh600112,4.14,4.5,4.52,4.14,237929.0,-10.0,4.6,10168.0,0.0,0.0,7566.0,4.14,30.91,1.74,21.08,21.08
sz000669,5.0,5.3,5.3,5.0,244063.0,-9.91,5.55,12427.0,0.0,0.0,26512.0,5.0,-1.95,1.39,33.5,34.02
sz300290,9.13,9.95,9.96,9.13,46564.0,-9.96,10.14,4294.0,0.0,0.0,5450.0,9.13,153.3,3.17,29.39,33.71
sz002545,7.13,7.64,7.65,7.13,128177.0,-9.97,7.92,9314.0,0.0,0.0,22769.0,7.13,20.34,1.17,54.98,90.0
sz300325,5.23,5.33,5.54,5.23,493390.0,-9.98,5.81,26425.0,0.0,0.0,124315.0,5.23,-34.8,3.98,52.11,52.6
sz300510,10.17,10.3,10.49,10.17,86691.0,-10.0,11.3,8909.0,0.0,0.0,7722.0,10.17,29.94,1.25,21.68,53.34
sh600761,10.33,10.59,10.83,10.19,85105.0,-5.58,10.94,8915.0,841.0,10.32,140.0,10.35,13.09,1.62,76.46,76.46
sh603887,16.36,17.03,17.35,16.36,19845.0,-10.01,18.18,3320.0,0.0,0.0,2689.0,16.36,29.68,2.65,13.57,23.59
sh600751,3.88,3.65,4.03,3.61,1017903.0,0.78,3.85,38898.0,299.0,3.87,6989.0,3.89,68.45,0.83,99.84,112.49
sh600077,2.92,3.08,3.08,2.84,196275.0,-5.19,3.08,5791.0,1832.0,2.91,100.0,2.93,10.26,0.95,39.13,39.13
sz002798,19.33,19.33,20.3,19.33,61145.0,-10.01,21.48,11987.0,0.0,0.0,263.0,19.33,18.52,2.25,31.35,74.5
sz002464,10.52,11.5,11.5,10.52,90458.0,-10.01,11.69,9849.0,0.0,0.0,5436.0,10.52,43.6,2.28,34.31,34.31
sh600771,27.32,29.3,29.3,27.32,72466.0,-9.98,30.35,20324.0,0.0,0.0,943.0,27.32,25.38,4.16,82.59,96.41
sz000698,4.01,4.16,4.25,3.95,202488.0,-6.53,4.29,8354.0,440.0,4.0,561.0,4.02,28.9,0.72,31.51,32.86
sh603518,13.18,13.99,13.99,13.05,24891.0,-7.12,14.19,3364.0,2.0,13.17,138.0,13.2,10.75,0.98,23.39,23.76
sh603778,4.39,4.72,4.74,4.28,58286.0,-7.77,4.76,2594.0,652.0,4.38,370.0,4.4,-416.92,2.18,21.95,21.95
sh601066,21.02,21.82,22.1,21.02,495183.0,-10.02,23.36,105717.0,0.0,0.0,59633.0,21.02,44.83,3.63,84.08,1607.27
sh600268,5.41,5.51,5.85,5.4,230027.0,-9.23,5.96,12869.0,3018.0,5.39,972.0,5.41,62.19,1.69,34.37,37.61
sz002017,12.23,13.0,13.01,12.23,174064.0,-10.01,13.59,21851.0,0.0,0.0,31053.0,12.23,138.37,3.96,54.61,54.61
sz002405,21.14,21.9,22.64,21.14,500367.0,-10.0,23.49,108459.0,0.0,0.0,12989.0,21.14,61.82,3.83,220.37,276.82
sz300560,17.23,18.37,18.37,17.23,36016.0,-9.98,19.14,6341.0,0.0,0.0,1739.0,17.23,47.72,5.02,11.54,27.18
sz300730,15.85,16.79,17.0,15.85,52076.0,-9.99,17.61,8459.0,0.0,0.0,626.0,15.85,72.34,6.35,11.98,25.04
sh600378,12.62,13.45,13.45,12.62,69590.0,-9.99,14.02,9005.0,0.0,0.0,6997.0,12.62,20.22,2.13,25.51,105.65
sz002252,7.59,8.1,8.1,7.59,591273.0,-9.96,8.43,46118.0,0.0,0.0,14615.0,7.59,-61.87,3.4,377.42,377.57
sz002837,15.91,16.51,16.94,15.91,33389.0,-10.01,17.68,5440.0,0.0,0.0,2313.0,15.91,30.86,3.13,10.89,34.21
sh600557,13.85,13.18,13.99,12.85,134730.0,4.14,13.3,18192.0,79.0,13.84,229.0,13.86,18.31,2.28,79.63,82.11
sz002725,8.48,9.05,9.19,8.48,76094.0,-9.98,9.42,6658.0,0.0,0.0,1381.0,8.48,33.29,2.22,14.97,21.71
sh600153,9.1,9.3,9.45,9.06,434701.0,-5.5,9.63,40243.0,233.0,9.08,653.0,9.1,5.69,0.92,258.0,258.0
sz300152,4.15,3.71,4.15,3.64,1309364.0,10.08,3.77,52987.0,86596.0,4.14,0.0,0.0,-7.93,3.74,29.58,29.58
sh603042,12.38,13.0,13.32,12.38,51543.0,-10.03,13.76,6582.0,0.0,0.0,2238.0,12.38,-13.2,2.17,12.51,16.84
sz000423,41.9,42.92,43.3,41.18,104936.0,-4.32,43.79,44298.0,326.0,41.88,129.0,41.91,14.67,2.34,273.97,274.04
sz002316,8.2,8.6,8.66,8.2,83988.0,-9.99,9.11,6990.0,0.0,0.0,15310.0,8.2,31.98,3.6,24.06,32.24
sz300356,6.86,7.08,7.35,6.86,195150.0,-9.97,7.62,13735.0,0.0,0.0,11500.0,6.86,104.36,2.72,25.3,28.2
sh603709,28.71,30.66,30.66,28.71,14598.0,-10.0,31.9,4263.0,0.0,0.0,7560.0,28.71,25.64,3.77,5.74,22.97
sh601615,10.68,11.34,11.34,10.68,280612.0,-10.03,11.87,30661.0,0.0,0.0,19988.0,10.68,25.84,2.57,29.47,147.35
sh600433,4.01,4.22,4.29,4.01,212230.0,-10.09,4.46,8702.0,0.0,0.0,8373.0,4.01,49.61,1.93,50.98,50.98
sz300011,6.18,6.69,6.69,6.18,122522.0,-10.04,6.87,7820.0,0.0,0.0,382.0,6.18,-6.09,1.82,27.7,34.52
sh600864,7.0,7.23,7.44,7.0,654772.0,-10.03,7.78,47085.0,0.0,0.0,66428.0,7.0,49.91,1.1,110.48,147.6
sz002423,11.15,10.02,11.3,9.72,202700.0,8.57,10.27,22405.0,205.0,11.14,5.0,11.16,-193.8,1.62,56.08,256.91
sz002261,5.03,5.36,5.42,5.03,499018.0,-10.02,5.59,25829.0,0.0,0.0,7806.0,5.03,-4.08,2.22,44.53,55.37
sh601789,4.49,4.49,4.6,4.49,654211.0,-10.02,4.99,29475.0,0.0,0.0,97708.0,4.49,19.25,1.56,43.83,43.83
sh600748,9.19,9.5,9.65,9.19,433967.0,-9.99,10.21,40177.0,0.0,0.0,7490.0,9.19,24.7,1.67,169.52,169.52
sh600179,6.85,7.5,7.5,6.85,140807.0,-9.99,7.61,9880.0,0.0,0.0,29673.0,6.85,29.45,2.99,46.14,101.86
sz002565,13.6,14.0,14.48,13.6,624819.0,-9.99,15.11,86531.0,0.0,0.0,77652.0,13.6,105.96,4.49,93.13,96.44
sh603045,28.44,30.15,30.2,28.44,28596.0,-10.0,31.6,8249.0,0.0,0.0,3513.0,28.44,41.54,3.57,6.99,27.96
sz300698,17.23,18.17,18.17,17.23,42563.0,-9.98,19.14,7458.0,0.0,0.0,9079.0,17.23,480.76,6.09,7.83,23.09
sz300292,6.08,6.41,6.52,6.08,781909.0,-9.93,6.75,48176.0,0.0,0.0,242875.0,6.08,-6.87,4.9,62.6,77.51
sz300248,7.61,7.9,8.09,7.61,90649.0,-10.05,8.46,7051.0,0.0,0.0,9767.0,7.61,32.03,2.53,24.1,36.61
sz000555,11.07,11.6,11.78,11.07,180645.0,-10.0,12.3,20545.0,0.0,0.0,12591.0,11.07,228.21,2.17,103.5,106.65
sz002866,11.1,12.07,12.07,11.1,43473.0,-9.98,12.33,5006.0,0.0,0.0,1557.0,11.1,28.67,2.7,8.95,27.5
sz002538,5.57,5.67,5.68,5.32,200836.0,-3.3,5.76,11075.0,181.0,5.55,395.0,5.57,13.25,1.12,38.9,40.0
sz002451,11.6,11.5,12.59,11.15,294398.0,-3.97,12.08,35214.0,38.0,11.58,913.0,11.6,94.31,7.09,48.23,50.95
sh603105,10.55,11.29,11.47,10.55,90696.0,-9.98,11.72,9938.0,2268.0,0.0,604.0,10.56,94.8,3.61,9.28,52.75
sz300344,6.1,6.52,6.65,6.1,125235.0,-10.03,6.78,7929.0,0.0,0.0,1279.0,6.1,144.55,4.07,12.51,21.62
sz002170,3.49,3.76,3.76,3.49,217204.0,-10.05,3.88,7840.0,0.0,0.0,6743.0,3.49,109.91,1.65,22.99,30.95
sz000851,5.87,6.1,6.26,5.87,389507.0,-9.97,6.52,23471.0,0.0,0.0,7097.0,5.87,409.97,1.61,50.29,53.28
sh603956,18.75,19.8,20.12,18.4,66731.0,-7.64,20.3,12884.0,44.0,18.72,153.0,18.75,67.49,7.84,7.99,79.87
sz002177,5.04,5.44,5.45,5.01,599516.0,-9.52,5.57,30922.0,3181.0,5.02,2681.0,5.04,-60.53,2.37,38.36,38.36
sz002515,5.81,5.81,6.19,5.81,183428.0,-10.06,6.46,10867.0,0.0,0.0,4372.0,5.81,1243.69,4.33,49.35,56.84
sh600099,7.36,7.36,7.65,7.36,129957.0,-10.02,8.18,9620.0,0.0,0.0,11090.0,7.36,585.7,3.39,16.13,16.13
sh603996,7.19,7.67,7.83,7.19,95429.0,-10.01,7.99,7181.0,0.0,0.0,3212.0,7.19,-15.04,1.6,21.58,21.58
sz300368,6.9,7.58,7.58,6.89,91306.0,-9.92,7.66,6482.0,489.0,6.89,806.0,6.91,77.27,4.42,32.08,36.7
sz000755,4.99,5.25,5.25,4.99,174337.0,-9.93,5.54,8755.0,0.0,0.0,28902.0,4.99,21.77,2.22,23.42,23.42
sh603156,50.69,49.0,53.15,49.0,27596.0,-4.63,53.15,14089.0,45.0,50.61,133.0,50.7,13.85,2.98,231.52,381.83
sz300267,5.65,5.98,5.98,5.65,476905.0,-10.03,6.28,27364.0,0.0,0.0,61115.0,5.65,58.65,2.06,76.69,116.54
sh603313,23.59,23.5,25.18,22.89,37315.0,-2.88,24.29,8927.0,14.0,23.55,3.0,23.59,22.2,3.18,19.43,57.02
sz300742,30.74,30.99,31.97,30.74,14881.0,-9.99,34.15,4640.0,0.0,0.0,2038.0,30.74,159.35,2.13,6.03,24.13
sz300202,7.42,7.42,7.65,7.42,124260.0,-9.95,8.24,9235.0,0.0,0.0,46545.0,7.42,-31.47,2.54,30.53,40.77
sz300475,10.18,0.0,0.0,0.0,0.0,0.0,10.18,0.0,0.0,0.0,0.0,0.0,38.7,1.64,13.14,20.36
sz300310,5.82,6.01,6.18,5.82,436376.0,-10.05,6.47,25892.0,0.0,0.0,30918.0,5.82,-2.56,3.21,39.64,51.37
sz300242,4.32,4.32,4.38,4.32,69565.0,-10.0,4.8,3007.0,0.0,0.0,67307.0,4.32,-2.19,2.61,25.06,27.41
sz002931,27.33,29.05,29.05,27.33,22610.0,-10.01,30.37,6309.0,0.0,0.0,1397.0,27.33,52.95,4.8,7.23,24.29
sh603533,15.84,16.8,17.14,15.81,52274.0,-9.85,17.57,8596.0,67.0,15.83,223.0,15.85,47.2,5.55,25.84,63.52
sz300280,21.38,23.01,23.01,21.38,45753.0,-9.98,23.75,10067.0,0.0,0.0,7129.0,21.38,34.3,2.52,27.37,31.25
sh600996,8.24,8.65,8.66,8.24,181345.0,-10.04,9.16,15183.0,0.0,0.0,3830.0,8.24,27.51,1.84,24.55,85.91
sz002453,5.7,6.21,6.21,5.7,129391.0,-9.95,6.33,7700.0,0.0,0.0,11671.0,5.7,132.49,3.59,31.62,32.56
sh603056,15.87,16.2,16.2,14.89,74865.0,-3.58,16.46,11552.0,29.0,15.86,70.0,15.88,27.62,3.83,34.54,152.35
sz300089,4.96,5.21,5.21,4.92,185130.0,-9.32,5.47,9389.0,60.0,4.95,1223.0,4.97,11.66,1.02,13.72,23.86
sz002467,8.83,8.91,9.25,8.65,984028.0,-7.54,9.55,88158.0,2557.0,8.82,615.0,8.84,64.35,3.53,56.59,70.2
sz002937,17.64,17.3,18.79,16.85,153497.0,-3.29,18.24,27431.0,123.0,17.62,20.0,17.64,38.7,5.94,12.98,51.93
sz000823,9.44,9.93,9.95,9.44,346271.0,-10.01,10.49,33485.0,0.0,0.0,33387.0,9.44,16.81,1.51,50.69,50.69
sz002418,4.91,4.95,5.47,4.91,612544.0,-9.91,5.45,31182.0,0.0,0.0,5401.0,4.91,-4.38,5.11,49.23,55.8
sh600470,4.49,4.49,4.49,4.49,36885.0,-10.02,4.99,1656.0,0.0,0.0,228384.0,4.49,-3.68,1.69,23.42,23.42
sz300362,4.49,4.49,4.49,4.49,8661.0,-10.02,4.99,389.0,0.0,0.0,204961.0,4.49,-1.04,-88.91,14.13,19.62
sz300093,6.37,6.45,6.51,5.91,150698.0,-2.45,6.53,9506.0,126.0,6.35,178.0,6.37,90.75,1.52,13.74,13.76
sz300050,5.88,6.26,6.4,5.88,247488.0,-9.95,6.53,14983.0,0.0,0.0,10436.0,5.88,53.6,1.12,21.71,32.04
sz002470,5.22,5.22,5.22,5.22,92417.0,-10.0,5.8,4824.0,0.0,0.0,283153.0,5.22,103.74,1.6,141.86,171.77
sz300025,5.29,5.48,5.48,5.29,265233.0,-10.03,5.88,14153.0,0.0,0.0,38855.0,5.29,140.74,3.02,20.59,22.67
sh600239,3.74,4.0,4.0,3.74,356503.0,-10.1,4.16,13461.0,0.0,0.0,74200.0,3.74,36.18,1.26,60.05,60.05
sz002573,7.57,8.35,8.35,7.57,168853.0,-9.99,8.41,13238.0,0.0,0.0,2467.0,7.57,16.15,1.72,81.65,81.85
sh600355,3.83,4.04,4.08,3.83,308755.0,-9.88,4.25,12081.0,0.0,0.0,9288.0,3.83,138.91,5.25,18.85,18.85
sz300249,6.3,6.6,6.6,6.18,133681.0,-8.3,6.87,8501.0,78.0,6.21,1706.0,6.3,105.76,3.55,19.18,28.1
sh600804,8.54,8.85,8.98,8.54,529965.0,-10.01,9.49,46013.0,0.0,0.0,65149.0,8.54,35.85,1.76,122.32,122.33
sz002140,9.35,9.35,9.45,9.35,140123.0,-10.01,10.39,13105.0,0.0,0.0,67825.0,9.35,27.28,1.95,41.1,41.7
sz300145,5.39,5.11,5.47,4.92,894464.0,-0.37,5.41,46912.0,1039.0,5.38,9269.0,5.4,25.97,2.12,79.72,103.67
sz002869,24.75,24.75,26.5,24.75,47404.0,-10.0,27.5,11973.0,0.0,0.0,4427.0,24.75,120.83,2.86,11.14,29.16
sz300264,5.19,5.7,5.7,5.19,52949.0,-10.05,5.77,2818.0,0.0,0.0,358.0,5.19,-268.85,3.99,16.53,21.44
sz002584,5.76,5.76,5.76,5.76,32926.0,-10.0,6.4,1897.0,0.0,0.0,141445.0,5.76,75.85,1.9,21.95,33.71
sh603168,7.62,7.95,8.1,7.62,106313.0,-10.04,8.47,8291.0,0.0,0.0,7391.0,7.62,-16.62,1.64,22.66,24.58
sh600831,9.41,9.57,9.8,9.41,355020.0,-9.95,10.45,33614.0,0.0,0.0,95340.0,9.41,63.48,1.77,61.36,65.27
sh600593,36.48,36.48,36.48,36.48,5738.0,-9.99,40.53,2093.0,0.0,0.0,15307.0,36.48,80.99,9.4,46.99,46.99
sh600198,13.13,13.13,13.13,13.13,53159.0,-10.01,14.59,6980.0,0.0,0.0,245529.0,13.13,20.08,256.45,114.93,115.82
sz002755,13.46,14.26,14.38,13.46,47534.0,-9.97,14.95,6586.0,1749.0,0.0,74.0,13.47,17.88,6.15,23.19,124.93
sz002870,17.5,18.31,19.3,17.42,38534.0,-9.61,19.36,6975.0,118.0,17.48,10.0,17.5,47.52,2.29,7.02,19.37
sh600516,18.88,18.88,18.88,18.88,186437.0,-10.01,20.98,35199.0,0.0,0.0,290083.0,18.88,7.74,2.55,334.61,341.24
sz300663,37.6,38.31,39.16,37.6,33157.0,-10.0,41.78,12598.0,0.0,0.0,24482.0,37.6,167.01,10.73,46.3,75.75
sz300461,22.7,22.51,24.0,22.4,28975.0,-8.65,24.85,6669.0,194.0,22.68,10.0,22.79,-50.01,10.01,21.12,28.28
sh600640,14.82,15.11,16.2,14.82,95593.0,-10.02,16.47,14494.0,0.0,0.0,20516.0,14.82,48.14,2.62,87.35,117.92
sh600518,8.59,8.59,8.59,8.59,31733.0,-9.96,9.54,2726.0,0.0,0.0,4350245.0,8.59,38.93,1.68,378.63,427.25
sh600478,5.59,5.96,6.0,5.59,359974.0,-9.98,6.21,20658.0,0.0,0.0,73902.0,5.59,-674.57,3.23,82.16,92.42
sh600146,9.88,10.11,10.97,9.88,117943.0,-10.02,10.98,12214.0,0.0,0.0,11454.0,9.88,-2.42,4.27,19.76,46.43
sz300749,26.89,28.0,28.88,26.89,39680.0,-10.01,29.88,11017.0,0.0,0.0,1284.0,26.89,41.32,4.15,7.66,30.65
sz300552,21.38,22.78,23.38,21.38,42419.0,-10.02,23.76,9400.0,272.0,0.0,70.0,21.41,336.46,3.1,8.82,23.01
sz002773,45.69,46.8,48.35,45.01,46203.0,-8.53,49.95,21189.0,2.0,45.57,68.0,45.69,43.97,7.16,217.73,307.74
sz002052,4.13,4.4,4.4,4.13,201276.0,-10.02,4.59,8527.0,0.0,0.0,9851.0,4.13,-10.49,5.06,30.81,30.81
sh603383,80.9,80.9,81.89,80.9,10487.0,-10.0,89.89,8489.0,0.0,0.0,15748.0,80.9,79.71,9.33,46.94,97.25
sh600291,10.69,11.14,11.19,10.68,337687.0,-9.94,11.87,36699.0,1501.0,0.0,897.0,10.69,65.22,0.93,116.85,116.85
sz300678,20.48,20.8,22.0,20.48,34833.0,-9.98,22.75,7238.0,0.0,0.0,3656.0,20.48,78.67,6.5,17.06,36.86
sz002054,8.5,8.74,8.9,8.5,482110.0,-9.96,9.44,41496.0,0.0,0.0,81258.0,8.5,49.7,1.95,26.3,35.63
sz300051,6.47,6.66,6.68,6.47,204806.0,-10.01,7.19,13307.0,0.0,0.0,39092.0,6.47,-5.54,4.55,16.43,23.71
sz000890,5.9,5.9,6.13,5.9,216548.0,-10.06,6.56,12825.0,0.0,0.0,34795.0,5.9,-15.58,3.18,22.4,22.4
sz002158,10.5,10.5,10.5,10.5,25182.0,-10.03,11.67,2644.0,0.0,0.0,208172.0,10.5,28.05,2.99,55.5,56.2
sh600175,3.39,3.39,3.39,3.39,116733.0,-10.08,3.77,3957.0,0.0,0.0,1900687.0,3.39,-9.93,1.27,83.09,121.24
sh600213,10.1,10.4,10.65,10.1,256432.0,-9.98,11.22,26320.0,0.0,0.0,24611.0,10.1,201.15,11.69,22.22,22.22
sh601865,11.87,11.87,12.1,11.87,80059.0,-10.01,13.19,9505.0,0.0,0.0,132472.0,11.87,55.37,5.76,17.8,231.46
sz002506,5.97,6.2,6.38,5.85,829336.0,-7.59,6.46,50467.0,2668.0,5.95,2824.0,5.97,135.27,7.03,301.27,302.38
sh601519,7.09,7.09,7.09,7.09,24224.0,-10.03,7.88,1717.0,0.0,0.0,971741.0,7.09,140.69,9.87,140.93,140.93
sz002148,6.04,6.41,6.42,6.04,263129.0,-9.99,6.71,16194.0,0.0,0.0,3031.0,6.04,114.92,2.95,26.8,34.25
sh600365,5.16,5.6,5.6,5.07,221157.0,-8.35,5.63,11721.0,516.0,5.15,714.0,5.17,732.33,2.97,20.64,20.64
sh600589,4.58,4.84,4.95,4.58,236002.0,-10.02,5.09,11205.0,0.0,0.0,727.0,4.58,21.39,1.0,30.3,32.3
sz002611,4.36,4.51,4.69,4.34,568866.0,-9.54,4.82,25427.0,754.0,4.34,747.0,4.36,-2.08,2.02,48.43,80.17
