,close,open,high,low,volume,chgperc,yest_close,amount,b1_v,b1_p,a1_v,a1_p,pe,pb,lt_mcap,mcap
sh600000,10.03,10.01,10.04,9.94,356670.0,0.4,9.99,35679.0,6401.0,10.02,10199.0,10.04,4.93,0.54,2944.02,2944.02
sh600004,10.9,10.86,10.9,10.82,80244.0,0.0,10.9,8721.0,441.0,10.88,1492.0,10.9,-75.44,1.38,225.56,257.97
sh600006,7.66,7.28,7.66,7.19,899866.0,4.22,7.35,67465.0,1905.0,7.65,2068.0,7.67,17.93,1.89,153.2,153.2
sh600007,17.26,17.21,17.48,16.99,37350.0,-0.75,17.39,6451.0,185.0,17.23,179.0,17.26,20.24,2.22,173.86,173.86
sh600008,2.98,2.98,2.99,2.96,363348.0,-0.33,2.99,10822.0,13784.0,2.97,13118.0,2.99,13.25,1.4,218.75,218.75
sh600009,47.0,46.88,47.42,46.5,110325.0,0.13,46.94,51804.0,81.0,46.98,44.0,47.0,-50.78,3.15,513.93,905.67
sh600010,1.7,1.56,1.73,1.55,22756428.0,8.28,1.57,380522.0,159224.0,1.69,107079.0,1.71,52.93,1.44,538.51,774.95
sh600011,4.03,4.08,4.08,4.0,337754.0,-0.74,4.06,13611.0,3360.0,4.02,4956.0,4.04,11.23,0.87,443.21,632.63
sh600012,6.28,6.4,6.43,6.25,45523.0,-2.48,6.44,2875.0,194.0,6.27,112.0,6.29,8.03,0.9,73.2,104.16
sh600015,6.19,6.2,6.23,6.18,222285.0,-0.32,6.21,13771.0,4111.0,6.18,3755.0,6.2,4.37,0.42,793.72,952.47
sh600016,4.37,4.37,4.39,4.36,432540.0,-0.23,4.38,18909.0,4784.0,4.36,58655.0,4.38,5.9,0.41,1549.69,1913.29
sh600017,2.66,2.66,2.67,2.65,53160.0,-0.37,2.67,1415.0,3601.0,2.65,10250.0,2.67,12.38,0.65,81.81,81.81
sh600018,5.33,5.26,5.34,5.18,988022.0,1.14,5.27,52066.0,137.0,5.31,3800.0,5.33,12.87,1.41,1235.16,1235.16
sh600019,7.59,7.46,7.61,7.41,699590.0,1.88,7.45,52528.0,1778.0,7.58,7026.0,7.6,10.25,0.92,1685.92,1690.19
sh600020,3.23,3.21,3.26,3.2,62200.0,0.62,3.21,2012.0,9775.0,3.22,2141.0,3.24,7.02,0.7,72.59,72.59
sh600021,6.82,6.89,6.89,6.77,66853.0,-0.44,6.85,4554.0,2527.0,6.81,58.0,6.83,17.57,1.09,178.49,178.49
sh600022,1.76,1.71,1.78,1.7,1946218.0,2.92,1.71,34049.0,32071.0,1.75,74307.0,1.77,14.7,0.9,192.66,192.66
sh600023,3.4,3.43,3.43,3.38,259900.0,-0.87,3.43,8835.0,7951.0,3.38,4017.0,3.4,7.03,0.69,462.42,462.42
sh600025,5.51,5.65,5.66,5.47,275670.0,-2.13,5.63,15252.0,2401.0,5.5,153.0,5.52,18.07,2.15,991.8,991.8
sh600026,6.32,6.33,6.35,6.27,164525.0,-0.32,6.34,10384.0,309.0,6.31,1307.0,6.33,14.43,0.86,181.07,301.0
sh600027,3.43,3.41,3.43,3.4,159083.0,0.29,3.42,5433.0,717.0,3.41,11199.0,3.43,8.08,0.7,279.4,338.3
sh600028,4.27,4.28,4.29,4.25,1456786.0,-1.16,4.32,62162.0,13388.0,4.26,19668.0,4.28,7.31,0.69,4080.32,5169.74
sh600029,5.89,5.89,5.91,5.85,217596.0,-0.34,5.91,12782.0,369.0,5.88,2593.0,5.9,-10.41,1.38,573.13,998.26
sh600030,23.64,23.58,23.82,23.54,603387.0,-0.17,23.68,142802.0,3512.0,23.63,936.0,23.65,19.11,1.64,2320.19,3055.89
sh600031,26.2,26.01,26.59,26.01,1177822.0,-0.15,26.24,309474.0,2040.0,26.19,1180.0,26.21,11.88,3.9,2223.13,2223.13
sh600033,2.65,2.65,2.67,2.64,46305.0,-0.38,2.66,1229.0,683.0,2.64,681.0,2.66,10.13,0.74,72.73,72.73
sh600035,2.94,2.96,2.98,2.93,69843.0,-1.01,2.97,2062.0,2322.0,2.93,327.0,2.95,8.05,0.73,47.34,47.34
sh600036,53.43,53.3,53.91,53.01,365978.0,-0.21,53.54,195615.0,885.0,53.42,2.0,53.44,13.27,2.01,11022.05,13474.96
sh600037,8.83,8.85,8.95,8.75,99047.0,-0.9,8.91,8749.0,161.0,8.82,167.0,8.84,90.32,0.97,122.89,122.89
sh600038,49.99,48.77,50.5,48.6,57897.0,2.23,48.9,28800.0,98.0,49.98,134.0,50.0,33.88,3.26,294.68,294.68
sh600039,6.39,6.35,6.5,6.32,231044.0,1.11,6.32,14726.0,1781.0,6.37,1937.0,6.39,7.74,1.28,230.71,305.15
sh600048,12.17,12.23,12.38,12.12,385987.0,-1.14,12.31,47074.0,273.0,12.16,235.0,12.18,5.01,0.9,1456.69,1456.69
sh600050,4.27,4.28,4.31,4.25,514191.0,-0.47,4.29,21965.0,28338.0,4.25,22371.0,4.27,22.76,0.89,1313.27,1324.21
sh600051,6.82,6.68,6.85,6.66,29864.0,2.1,6.68,2021.0,37.0,6.8,279.0,6.82,24.18,0.73,21.2,21.2
sh600052,3.42,3.19,3.47,3.17,187485.0,6.54,3.21,6157.0,2313.0,3.4,2006.0,3.42,139.12,0.85,28.87,28.87
sh600053,16.91,16.87,17.04,16.76,13305.0,0.06,16.9,2247.0,62.0,16.88,44.0,16.91,95.69,2.74,73.31,73.31
sh600054,9.44,9.53,9.53,9.36,24110.0,-0.94,9.53,2277.0,191.0,9.43,106.0,9.45,-6616.11,1.63,48.46,68.85
sh600055,18.09,16.8,18.5,16.64,357547.0,7.04,16.9,63204.0,212.0,18.08,74.0,18.1,44.68,4.2,97.83,97.83
sh600056,11.85,11.8,11.88,11.77,41663.0,0.08,11.84,4928.0,182.0,11.83,171.0,11.85,10.05,1.29,126.57,126.62
sh600057,6.31,6.32,6.35,6.26,102678.0,-0.32,6.33,6470.0,438.0,6.3,143.0,6.32,9.8,1.28,134.87,136.14
sh600058,8.23,8.02,8.32,7.96,139142.0,2.11,8.06,11397.0,481.0,8.22,3.0,8.24,21.58,2.03,88.22,88.22
sh600059,12.21,12.09,12.42,12.07,179423.0,0.25,12.18,21990.0,647.0,12.19,1596.0,12.21,67.24,2.13,98.72,111.3
sh600060,15.15,15.0,15.29,14.88,194785.0,1.0,15.0,29425.0,1043.0,15.13,740.0,15.15,14.72,1.29,198.23,198.23
sh600061,8.02,8.03,8.08,8.0,188364.0,-0.62,8.07,15119.0,3609.0,8.0,382.0,8.02,11.23,1.19,515.31,515.31
sh600062,11.76,11.76,11.78,11.72,33479.0,-0.34,11.8,3932.0,869.0,11.74,384.0,11.76,12.07,1.28,122.68,122.68
sh600063,4.8,4.76,4.82,4.7,299237.0,0.0,4.8,14299.0,2714.0,4.79,1801.0,4.81,13.37,1.69,92.44,92.44
sh600064,9.11,9.14,9.15,9.07,32685.0,-0.33,9.14,2972.0,51.0,9.1,695.0,9.12,5.69,0.85,112.6,112.6
sh600066,13.07,12.9,13.15,12.8,166094.0,1.32,12.9,21640.0,489.0,13.06,2062.0,13.08,53.95,2.08,289.36,295.77
sh600067,3.34,3.36,3.36,3.32,27963.0,-0.6,3.36,934.0,2697.0,3.33,1384.0,3.35,12.24,0.62,49.84,49.84
sh600068,7.97,8.0,8.07,7.96,371913.0,-0.75,8.03,29722.0,242.0,7.96,196.0,7.98,8.04,1.09,367.0,367.0
sh600070,8.65,8.7,8.77,8.55,123986.0,-1.82,8.81,10715.0,448.0,8.64,165.0,8.66,-11.1,1.86,43.83,45.15
sh600071,14.8,14.96,14.96,14.54,41016.0,0.82,14.68,6058.0,297.0,14.79,1448.0,14.82,171.18,8.11,35.15,41.67
sh600072,11.32,11.35,11.47,11.28,53452.0,-0.96,11.43,6055.0,836.0,11.3,174.0,11.32,59.04,2.12,83.34,83.34
sh600073,7.99,7.9,8.03,7.89,44161.0,0.38,7.96,3518.0,820.0,7.98,495.0,8.0,17.42,1.77,74.92,74.92
sh600075,6.73,6.65,6.82,6.62,205402.0,-0.88,6.79,13849.0,6093.0,6.72,115.0,6.74,7.67,1.33,75.46,101.52
sh600076,4.1,4.16,4.16,4.05,267318.0,-2.84,4.22,10948.0,1577.0,4.08,54.0,4.1,-60.32,1.14,42.4,55.13
sh600077,2.54,2.56,2.57,2.53,53034.0,-1.17,2.57,1346.0,3843.0,2.52,1340.0,2.54,10.46,0.72,34.04,34.04
sh600078,2.63,2.6,2.78,2.56,366620.0,-0.75,2.65,9794.0,3351.0,2.61,407.0,2.63,-0.79,-3.69,17.43,17.43
sh600079,25.66,25.5,25.99,25.25,83554.0,0.51,25.53,21457.0,506.0,25.65,223.0,25.67,31.92,3.47,347.36,419.05
sh600080,7.14,7.05,7.2,7.05,37549.0,-0.28,7.16,2683.0,16.0,7.12,81.0,7.14,57.52,1.57,26.65,26.65
sh600081,15.68,15.28,15.85,15.2,112674.0,0.9,15.54,17673.0,38.0,15.66,2470.0,15.68,24.27,3.35,49.17,49.17
sh600082,2.88,2.88,2.89,2.86,35217.0,0.0,2.88,1011.0,266.0,2.86,565.0,2.88,58.88,1.08,18.27,18.61
sh600083,6.3,6.18,6.36,6.15,19016.0,1.29,6.22,1196.0,167.0,6.29,261.0,6.32,91.02,134.9,14.36,14.49
sh600084,4.24,4.4,4.48,4.22,209705.0,-4.5,4.44,9035.0,855.0,4.22,696.0,4.24,-202.33,2.21,47.65,47.65
sh600085,36.25,36.1,36.5,35.48,243613.0,-0.22,36.33,87950.0,75.0,36.23,66.0,36.25,44.75,4.9,497.16,497.16
sh600086,0.16,0.0,0.0,0.0,0.0,0.0,0.16,0.0,0.0,0.0,0.0,0.0,-0.11,-0.67,1.69,2.16
sh600088,10.32,10.13,10.42,10.11,41996.0,1.38,10.18,4313.0,140.0,10.3,260.0,10.32,-46.97,3.78,41.04,41.04
sh600089,12.86,12.47,12.97,12.24,1265014.0,1.82,12.63,160420.0,4245.0,12.84,867.0,12.86,11.39,1.4,477.66,477.66
sh600090,1.64,1.63,1.67,1.61,181886.0,0.0,1.64,2983.0,142.0,1.63,11206.0,1.65,-0.99,0.61,23.61,23.61
sh600091,2.75,2.63,2.75,2.56,43129.0,4.96,2.62,1173.0,1419.0,2.74,0.0,0.0,-37.38,1.36,12.03,12.03
sh600093,5.63,5.63,5.63,5.63,780.0,-5.06,5.93,44.0,0.0,0.0,1288804.0,5.63,-0.54,-1.74,63.19,63.19
sh600094,3.8,3.82,3.85,3.77,117261.0,-0.78,3.83,4461.0,963.0,3.79,612.0,3.81,17.5,0.7,86.51,94.06
sh600095,11.12,11.11,11.45,11.0,391978.0,-1.42,11.28,43629.0,1658.0,11.1,296.0,11.12,81.82,2.83,106.38,298.24
sh600096,13.4,13.23,14.07,13.17,855995.0,-0.52,13.47,116396.0,546.0,13.38,954.0,13.4,29.46,3.5,182.39,246.21
sh600097,9.23,9.22,9.28,9.18,11267.0,0.0,9.23,1040.0,111.0,9.21,52.0,9.23,13.21,1.21,22.24,22.24
sh600098,6.18,6.28,6.28,6.16,58229.0,-1.59,6.28,3608.0,44.0,6.17,82.0,6.19,17.07,0.92,168.48,168.48
sh600099,6.49,6.45,6.55,6.44,14796.0,0.0,6.49,961.0,89.0,6.48,52.0,6.5,128.77,2.93,14.22,14.22
sh600100,5.88,5.84,5.89,5.83,96902.0,0.17,5.87,5677.0,1886.0,5.86,897.0,5.88,28.06,1.09,174.28,174.28
sh600101,5.34,5.34,5.37,5.32,27936.0,-0.37,5.36,1490.0,2.0,5.33,1308.0,5.35,28.98,0.92,22.5,22.5
sh600103,2.41,2.43,2.44,2.4,226819.0,-0.82,2.43,5480.0,4888.0,2.4,8720.0,2.42,35.94,1.53,55.57,55.57
sh600104,21.46,20.9,21.7,20.77,546623.0,1.95,21.05,116948.0,2048.0,21.44,269.0,21.46,9.59,0.93,2507.27,2507.27
sh600105,3.72,3.72,3.74,3.67,228341.0,-0.8,3.75,8447.0,4901.0,3.71,3681.0,3.73,-15.93,1.84,51.37,51.37
sh600106,2.57,2.54,2.57,2.54,88099.0,0.78,2.55,2256.0,5348.0,2.55,5668.0,2.57,12.84,0.73,34.16,34.16
sh600107,6.04,6.0,6.12,5.97,70105.0,0.0,6.04,4239.0,1002.0,6.02,560.0,6.04,14.4,2.96,21.74,21.74
sh600108,2.84,2.86,2.87,2.82,191396.0,-1.05,2.87,5435.0,5125.0,2.83,5004.0,2.85,-6.68,1.38,55.29,55.29
sh600109,11.78,11.69,11.9,11.68,272159.0,0.17,11.76,32118.0,388.0,11.77,1195.0,11.79,19.12,1.57,356.27,356.27
sh600110,13.65,13.23,13.93,12.95,646714.0,0.59,13.57,87402.0,1541.0,13.64,834.0,13.66,238.17,5.48,180.61,190.73
sh600111,25.13,22.9,25.59,22.59,3054077.0,7.67,23.34,745134.0,2860.0,25.11,7138.0,25.13,62.42,8.23,912.99,912.99
sh600112,4.77,4.77,4.77,4.77,16448.0,5.07,4.54,785.0,98913.0,4.76,0.0,0.0,-13.53,-33.06,24.29,24.29
sh600113,6.07,6.11,6.12,6.05,19998.0,-0.82,6.12,1214.0,86.0,6.05,116.0,6.07,63.72,1.67,24.97,24.97
sh600114,7.9,7.87,7.92,7.81,70756.0,0.13,7.89,5564.0,262.0,7.88,667.0,7.9,45.84,1.88,48.69,48.69
sh600115,5.0,4.93,5.02,4.92,222671.0,1.42,4.93,11042.0,2937.0,4.99,482.0,5.01,-7.0,1.64,490.42,818.98
sh600116,8.32,8.36,8.37,8.3,61474.0,-0.72,8.38,5113.0,333.0,8.3,374.0,8.32,21.05,1.56,112.64,159.09
sh600117,3.8,3.7,3.82,3.7,116635.0,2.15,3.72,4404.0,4400.0,3.78,6531.0,3.8,44.69,2.87,39.71,39.71
sh600118,27.08,27.0,27.26,26.92,67625.0,0.15,27.04,18319.0,199.0,27.06,184.0,27.08,88.37,5.37,320.22,320.22
sh600119,8.0,8.04,8.05,7.89,13561.0,-0.37,8.03,1081.0,21.0,7.96,86.0,8.0,-34.76,8.45,24.59,29.22
sh600120,4.2,4.23,4.24,4.19,167192.0,-0.94,4.24,7026.0,2321.0,4.19,1686.0,4.21,12.74,0.89,121.65,121.65
sh600121,5.29,5.3,5.33,5.25,196754.0,0.0,5.29,10387.0,4286.0,5.27,4985.0,5.29,-7.77,3.48,64.45,64.45
sh600122,1.57,1.55,1.61,1.54,150798.0,0.64,1.56,2375.0,2702.0,1.56,2974.0,1.58,-1.02,6.19,18.18,18.18
sh600123,7.86,8.11,8.12,7.77,320089.0,-4.5,8.23,25238.0,478.0,7.84,782.0,7.86,16.4,0.82,89.79,89.79
sh600125,4.93,4.91,4.95,4.91,50040.0,-0.4,4.95,2468.0,667.0,4.92,611.0,4.94,17.08,1.04,64.36,64.36
sh600126,5.18,5.11,5.19,5.1,142905.0,1.17,5.12,7377.0,2120.0,5.17,666.0,5.19,12.96,0.9,174.94,174.94
sh600127,8.84,8.9,8.95,8.82,78054.0,-0.79,8.91,6914.0,563.0,8.83,969.0,8.85,231.83,7.57,56.73,56.73
sh600128,6.7,6.66,6.7,6.63,25154.0,0.45,6.67,1680.0,181.0,6.69,406.0,6.71,44.87,0.86,16.53,16.53
sh600129,21.19,19.82,21.78,19.76,147579.0,5.42,20.1,30979.0,42.0,21.17,70.0,21.19,96.87,3.62,118.01,118.01
sh600130,3.45,3.45,3.48,3.44,52299.0,-0.86,3.48,1807.0,1075.0,3.44,120.0,3.46,64.48,2.82,26.5,26.5
sh600131,12.77,12.89,12.95,12.7,44461.0,-0.85,12.88,5689.0,242.0,12.76,56.0,12.79,25.08,3.26,68.99,152.65
sh600132,198.65,195.6,199.85,191.6,41552.0,2.31,194.16,81672.0,1.0,198.5,8.0,198.65,78.0,109.17,961.41,961.41
sh600133,5.84,5.8,5.87,5.73,70838.0,0.34,5.82,4100.0,49.0,5.82,484.0,5.84,6.04,0.87,45.31,46.46
sh600135,6.67,6.42,6.7,6.42,70642.0,3.25,6.46,4671.0,770.0,6.66,958.0,6.68,77.0,1.43,28.53,36.91
sh600136,5.77,5.76,5.86,5.63,77249.0,-1.03,5.83,4444.0,484.0,5.75,43.0,5.77,-1.69,1.77,28.09,33.73
sh600137,14.53,14.47,14.71,14.47,13798.0,-0.62,14.62,2012.0,140.0,14.51,38.0,14.54,74.94,2.77,14.13,14.13
sh600138,10.44,10.49,10.54,10.42,60484.0,-0.85,10.53,6323.0,276.0,10.43,298.0,10.45,-75.95,1.21,75.57,75.57
sh600139,2.36,2.28,2.38,2.27,216683.0,0.85,2.34,5054.0,1155.0,2.35,4718.0,2.37,-6.71,13.15,15.62,15.62
sh600141,19.51,18.72,19.73,18.68,435406.0,4.78,18.62,84514.0,8.0,19.5,504.0,19.52,22.87,2.22,182.91,218.3
sh600143,20.09,20.01,20.2,19.91,357843.0,0.45,20.0,71757.0,1098.0,20.07,1643.0,20.09,9.92,3.68,517.04,517.04
sh600145,1.56,1.55,1.61,1.52,544570.0,1.96,1.53,8661.0,4483.0,1.55,494.0,1.57,-19.65,4.65,23.26,23.26
sh600146,2.42,2.33,2.55,2.33,516701.0,-1.22,2.45,12382.0,1641.0,2.4,6346.0,2.42,-2.78,2.66,11.37,11.37
sh600148,12.86,12.84,12.88,12.79,4984.0,0.23,12.83,640.0,101.0,12.84,59.0,12.86,29.1,3.67,18.2,18.2
sh600149,5.21,5.23,5.31,5.18,43154.0,-0.38,5.23,2260.0,204.0,5.2,76.0,5.22,213.32,11.8,19.81,19.81
sh600150,16.16,16.16,16.27,16.05,196997.0,-0.86,16.3,31779.0,355.0,16.15,522.0,16.17,179.09,1.57,394.84,722.74
sh600151,9.02,9.13,9.22,8.98,141520.0,-1.2,9.13,12874.0,514.0,9.0,1061.0,9.02,52.99,2.4,129.37,129.37
sh600152,8.32,8.14,8.5,8.06,159235.0,1.22,8.22,13278.0,356.0,8.3,599.0,8.32,50.46,2.4,33.99,34.25
sh600153,7.62,7.7,7.72,7.6,145589.0,-0.39,7.65,11104.0,357.0,7.61,1236.0,7.63,5.72,0.61,216.04,218.2
sh600155,9.79,9.79,9.94,9.73,117885.0,-0.61,9.85,11548.0,1761.0,9.78,706.0,9.8,25.62,1.14,170.3,170.3
sh600156,3.78,3.76,3.81,3.75,16591.0,-0.53,3.8,628.0,943.0,3.77,842.0,3.79,-92.78,2.3,15.2,15.2
sh600157,1.45,1.43,1.46,1.41,1735534.0,0.69,1.44,24898.0,23311.0,1.44,147149.0,1.46,6.91,0.77,322.16,322.16
sh600158,11.62,11.44,11.73,11.4,87662.0,1.13,11.49,10153.0,264.0,11.61,88.0,11.63,202.23,4.6,72.95,111.5
sh600159,2.56,2.56,2.6,2.54,57550.0,-0.78,2.58,1478.0,567.0,2.55,902.0,2.57,13.35,0.88,21.25,21.25
sh600160,10.03,9.6,10.2,9.5,811745.0,1.01,9.93,80684.0,2003.0,10.01,5550.0,10.03,280.3,2.21,270.78,270.78
sh600161,38.36,38.11,38.9,37.87,149252.0,-0.36,38.5,57372.0,70.0,38.35,4.0,38.38,79.95,6.58,481.2,526.75
sh600162,1.83,1.81,1.84,1.81,46705.0,0.55,1.82,853.0,485.0,1.82,11468.0,1.84,18.0,1.17,62.14,62.14
sh600163,4.81,4.84,4.86,4.79,52657.0,-0.62,4.84,2535.0,1973.0,4.8,69.0,4.82,14.02,2.19,48.07,81.26
sh600165,7.16,7.21,7.25,7.07,49793.0,-0.42,7.19,3549.0,26.0,7.14,314.0,7.16,221.41,5.11,49.04,49.04
sh600166,3.38,3.32,3.42,3.26,1344775.0,1.81,3.32,45187.0,12353.0,3.36,2656.0,3.38,27.07,1.4,222.24,222.24
sh600167,8.81,8.85,8.9,8.79,56767.0,-1.12,8.91,5006.0,762.0,8.8,27.0,8.82,13.54,2.17,201.58,201.58
sh600168,6.6,6.63,6.64,6.58,17145.0,-0.3,6.62,1131.0,175.0,6.59,324.0,6.61,15.55,0.87,46.83,46.83
sh600169,2.36,2.35,2.37,2.35,107760.0,0.0,2.36,2544.0,2778.0,2.35,12194.0,2.37,44.09,1.72,60.51,78.66
sh600170,2.77,2.77,2.78,2.76,104430.0,-0.36,2.78,2892.0,9349.0,2.76,34118.0,2.78,7.32,0.92,246.65,246.65
sh600171,32.2,30.39,32.54,28.93,1058928.0,1.0,31.88,326340.0,3.0,32.18,610.0,32.2,36.75,6.73,225.68,229.53
sh600172,7.94,7.6,8.08,7.46,1219052.0,-1.37,8.05,95620.0,3074.0,7.92,72.0,7.94,-12.44,3.55,97.2,114.51
sh600173,6.25,6.28,6.37,6.23,35491.0,-2.04,6.38,2225.0,151.0,6.24,126.0,6.27,8.43,1.38,43.78,43.81
sh600176,15.32,14.8,15.56,14.65,918720.0,1.86,15.04,140163.0,965.0,15.31,592.0,15.33,19.35,3.31,613.28,613.28
sh600177,6.69,6.71,6.72,6.67,48298.0,-0.15,6.7,3234.0,722.0,6.68,1.0,6.7,4.56,1.11,301.23,309.68
sh600178,7.43,7.35,7.43,7.31,44454.0,0.68,7.38,3281.0,2222.0,7.41,589.0,7.43,28.68,1.42,34.33,34.33
sh600179,4.12,4.13,4.13,4.09,34173.0,-0.24,4.13,1402.0,58.0,4.1,1413.0,4.12,12.33,2.96,146.88,179.81
sh600180,5.6,5.75,5.75,5.58,56815.0,-2.44,5.74,3207.0,675.0,5.59,154.0,5.61,23.99,0.91,56.92,56.92
sh600182,12.89,12.82,12.92,12.81,8152.0,0.31,12.85,1049.0,75.0,12.87,331.0,12.89,71.06,4.3,21.91,43.83
sh600183,24.0,23.92,24.16,23.63,299230.0,-0.12,24.03,71545.0,732.0,23.98,13.0,24.0,29.31,5.25,552.59,552.59
sh600184,10.4,10.27,10.46,10.25,29478.0,0.58,10.34,3062.0,92.0,10.39,191.0,10.41,61.38,2.21,52.91,52.91
sh600185,7.3,7.23,7.35,7.12,214456.0,0.0,7.3,15531.0,1585.0,7.28,327.0,7.3,20.58,1.74,150.46,150.46
sh600186,3.16,3.19,3.22,3.07,251422.0,-0.32,3.17,7891.0,173.0,3.14,2903.0,3.16,59.83,11.0,43.61,43.61
sh600187,2.3,2.31,2.32,2.29,58297.0,-0.86,2.32,1342.0,3869.0,2.29,10653.0,2.31,1271.21,1.11,38.04,38.04
sh600188,14.64,14.77,14.92,14.32,231917.0,-2.14,14.96,33674.0,34.0,14.62,67.0,14.64,9.34,1.38,435.42,713.58
sh600189,11.89,11.35,12.06,11.29,216304.0,4.02,11.43,25513.0,990.0,11.87,979.0,11.89,68.66,5.78,81.84,85.04
sh600190,2.79,2.8,2.81,2.78,11714.0,-0.71,2.81,327.0,2929.0,2.78,2768.0,2.8,29.27,0.86,49.65,55.86
sh600191,3.51,3.3,3.54,3.3,194895.0,4.15,3.37,6797.0,65.0,3.49,326.0,3.51,-14.7,1.01,17.02,17.02
sh600192,4.32,4.28,4.33,4.27,37064.0,0.7,4.29,1598.0,2215.0,4.3,802.0,4.32,-9.41,1.06,19.08,19.08
sh600193,9.88,9.74,10.14,9.74,46304.0,0.2,9.86,4577.0,567.0,9.87,1.0,9.89,64.09,14.06,42.03,42.03
sh600195,11.42,11.43,11.55,11.36,66255.0,-0.44,11.47,7580.0,30.0,11.41,351.0,11.43,25.65,2.56,115.98,115.98
sh600196,64.9,64.09,65.95,62.8,439809.0,-0.92,65.5,284770.0,693.0,64.89,33.0,64.91,42.29,4.41,1305.11,1663.32
sh600197,29.63,29.22,30.13,29.0,198267.0,1.2,29.28,58850.0,365.0,29.61,1171.0,29.63,30.07,3.89,139.83,139.83
sh600198,7.77,8.02,8.08,7.72,224914.0,-4.43,8.13,17572.0,1994.0,7.75,406.0,7.77,-5.18,-4.98,68.41,68.54
sh600199,15.88,15.67,16.12,15.53,294467.0,2.19,15.54,46898.0,918.0,15.86,566.0,15.88,222.39,3.67,96.31,104.46
sh600200,8.11,7.99,8.32,7.91,241511.0,0.87,8.04,19739.0,1618.0,8.09,112.0,8.11,-13.79,2.97,57.77,57.77
sh600201,17.95,17.96,18.11,17.63,206141.0,-1.48,18.22,36733.0,189.0,17.93,585.0,17.95,43.29,3.99,201.03,202.16
sh600202,3.92,3.89,3.95,3.87,49174.0,0.51,3.9,1929.0,769.0,3.91,648.0,3.93,29.56,2.11,15.03,15.03
sh600203,9.67,9.84,9.91,9.54,92731.0,-1.73,9.84,8961.0,1323.0,9.66,595.0,9.68,152.45,2.13,44.14,44.14
sh600206,14.86,13.88,15.0,13.73,618946.0,5.69,14.06,90169.0,909.0,14.84,1010.0,14.86,55.91,3.9,125.43,125.8
sh600207,7.68,7.51,7.77,7.43,199543.0,1.59,7.56,15251.0,1684.0,7.66,153.0,7.68,27.41,3.57,66.28,66.28
sh600208,3.01,3.01,3.03,2.99,277500.0,0.0,3.01,8344.0,5246.0,3.0,6152.0,3.02,7.32,0.68,258.8,258.84
sh600209,4.9,4.78,4.92,4.65,17157.0,0.2,4.89,833.0,30.0,4.88,67.0,4.9,-26.79,5.49,21.51,21.51
sh600210,4.86,4.81,4.87,4.77,68888.0,0.83,4.82,3317.0,847.0,4.84,1247.0,4.86,11.4,1.36,73.71,73.71
sh600211,59.39,57.76,59.9,57.57,37213.0,1.52,58.5,22079.0,12.0,59.38,156.0,59.4,32.96,5.63,147.25,147.25
sh600212,4.18,4.19,4.22,4.15,41140.0,-0.24,4.19,1718.0,263.0,4.17,964.0,4.19,145.87,8.4,21.39,21.39
sh600213,7.4,7.34,7.44,7.27,43592.0,0.41,7.37,3212.0,11.0,7.39,278.0,7.41,-13.54,86.85,16.28,16.28
sh600215,6.48,6.68,6.72,6.41,63726.0,-2.99,6.68,4157.0,232.0,6.47,563.0,6.49,26.64,1.22,30.13,30.13
sh600216,15.01,14.95,15.14,14.75,192135.0,-0.07,15.02,28699.0,339.0,15.0,591.0,15.02,17.33,1.82,144.87,144.87
sh600217,5.12,5.02,5.14,4.96,158562.0,3.85,4.93,7996.0,319.0,5.1,691.0,5.12,14.84,3.09,71.1,71.1
sh600218,8.5,8.5,8.5,8.4,31012.0,0.12,8.49,2624.0,457.0,8.48,399.0,8.5,15.23,1.42,31.34,31.34
sh600219,3.75,3.62,3.76,3.62,871169.0,1.63,3.69,32389.0,2778.0,3.73,25730.0,3.75,19.55,1.09,448.14,448.14
sh600220,2.14,2.14,2.15,2.14,69116.0,-0.93,2.16,1482.0,4701.0,2.12,1338.0,2.14,458.2,1.93,38.16,38.16
sh600221,2.12,2.13,2.14,2.11,993286.0,-1.4,2.15,21085.0,36537.0,2.11,19027.0,2.13,-0.59,-1.01,348.44,356.29
sh600222,5.94,6.05,6.12,5.92,104266.0,-1.33,6.02,6255.0,206.0,5.93,619.0,5.95,167.71,2.02,34.09,34.09
sh600223,15.14,15.14,15.28,14.85,179779.0,-0.13,15.16,27126.0,120.0,15.12,1016.0,15.14,23.08,5.02,152.79,152.79
sh600225,2.56,2.6,2.6,2.51,89118.0,-3.03,2.64,2265.0,948.0,2.54,107.0,2.56,-0.61,-0.63,23.88,23.95
sh600226,2.8,2.8,2.84,2.77,150667.0,0.0,2.8,4220.0,2696.0,2.79,1921.0,2.81,-10.23,3.39,87.61,87.61
sh600227,3.28,3.17,3.28,3.16,195710.0,2.5,3.2,6276.0,1443.0,3.27,1831.0,3.29,49.0,1.71,41.92,55.53
sh600228,8.55,8.29,8.81,8.22,32529.0,3.64,8.25,2788.0,107.0,8.53,223.0,8.55,-249.53,22.28,20.63,70.39
sh600229,6.12,6.08,6.13,6.06,8379.0,0.16,6.11,510.0,208.0,6.11,91.0,6.13,19.47,1.44,42.97,42.97
sh600230,13.19,12.88,13.54,12.73,252421.0,1.46,13.0,33409.0,302.0,13.18,448.0,13.2,33.59,1.49,54.32,55.21
sh600231,2.87,2.79,2.88,2.78,180070.0,1.77,2.82,5130.0,1724.0,2.86,2853.0,2.88,10.34,0.94,81.86,81.86
sh600232,5.01,4.95,5.04,4.94,19369.0,0.6,4.98,969.0,215.0,4.99,78.0,5.01,49.45,1.83,18.27,18.27
sh600233,10.1,9.76,10.22,9.74,181447.0,3.59,9.75,18306.0,1552.0,10.08,900.0,10.1,17.1,1.87,318.92,319.14
sh600234,13.63,13.45,13.97,13.0,10600.0,-0.73,13.73,1454.0,42.0,13.62,120.0,13.65,47.24,20.52,27.59,27.59
sh600235,5.14,5.16,5.19,5.11,36784.0,-0.77,5.18,1893.0,1657.0,5.12,2005.0,5.14,32.08,1.33,18.06,18.06
sh600236,5.39,5.6,5.6,5.38,147797.0,-3.75,5.6,8034.0,1351.0,5.38,2936.0,5.4,18.42,2.71,424.86,424.86
sh600237,6.15,6.2,6.27,6.1,259564.0,-0.97,6.21,16043.0,1968.0,6.14,648.0,6.16,114.99,3.1,34.71,34.71
sh600238,24.37,23.19,24.44,23.0,401094.0,3.75,23.49,95799.0,1871.0,24.35,947.0,24.37,203.94,19.55,108.45,109.23
sh600239,2.09,2.11,2.12,2.09,75026.0,-1.88,2.13,1576.0,2265.0,2.08,1112.0,2.1,-1.14,-3.92,33.56,33.56
sh600241,7.0,6.88,7.05,6.75,37028.0,1.89,6.87,2553.0,255.0,6.98,398.0,7.0,-327.2,2.04,20.6,20.6
sh600242,2.87,2.71,2.87,2.7,171210.0,5.13,2.73,4878.0,7989.0,2.86,0.0,0.0,50.39,2.54,12.95,13.11
sh600243,4.21,4.1,4.26,4.07,40967.0,3.44,4.07,1720.0,10.0,4.2,1171.0,4.22,35.63,1.63,18.48,18.48
sh600246,8.74,8.88,8.89,8.6,148408.0,-1.35,8.86,12990.0,190.0,8.73,6.0,8.76,748.87,2.61,179.52,179.52
sh600247,0.65,0.0,0.0,0.0,0.0,0.0,0.65,0.0,0.0,0.0,0.0,0.0,-2.49,-1.98,2.19,2.19
sh600248,4.28,4.31,4.32,4.25,57007.0,-1.15,4.33,2436.0,996.0,4.26,515.0,4.28,4.56,1.09,28.11,160.56
sh600249,4.86,4.86,4.87,4.83,28826.0,-0.21,4.87,1398.0,577.0,4.84,379.0,4.86,47.58,1.27,26.73,26.73
sh600250,4.88,4.8,5.05,4.78,54886.0,1.46,4.81,2687.0,72.0,4.87,386.0,4.89,942.16,1.74,13.18,15.16
sh600251,8.99,8.88,9.18,8.65,261783.0,2.74,8.75,23460.0,867.0,8.97,463.0,8.99,24.1,2.83,69.89,70.55
sh600252,3.54,3.45,3.61,3.41,1690663.0,-0.28,3.55,59453.0,10870.0,3.53,14719.0,3.55,20.93,1.89,123.02,123.02
sh600255,2.24,2.14,2.28,2.1,670635.0,5.16,2.13,14678.0,2001.0,2.23,21809.0,2.25,32.08,3.26,39.64,40.31
sh600256,3.4,3.38,3.41,3.31,859656.0,0.0,3.4,28884.0,2683.0,3.39,15434.0,3.41,12.22,1.3,229.64,229.64
sh600257,7.2,6.84,7.25,6.8,421606.0,4.05,6.92,30171.0,2468.0,7.18,5384.0,7.2,1201.69,3.0,34.65,34.65
sh600258,23.52,23.42,23.79,23.25,73015.0,-0.55,23.65,17162.0,288.0,23.51,155.0,23.53,-152.92,2.96,230.99,232.31
sh600259,38.04,35.38,39.0,34.77,292488.0,5.96,35.9,109038.0,31.0,38.02,544.0,38.04,133.06,6.53,114.81,114.81
sh600260,8.14,8.2,8.22,8.07,168478.0,-1.21,8.24,13705.0,2779.0,8.13,66.0,8.15,17.34,1.19,80.98,81.17
sh600261,4.03,3.9,4.03,3.88,167068.0,3.6,3.89,6624.0,421.0,4.01,1818.0,4.03,10.06,1.59,58.52,58.52
sh600262,13.74,13.92,13.92,13.72,11274.0,-1.01,13.88,1553.0,220.0,13.72,143.0,13.74,35.24,1.87,23.36,23.36
sh600265,18.82,20.02,20.02,18.43,11959.0,-1.41,19.09,2294.0,20.0,18.79,141.0,18.82,-157.42,127.25,24.43,24.43
sh600266,4.73,4.78,4.79,4.73,31508.0,-1.25,4.79,1497.0,925.0,4.72,764.0,4.74,5.8,0.49,106.73,106.73
sh600267,14.51,14.58,14.79,14.45,67067.0,-0.21,14.54,9765.0,30.0,14.49,502.0,14.51,27.61,2.6,140.1,169.6
sh600268,6.41,6.4,6.42,6.36,44730.0,-0.16,6.42,2859.0,1361.0,6.39,381.0,6.41,44.19,1.9,44.57,44.57
sh600269,3.34,3.35,3.36,3.34,30746.0,-0.6,3.36,1029.0,3914.0,3.33,4367.0,3.35,7.9,0.5,78.0,78.0
sh600271,12.72,12.68,12.8,12.55,78086.0,0.0,12.72,9894.0,417.0,12.71,491.0,12.73,13.51,1.89,235.69,235.69
sh600272,7.4,7.38,7.48,7.34,33012.0,-0.4,7.43,2442.0,32.0,7.39,304.0,7.42,140.92,3.47,11.84,17.98
sh600273,8.59,8.56,8.65,8.52,83026.0,-0.12,8.6,7118.0,453.0,8.57,194.0,8.59,8.79,1.57,123.07,123.07
sh600275,3.77,3.73,3.8,3.73,33984.0,0.8,3.74,1279.0,423.0,3.75,363.0,3.77,-77.35,48.71,19.18,19.18
sh600276,62.45,62.29,63.49,62.26,421310.0,0.63,62.06,264544.0,2062.0,62.44,110.0,62.46,61.38,12.41,3976.51,3995.22
sh600277,3.34,3.34,3.36,3.31,165554.0,-0.3,3.35,5517.0,1134.0,3.33,4983.0,3.35,16.69,0.58,91.48,91.48
sh600278,7.79,7.81,7.84,7.75,13675.0,-0.38,7.82,1066.0,279.0,7.77,635.0,7.79,22.05,1.01,52.89,67.65
sh600279,3.61,3.61,3.63,3.61,12638.0,-0.55,3.63,457.0,112.0,3.6,605.0,3.63,48.64,0.78,31.4,42.85
sh600280,3.32,3.31,3.37,3.3,32534.0,0.3,3.31,1082.0,1909.0,3.3,1285.0,3.32,22.48,3.92,37.79,37.79
sh600281,4.87,4.39,4.87,4.39,186732.0,9.93,4.43,8944.0,21968.0,4.86,0.0,0.0,54.64,4.73,25.05,25.05
sh600282,3.6,3.5,3.61,3.49,575482.0,2.27,3.52,20520.0,786.0,3.58,7175.0,3.6,6.59,0.96,160.54,221.67
sh600283,11.24,11.24,11.34,11.14,30028.0,-0.18,11.26,3366.0,105.0,11.23,135.0,11.25,24.0,1.96,39.68,39.68
sh600284,6.9,6.97,7.07,6.86,148212.0,-1.43,7.0,10280.0,949.0,6.89,340.0,6.91,13.92,1.05,66.95,66.95
sh600285,10.35,10.42,10.51,10.21,111105.0,-0.38,10.39,11515.0,4688.0,10.34,11.0,10.37,17.01,2.67,58.77,58.77
sh600287,5.37,5.37,5.39,5.33,9058.0,0.19,5.36,485.0,48.0,5.35,302.0,5.37,26.05,0.98,23.46,23.8
sh600288,12.18,12.15,12.54,11.57,121084.0,-2.48,12.49,14595.0,447.0,12.17,102.0,12.19,64.44,3.19,53.2,53.2
sh600289,3.55,3.57,3.59,3.5,27014.0,-1.11,3.59,956.0,898.0,3.53,161.0,3.55,-6.85,1.5,20.09,22.4
sh600290,2.46,2.35,2.46,2.3,323080.0,5.13,2.34,7782.0,141.0,2.45,0.0,0.0,26.99,1.67,18.69,18.69
sh600291,3.82,3.77,3.98,3.73,444282.0,-1.04,3.86,17095.0,1445.0,3.81,2517.0,3.83,-0.47,1.91,41.76,41.76
sh600292,8.68,8.69,8.9,8.63,161957.0,0.0,8.68,14128.0,2254.0,8.67,271.0,8.69,161.37,1.33,67.77,67.77
sh600293,3.22,3.2,3.22,3.1,258210.0,1.26,3.18,8203.0,1567.0,3.2,7986.0,3.22,-2.08,1.95,37.36,37.36
sh600295,18.94,18.14,19.26,18.11,125152.0,2.93,18.4,23398.0,297.0,18.93,444.0,18.95,12.85,2.05,123.59,270.45
sh600297,2.88,2.87,2.89,2.84,577665.0,-0.35,2.89,16541.0,40474.0,2.87,8627.0,2.89,9.11,0.58,233.58,233.58
sh600298,51.4,51.07,51.94,50.83,71950.0,0.41,51.19,37002.0,325.0,51.38,788.0,51.4,28.35,6.98,423.58,428.09
sh600299,11.61,11.7,11.78,11.57,33157.0,-1.02,11.73,3857.0,989.0,11.59,407.0,11.61,21.86,2.32,311.37,311.37
sh600300,3.48,3.48,3.53,3.43,241951.0,-1.42,3.53,8395.0,320.0,3.46,3946.0,3.48,14.27,2.02,58.19,58.19
sh600301,6.98,6.98,7.01,6.9,12781.0,-0.57,7.02,889.0,257.0,6.96,543.0,6.98,234.66,4.93,16.41,16.41
sh600302,4.25,4.2,4.26,4.18,14019.0,1.19,4.2,593.0,72.0,4.24,1026.0,4.26,10.78,1.24,14.71,14.71
sh600303,3.97,4.03,4.05,3.92,242624.0,-1.98,4.05,9640.0,957.0,3.96,2554.0,3.98,89.03,0.92,26.82,26.82
sh600305,19.07,19.25,19.54,19.03,90825.0,-1.29,19.32,17492.0,408.0,19.05,938.0,19.07,60.2,7.73,191.26,191.26
sh600306,11.58,11.11,11.58,11.11,8212.0,4.99,11.03,942.0,4253.0,11.57,0.0,0.0,-14.35,-8.23,20.55,20.63
sh600307,2.43,2.33,2.44,2.32,2072882.0,3.4,2.35,49526.0,6084.0,2.41,15578.0,2.43,11.96,1.19,152.2,152.2
sh600308,5.56,5.51,5.58,5.49,119881.0,0.91,5.51,6646.0,1986.0,5.55,2152.0,5.57,7.48,0.73,64.92,64.92
sh600309,118.9,117.0,119.15,115.77,281176.0,0.0,118.9,331416.0,154.0,118.88,34.0,118.91,24.42,7.35,1692.85,3733.16
sh600310,4.2,4.23,4.26,4.19,52490.0,-1.64,4.27,2209.0,363.0,4.19,522.0,4.21,30.45,2.24,34.77,43.53
sh600311,2.24,2.24,2.28,2.19,259864.0,-2.61,2.3,5791.0,4895.0,2.23,4149.0,2.25,-3.68,7.01,14.91,14.91
sh600312,5.76,5.8,5.82,5.73,44454.0,-0.35,5.78,2562.0,679.0,5.75,75.0,5.77,118.89,0.86,78.16,78.16
sh600313,4.55,4.57,4.63,4.52,249925.0,-1.52,4.62,11393.0,3277.0,4.54,3444.0,4.56,130.4,3.35,46.38,49.24
sh600315,55.94,55.7,56.56,55.03,45821.0,-0.11,56.0,25570.0,36.0,55.93,1.0,55.95,78.98,5.65,375.5,379.26
sh600316,34.92,33.44,35.69,33.34,217940.0,3.25,33.82,75592.0,286.0,34.91,502.0,34.93,140.42,4.86,250.42,250.42
sh600317,2.6,0.0,0.0,0.0,0.0,0.0,2.6,0.0,0.0,0.0,0.0,0.0,15.37,1.3,168.3,168.3
sh600318,7.39,7.21,7.45,7.2,91255.0,1.79,7.26,6684.0,873.0,7.38,972.0,7.4,-373.22,2.68,37.26,37.94
sh600319,5.65,5.59,5.78,5.59,14596.0,-0.35,5.67,832.0,75.0,5.64,35.0,5.67,-70.78,56.05,17.83,17.83
sh600320,3.3,3.27,3.32,3.26,148442.0,0.3,3.29,4879.0,809.0,3.29,1392.0,3.31,32.04,1.23,109.63,173.86
sh600321,2.11,2.12,2.12,2.09,119599.0,-0.47,2.12,2522.0,6416.0,2.1,7525.0,2.12,-4.27,1.67,31.87,31.87
sh600322,1.89,1.89,1.91,1.88,51407.0,-1.05,1.91,972.0,81.0,1.88,5482.0,1.9,-0.81,0.99,20.9,20.9
sh600323,21.12,21.05,21.13,20.91,61884.0,0.38,21.04,13014.0,31.0,21.11,508.0,21.13,14.8,2.06,172.2,172.2
sh600325,6.2,6.3,6.36,6.16,139544.0,-1.59,6.3,8697.0,1273.0,6.19,84.0,6.21,4.6,0.91,131.07,131.27
sh600326,6.89,6.86,6.92,6.84,62844.0,-0.14,6.9,4327.0,448.0,6.87,292.0,6.89,14.15,1.5,63.29,63.29
sh600327,7.67,7.59,7.75,7.34,254255.0,1.05,7.59,19228.0,1871.0,7.66,732.0,7.68,17.98,2.04,67.86,67.86
sh600328,13.58,13.35,13.75,13.26,323024.0,-0.66,13.67,43729.0,850.0,13.57,1536.0,13.59,17.39,1.99,76.0,130.05
sh600329,25.76,25.6,26.5,25.55,91019.0,-0.04,25.77,23621.0,2.0,25.75,84.0,25.77,28.28,3.44,145.77,199.29
sh600330,9.89,9.51,9.95,9.48,494867.0,2.7,9.63,48503.0,294.0,9.88,6851.0,9.9,25.47,2.15,98.56,98.56
sh600331,2.15,2.12,2.17,2.09,401252.0,1.42,2.12,8590.0,8950.0,2.13,22088.0,2.15,-1.99,50.95,43.69,43.69
sh600332,34.19,33.79,34.84,33.6,172486.0,0.62,33.98,59098.0,141.0,34.18,86.0,34.2,16.55,2.07,480.67,555.86
sh600333,4.69,4.67,4.71,4.66,28279.0,-0.21,4.7,1327.0,1837.0,4.67,11.0,4.69,59.07,1.36,28.56,28.56
sh600335,5.24,5.24,5.27,5.18,93339.0,-1.13,5.3,4877.0,577.0,5.23,252.0,5.25,17.41,0.74,53.96,76.34
sh600336,5.7,5.61,5.72,5.58,75062.0,1.6,5.61,4271.0,4478.0,5.68,334.0,5.7,14.46,1.97,44.68,45.5
sh600337,4.26,4.2,4.29,4.16,158917.0,1.67,4.19,6760.0,751.0,4.25,652.0,4.27,10.7,1.63,69.37,69.37
sh600338,16.06,15.0,16.29,14.9,723368.0,5.66,15.2,114379.0,670.0,16.05,336.0,16.07,118.08,6.38,146.82,146.82
sh600339,2.8,2.8,2.81,2.77,257387.0,-1.06,2.83,7196.0,13854.0,2.79,6629.0,2.81,11.14,0.63,156.33,156.33
sh600340,5.4,5.3,5.44,5.28,635756.0,0.75,5.36,34069.0,2922.0,5.38,5457.0,5.4,-7.28,0.51,210.24,211.34
sh600343,9.57,9.48,9.65,9.45,40619.0,0.42,9.53,3892.0,1877.0,9.56,765.0,9.58,177.71,2.85,61.08,61.08
sh600345,15.59,15.5,15.64,15.4,11072.0,0.58,15.5,1720.0,74.0,15.58,122.0,15.6,31.9,1.54,30.87,30.87
sh600346,26.43,26.46,26.66,25.8,635922.0,-2.11,27.0,166846.0,407.0,26.41,930.0,26.43,12.06,4.07,1860.43,1860.43
sh600348,7.24,7.26,7.27,7.07,421022.0,-1.5,7.35,30158.0,78.0,7.22,988.0,7.24,10.95,1.0,174.12,174.12
sh600350,6.15,6.14,6.17,6.11,42960.0,-0.32,6.17,2636.0,188.0,6.12,737.0,6.15,10.12,1.03,295.89,295.89
sh600351,5.65,5.72,5.78,5.61,141494.0,-1.91,5.76,8005.0,351.0,5.63,104.0,5.65,32.93,1.55,43.51,43.51
sh600352,13.24,13.19,13.3,13.15,223675.0,0.38,13.19,29564.0,273.0,13.22,923.0,13.24,10.59,1.54,430.74,430.74
sh600353,5.27,5.25,5.29,5.22,77536.0,-0.19,5.28,4066.0,1501.0,5.25,1364.0,5.27,46.78,2.53,28.65,28.65
sh600354,7.15,7.1,7.28,6.81,825387.0,-0.42,7.18,58128.0,2244.0,7.14,827.0,7.16,70.3,6.02,37.74,37.74
sh600355,2.95,2.98,2.99,2.91,300936.0,-1.99,3.01,8869.0,3399.0,2.93,2838.0,2.95,-52.46,5.6,14.52,14.52
sh600356,7.34,7.37,7.38,7.33,5611.0,-0.54,7.38,413.0,269.0,7.33,13.0,7.35,14.26,0.98,21.93,21.93
sh600358,3.45,3.42,3.47,3.41,14030.0,0.88,3.42,484.0,370.0,3.44,573.0,3.46,-934.54,11.19,17.42,17.42
sh600359,7.46,7.51,7.56,7.44,46480.0,-1.19,7.55,3473.0,467.0,7.45,10.0,7.47,56.24,5.51,28.46,28.46
sh600360,8.79,8.66,8.86,8.47,462691.0,-0.11,8.8,40283.0,906.0,8.78,3317.0,8.8,230.72,2.71,84.41,84.41
sh600361,3.53,3.52,3.54,3.49,12157.0,0.0,3.53,428.0,348.0,3.52,566.0,3.54,32.41,1.01,23.5,23.5
sh600362,23.42,22.8,23.59,22.66,348813.0,-0.47,23.53,80855.0,1497.0,23.41,1332.0,23.43,26.86,1.32,486.02,810.97
sh600363,27.14,27.8,27.8,26.5,129825.0,-2.97,27.97,35201.0,14.0,27.13,165.0,27.15,39.76,4.19,120.36,123.62
sh600365,5.39,5.39,5.39,5.39,58463.0,-4.94,5.67,3151.0,0.0,0.0,180080.0,5.39,-32.33,3.63,21.56,21.56
sh600366,7.29,6.96,7.35,6.88,656711.0,4.59,6.97,47080.0,2356.0,7.28,8521.0,7.3,26.75,1.66,72.11,72.11
sh600367,9.81,9.4,9.96,9.22,186527.0,5.83,9.27,17947.0,21.0,9.8,12.0,9.82,36.66,2.07,28.57,28.78
sh600368,3.42,3.46,3.47,3.42,52655.0,-1.16,3.46,1812.0,4551.0,3.41,2727.0,3.44,4.88,0.8,38.5,38.5
sh600369,4.67,4.66,4.7,4.65,222542.0,-0.21,4.68,10413.0,5482.0,4.66,2162.0,4.68,27.34,1.23,263.63,310.33
sh600370,3.11,3.04,3.18,3.01,89335.0,1.63,3.06,2778.0,670.0,3.1,468.0,3.12,16.19,2.06,24.79,113.74
sh600371,11.3,11.24,11.37,11.13,76333.0,-0.88,11.4,8585.0,118.0,11.28,122.0,11.3,60.39,6.53,33.06,33.06
sh600372,15.3,15.11,15.49,15.02,99198.0,0.99,15.15,15159.0,130.0,15.29,343.0,15.31,42.43,2.75,295.02,295.02
sh600373,9.79,9.8,9.84,9.76,36380.0,-0.1,9.8,3562.0,297.0,9.78,493.0,9.81,7.28,0.9,132.66,132.66
sh600375,12.47,12.11,12.81,11.6,818720.0,0.97,12.35,99635.0,1091.0,12.45,1036.0,12.47,-20.78,2.76,69.3,81.59
sh600376,5.24,5.33,5.33,5.24,91721.0,-2.06,5.35,4837.0,1269.0,5.22,1251.0,5.24,5.05,0.53,135.17,135.17
sh600377,9.74,9.77,9.82,9.67,55207.0,-0.81,9.82,5369.0,173.0,9.73,55.0,9.75,13.48,1.64,370.33,490.68
sh600378,22.08,21.4,22.73,21.4,95756.0,3.95,21.24,21292.0,118.0,22.07,55.0,22.09,28.7,3.18,78.74,202.97
sh600379,8.96,8.7,9.05,8.53,99589.0,1.36,8.84,8798.0,456.0,8.95,109.0,8.97,60.11,5.27,29.59,29.59
sh600380,12.95,12.87,13.0,12.8,107479.0,0.62,12.87,13891.0,1291.0,12.94,395.0,12.96,21.01,2.29,253.64,253.64
sh600381,8.95,8.14,8.95,8.1,229601.0,9.95,8.14,20126.0,35034.0,8.94,0.0,0.0,-16.92,2.55,52.54,52.54
sh600382,4.61,4.52,4.67,4.51,99818.0,0.22,4.6,4594.0,2195.0,4.59,1053.0,4.61,11.93,0.56,36.37,36.37
sh600383,10.74,10.8,10.89,10.67,216143.0,-1.29,10.88,23209.0,431.0,10.73,1.0,10.76,5.01,0.84,484.87,484.87
sh600385,6.5,6.69,6.69,6.23,18371.0,1.88,6.38,1192.0,30.0,6.47,18.0,6.55,-97.13,98.48,9.28,9.63
sh600386,3.47,3.51,3.52,3.45,49467.0,-1.42,3.52,1722.0,4174.0,3.45,135.0,3.47,22.49,1.56,27.98,27.98
sh600387,4.79,4.85,4.95,4.74,85340.0,-1.64,4.87,4121.0,979.0,4.78,278.0,4.8,35.84,0.7,19.35,22.42
sh600388,8.3,8.32,8.38,8.28,29361.0,-0.24,8.32,2442.0,170.0,8.29,123.0,8.31,11.43,1.51,88.73,88.73
sh600389,32.12,32.22,32.74,31.6,25329.0,-0.93,32.42,8187.0,220.0,32.11,12.0,32.13,26.94,4.89,95.4,95.4
sh600390,5.86,5.88,5.91,5.85,114512.0,-0.68,5.9,6727.0,2605.0,5.85,189.0,5.87,6.44,0.68,263.59,263.59
sh600391,19.39,19.0,19.59,18.79,94994.0,1.09,19.18,18339.0,166.0,19.37,320.0,19.39,-791.29,4.48,64.01,64.01
sh600392,20.77,18.51,20.77,18.28,2335104.0,10.01,18.88,471386.0,105169.0,20.76,0.0,0.0,58.49,4.47,364.55,364.55
sh600393,1.47,1.45,1.5,1.44,387601.0,0.68,1.46,5696.0,27896.0,1.45,11803.0,1.47,-3.38,0.74,14.53,37.28
sh600395,7.25,7.14,7.25,7.09,68145.0,0.55,7.21,4889.0,1035.0,7.23,846.0,7.25,12.82,1.66,119.99,119.99
sh600396,2.28,2.31,2.33,2.27,84822.0,-1.3,2.31,1949.0,4657.0,2.27,3584.0,2.29,-43.35,1.56,33.58,33.58
sh600397,2.68,2.69,2.69,2.66,94280.0,-1.11,2.71,2519.0,1760.0,2.67,3286.0,2.69,-15.62,4.38,26.53,26.53
sh600398,7.19,6.95,7.26,6.88,253943.0,3.16,6.97,17950.0,676.0,7.17,512.0,7.19,13.32,2.41,310.58,310.58
sh600399,19.36,18.3,19.36,18.18,706232.0,10.0,17.6,134408.0,10763.0,19.35,0.0,0.0,59.26,7.34,381.8,381.8
sh600400,2.88,2.87,2.89,2.87,37984.0,-0.35,2.89,1092.0,1617.0,2.87,9045.0,2.89,54.06,2.32,72.96,72.96
sh600403,3.54,3.48,3.57,3.48,83801.0,0.28,3.53,2953.0,191.0,3.53,7246.0,3.55,-9.02,1.32,84.63,84.63
sh600405,6.03,5.91,6.06,5.88,128499.0,1.52,5.94,7699.0,1333.0,6.02,2134.0,6.04,-87.22,3.37,33.36,33.6
sh600406,24.87,23.84,25.04,23.7,261790.0,4.28,23.85,64490.0,407.0,24.85,206.0,24.87,27.71,4.0,1370.79,1379.24
sh600408,3.69,3.68,3.7,3.65,137341.0,-1.6,3.75,5044.0,298.0,3.68,1165.0,3.7,6.22,1.33,37.15,37.15
sh600409,10.55,10.76,10.82,10.4,999979.0,-2.94,10.87,105639.0,921.0,10.53,202.0,10.55,14.29,1.86,217.79,217.79
sh600410,7.39,7.41,7.43,7.27,140179.0,-1.2,7.48,10304.0,189.0,7.37,281.0,7.39,-42.26,1.69,81.2,81.2
sh600415,4.95,5.01,5.03,4.92,363926.0,-1.59,5.03,18072.0,4664.0,4.93,11424.0,4.95,26.22,2.0,269.44,271.75
sh600416,14.0,13.2,14.15,13.08,122530.0,6.54,13.14,16792.0,1203.0,13.98,320.0,14.0,91.05,4.23,132.42,161.69
sh600418,11.56,11.0,11.69,10.9,1607500.0,1.58,11.38,183895.0,2024.0,11.55,3951.0,11.57,31.83,1.66,218.87,218.87
sh600419,12.78,12.75,12.81,12.67,21058.0,-0.93,12.9,2684.0,220.0,12.76,31.0,12.78,21.3,2.2,34.33,34.33
sh600420,9.59,9.6,9.68,9.56,46817.0,-0.52,9.64,4495.0,242.0,9.58,506.0,9.6,13.42,1.23,98.49,98.49
sh600421,13.5,0.0,0.0,0.0,0.0,0.0,13.5,0.0,0.0,0.0,0.0,0.0,276.43,75.93,26.41,26.41
sh600422,10.24,10.25,10.38,10.02,229682.0,-0.78,10.32,23436.0,162.0,10.22,147.0,10.24,13.87,1.74,77.38,77.65
sh600423,3.69,3.65,3.72,3.64,39656.0,0.82,3.66,1462.0,1133.0,3.67,631.0,3.69,121.22,7.28,29.47,29.47
sh600425,3.54,3.55,3.58,3.5,76037.0,-0.56,3.56,2692.0,1107.0,3.53,334.0,3.55,18.24,1.05,48.81,48.81
sh600426,34.65,35.0,36.35,33.81,741516.0,0.14,34.6,259135.0,6.0,34.63,116.0,34.65,24.88,4.3,730.83,732.73
sh600428,6.65,6.51,6.77,6.48,1331437.0,2.62,6.48,88280.0,956.0,6.64,6526.0,6.66,99.99,1.49,142.75,142.75
sh600429,4.72,4.75,4.78,4.7,32641.0,-0.63,4.75,1547.0,648.0,4.71,917.0,4.73,38.22,1.42,70.68,70.68
sh600433,5.52,5.51,5.59,5.44,135732.0,-1.08,5.58,7477.0,867.0,5.51,802.0,5.53,38.38,2.53,70.18,70.18
sh600435,7.81,7.74,7.83,7.72,80516.0,0.39,7.78,6265.0,632.0,7.79,748.0,7.81,146.67,5.32,116.32,116.32
sh600436,445.9,433.5,450.46,431.52,51050.0,-0.02,446.0,226551.0,1.0,445.88,122.0,445.9,152.07,34.11,2690.19,2690.19
sh600438,42.3,40.45,42.75,39.86,1179014.0,4.24,40.58,492005.0,741.0,42.29,2093.0,42.31,46.32,6.33,1904.15,1904.15
sh600439,3.39,3.33,3.48,3.32,310186.0,1.19,3.35,10535.0,1455.0,3.38,5668.0,3.4,92.78,1.38,38.37,38.37
sh600444,11.17,9.86,11.17,9.86,80988.0,10.05,10.15,8842.0,16761.0,11.16,0.0,0.0,34.19,2.64,16.36,16.36
sh600446,13.94,13.92,14.02,13.8,53251.0,-0.5,14.01,7406.0,65.0,13.93,89.0,13.95,27.52,4.05,119.24,131.25
sh600448,3.23,3.22,3.24,3.22,44641.0,-0.31,3.24,1442.0,4319.0,3.22,3124.0,3.24,145.83,1.42,20.34,20.34
sh600449,11.39,11.37,11.46,11.32,18929.0,-0.35,11.43,2157.0,494.0,11.37,169.0,11.39,5.54,0.91,54.46,54.46
sh600452,14.16,14.37,14.42,14.15,54064.0,-1.32,14.35,7694.0,1036.0,14.14,125.0,14.16,19.4,4.19,87.04,87.04
sh600455,18.04,18.27,18.27,17.99,3416.0,-0.22,18.08,617.0,27.0,18.02,5.0,18.04,44.85,6.27,11.27,11.27
sh600456,41.17,39.61,41.43,39.19,52887.0,3.6,39.74,21543.0,243.0,41.16,39.0,41.18,47.1,3.24,177.14,196.7
sh600458,8.12,8.12,8.13,8.06,47219.0,0.37,8.09,3822.0,1682.0,8.1,706.0,8.12,16.55,1.37,65.19,65.19
sh600459,25.19,23.91,25.27,23.72,181205.0,4.26,24.16,44843.0,395.0,25.17,850.0,25.19,39.69,3.98,143.34,143.34
sh600460,59.16,57.0,59.4,54.16,1057373.0,-0.55,59.49,603241.0,216.0,59.14,1839.0,59.16,324.66,21.56,776.22,776.22
sh600461,7.47,7.4,7.5,7.35,80962.0,1.08,7.39,6009.0,136.0,7.45,147.0,7.47,9.81,1.32,68.02,70.82
sh600462,2.99,2.85,2.99,2.84,150621.0,4.91,2.85,4439.0,14735.0,2.98,0.0,0.0,87.77,52.73,15.96,17.46
sh600463,5.93,5.94,5.95,5.86,8523.0,0.68,5.89,504.0,99.0,5.92,172.0,5.94,135.48,1.44,17.79,17.79
sh600466,2.82,2.87,2.9,2.8,539885.0,-3.42,2.92,15267.0,9380.0,2.8,285.0,2.82,2.56,0.51,85.59,85.59
sh600467,2.66,2.66,2.68,2.65,172208.0,-0.37,2.67,4588.0,6283.0,2.64,300.0,2.66,62.05,1.19,38.86,38.86
sh600468,4.01,4.0,4.02,3.98,30102.0,0.0,4.01,1205.0,3531.0,4.0,1652.0,4.02,37.98,2.45,44.99,44.99
sh600469,5.08,5.04,5.11,5.04,35185.0,0.0,5.08,1784.0,71.0,5.07,1007.0,5.09,17.86,1.27,28.57,37.14
sh600470,5.18,4.85,5.27,4.84,623702.0,5.07,4.93,31815.0,1822.0,5.17,659.0,5.19,11.95,1.89,27.02,27.02
sh600475,9.97,9.49,10.0,9.49,28290.0,-0.99,10.07,2788.0,88.0,9.95,256.0,9.97,11.26,0.98,70.44,72.46
sh600476,10.31,10.35,10.48,10.05,12778.0,-0.67,10.38,1323.0,17.0,10.3,10.0,10.32,114.52,10.75,16.61,16.61
sh600477,3.51,3.53,3.53,3.5,60523.0,-0.28,3.52,2123.0,7782.0,3.49,78.0,3.51,12.67,1.93,75.59,75.6
sh600478,5.78,5.74,5.84,5.65,417562.0,0.0,5.78,23986.0,1776.0,5.76,1965.0,5.78,89.87,3.73,92.72,95.56
sh600479,8.65,8.61,8.71,8.61,52182.0,-0.69,8.71,4517.0,54.0,8.63,209.0,8.65,12.18,1.92,36.2,36.2
sh600480,9.29,9.24,9.34,9.1,55788.0,0.76,9.22,5132.0,135.0,9.27,393.0,9.29,24.56,1.48,70.93,70.93
sh600481,6.51,6.23,6.57,6.14,524486.0,5.85,6.15,33628.0,2413.0,6.49,419.0,6.51,55.02,4.77,105.93,105.93
sh600482,16.9,16.89,17.05,16.88,25229.0,-0.35,16.96,4280.0,931.0,16.89,139.0,16.91,50.43,1.02,342.64,365.16
sh600483,10.43,10.73,10.8,10.39,152139.0,-1.97,10.64,15975.0,33.0,10.42,53.0,10.44,10.07,1.18,173.16,194.91
sh600485,1.39,0.0,0.0,0.0,0.0,0.0,1.39,0.0,0.0,0.0,0.0,0.0,-1.14,-0.27,26.34,40.64
sh600486,113.0,113.24,115.5,112.28,20071.0,-1.08,114.23,22820.0,71.0,112.97,1.0,113.07,28.99,5.51,350.19,350.19
sh600487,11.83,11.5,11.98,11.49,420279.0,3.05,11.48,49494.0,1352.0,11.81,1068.0,11.83,25.58,1.39,269.9,279.45
sh600488,4.53,4.53,4.57,4.51,21218.0,-0.44,4.55,960.0,585.0,4.51,83.0,4.53,262.14,1.66,49.46,49.87
sh600489,8.82,8.81,8.85,8.73,288081.0,-0.79,8.89,25316.0,1325.0,8.81,2721.0,8.83,22.78,1.72,384.79,427.53
sh600490,4.0,3.9,4.04,3.87,386030.0,1.78,3.93,15389.0,5408.0,3.99,1645.0,4.01,15.86,1.34,79.7,88.52
sh600491,5.12,5.16,5.2,5.11,103729.0,-1.54,5.2,5328.0,3304.0,5.11,230.0,5.14,9.63,0.68,78.32,78.32
sh600493,5.0,5.0,5.05,4.97,18088.0,0.0,5.0,905.0,96.0,4.99,173.0,5.01,41.28,1.76,13.6,13.6
sh600495,3.63,3.62,3.64,3.62,34124.0,0.0,3.63,1237.0,2819.0,3.61,368.0,3.63,299.01,1.37,43.86,43.86
sh600496,3.96,4.0,4.0,3.93,229323.0,-1.25,4.01,9070.0,1358.0,3.95,5637.0,3.97,12.2,1.15,79.71,79.71
sh600497,4.5,4.39,4.52,4.37,503499.0,1.81,4.42,22464.0,5586.0,4.48,13993.0,4.5,34.48,1.53,229.11,229.11
sh600498,17.69,17.69,17.74,17.56,63455.0,-0.45,17.77,11202.0,196.0,17.68,309.0,17.7,62.04,1.86,200.17,200.17
sh600499,16.69,16.4,17.05,16.02,806271.0,2.77,16.24,134775.0,701.0,16.68,1423.0,16.7,70.86,5.27,263.24,315.18
sh600500,7.64,7.59,7.66,7.47,275463.0,0.26,7.62,20857.0,1530.0,7.62,3737.0,7.64,35.22,1.77,206.88,211.32
sh600501,8.81,8.76,8.85,8.76,22596.0,0.11,8.8,1992.0,476.0,8.79,34.0,8.81,48.99,1.73,37.12,37.12
sh600502,3.87,3.89,3.91,3.85,96128.0,-1.02,3.91,3716.0,94.0,3.86,582.0,3.88,6.4,0.91,66.61,66.61
sh600503,3.64,3.57,3.75,3.53,419509.0,0.83,3.61,15326.0,780.0,3.63,5413.0,3.65,39.54,1.49,58.32,58.32
sh600505,7.44,7.5,7.55,7.35,83556.0,-1.98,7.59,6216.0,125.0,7.43,560.0,7.45,53.74,2.29,27.12,27.12
sh600506,8.22,8.09,8.3,8.08,14800.0,0.37,8.19,1214.0,124.0,8.19,237.0,8.22,1781.08,4.39,12.14,12.14
sh600507,6.81,6.72,6.82,6.69,218342.0,1.19,6.73,14752.0,2093.0,6.79,836.0,6.81,6.06,2.02,146.82,146.82
sh600508,9.3,9.31,9.35,9.26,26379.0,-0.85,9.38,2453.0,54.0,9.29,11.0,9.33,10.63,0.65,67.21,67.21
sh600509,7.18,7.18,7.27,7.13,248423.0,-1.24,7.27,17861.0,8931.0,7.17,1660.0,7.19,82.07,1.36,82.67,82.67
sh600510,6.76,6.84,6.85,6.68,39796.0,-1.31,6.85,2678.0,460.0,6.74,171.0,6.76,8.89,0.77,68.77,70.78
sh600511,30.83,30.4,30.95,30.38,41673.0,0.36,30.72,12836.0,403.0,30.82,48.0,30.84,16.06,2.05,170.6,232.61
sh600512,3.07,3.08,3.1,3.06,132984.0,-0.32,3.08,4087.0,3822.0,3.06,2578.0,3.08,4.74,0.87,49.09,49.09
sh600513,8.87,8.86,8.91,8.83,22034.0,-0.22,8.89,1952.0,286.0,8.85,449.0,8.87,23.37,2.4,25.32,25.54
sh600515,10.62,10.2,10.64,10.05,306810.0,4.84,10.13,32106.0,1380.0,10.59,51.0,10.62,-5.49,6.05,176.11,414.99
sh600516,7.8,7.57,7.81,7.5,788240.0,2.77,7.59,60894.0,2966.0,7.78,8323.0,7.8,49.19,2.15,296.87,296.87
sh600517,6.58,6.55,6.66,6.49,237157.0,-0.75,6.63,15657.0,1644.0,6.56,238.0,6.58,32.34,2.2,125.0,376.27
sh600518,2.97,2.96,3.0,2.96,221842.0,-0.67,2.99,6592.0,1994.0,2.96,6145.0,2.98,-0.53,-1.37,130.94,147.72
sh600519,2004.0,2010.0,2028.88,1999.01,28122.0,-0.44,2012.9,565821.0,64.0,2003.99,4.0,2004.01,52.93,16.67,25174.2,25174.2
sh600520,8.03,8.04,8.15,7.95,38317.0,-0.12,8.04,3078.0,235.0,8.01,47.0,8.03,97.73,3.43,12.72,12.72
sh600521,20.04,20.0,20.17,19.7,105667.0,-0.05,20.05,21094.0,1071.0,20.03,63.0,20.05,30.23,4.68,291.5,291.5
sh600522,9.94,9.81,9.95,9.78,271070.0,1.33,9.81,26868.0,3619.0,9.92,3255.0,9.94,12.63,1.32,304.78,304.78
sh600523,13.9,13.77,14.01,13.71,20728.0,0.94,13.77,2876.0,181.0,13.86,99.0,13.9,30.77,2.18,56.16,56.2
sh600525,6.4,6.35,6.6,6.31,201844.0,0.79,6.35,13002.0,74.0,6.39,660.0,6.41,39.18,1.94,83.57,83.57
sh600526,6.38,6.52,6.53,6.36,96493.0,-1.39,6.47,6179.0,3742.0,6.36,696.0,6.38,69.92,1.71,34.92,34.92
sh600527,2.42,2.42,2.43,2.4,170681.0,0.0,2.42,4118.0,4653.0,2.4,8038.0,2.42,17.62,1.7,41.91,41.91
sh600528,7.97,8.03,8.04,7.97,67575.0,-0.87,8.04,5399.0,1427.0,7.96,170.0,7.99,8.96,0.93,177.06,177.06
sh600529,31.43,31.9,32.27,31.39,121723.0,-1.75,31.99,38597.0,285.0,31.42,34.0,31.44,31.98,4.23,187.0,187.0
sh600530,3.65,3.62,3.7,3.59,137800.0,0.27,3.64,5004.0,1693.0,3.63,1764.0,3.65,31.33,3.34,28.47,28.47
sh600531,5.4,5.27,5.41,5.24,183771.0,1.12,5.34,9825.0,2257.0,5.38,6093.0,5.4,13.44,1.58,58.87,58.87
sh600532,16.36,16.26,16.48,16.14,9382.0,0.31,16.31,1532.0,14.0,16.33,133.0,16.36,429.19,4.47,84.43,84.43
sh600533,3.09,3.1,3.12,3.08,56635.0,-0.32,3.1,1756.0,1074.0,3.08,50.0,3.1,7.23,0.74,32.45,32.45
sh600535,14.07,14.14,14.19,14.01,151338.0,-1.12,14.23,21308.0,189.0,14.06,156.0,14.08,18.44,1.81,212.83,212.83
sh600536,56.03,55.19,56.3,54.46,89284.0,0.23,55.9,49606.0,499.0,56.02,26.0,56.04,383.63,12.99,277.1,277.1
sh600537,4.37,4.34,4.42,4.3,137327.0,0.23,4.36,5994.0,3250.0,4.36,1536.0,4.38,-7.61,1.82,51.41,51.41
sh600538,7.12,7.0,7.2,6.87,113543.0,1.71,7.0,7940.0,161.0,7.11,187.0,7.13,568.14,4.32,33.07,36.44
sh600539,7.41,7.3,7.54,7.27,24930.0,0.82,7.35,1852.0,193.0,7.4,743.0,7.42,143.8,4.01,17.04,17.04
sh600540,5.0,4.96,5.1,4.95,115728.0,-0.79,5.04,5779.0,49.0,4.99,802.0,5.01,185.59,3.45,23.55,23.55
sh600543,8.16,8.1,8.4,8.06,131427.0,0.49,8.12,10812.0,649.0,8.15,157.0,8.17,802.0,2.25,26.2,26.2
sh600545,3.08,3.05,3.09,3.05,69639.0,0.33,3.07,2138.0,1516.0,3.06,785.0,3.08,-11.77,1.51,58.38,58.38
sh600546,7.21,7.05,7.26,6.91,513565.0,1.41,7.11,36459.0,1077.0,7.2,1884.0,7.22,15.2,1.93,142.94,142.94
sh600547,19.47,19.44,19.5,19.36,124284.0,-0.56,19.58,24132.0,335.0,19.45,803.0,19.47,63.33,3.26,688.56,870.98
sh600548,8.66,8.71,8.76,8.63,23028.0,-0.92,8.74,1998.0,38.0,8.65,7.0,8.67,6.92,1.02,124.12,188.85
sh600549,23.93,21.21,23.93,21.0,1008862.0,10.02,21.75,229464.0,14744.0,23.92,0.0,0.0,39.93,4.4,336.47,339.44
sh600550,4.04,4.03,4.05,4.0,40862.0,0.0,4.04,1645.0,734.0,4.03,3620.0,4.05,217.87,12.04,62.0,74.4
sh600551,7.33,7.31,7.35,7.29,8095.0,0.0,7.33,592.0,804.0,7.32,87.0,7.34,13.19,0.78,37.08,37.08
sh600552,6.88,6.78,6.9,6.73,80423.0,0.88,6.82,5512.0,427.0,6.86,943.0,6.88,41.03,2.09,52.56,52.56
sh600555,1.59,1.58,1.6,1.58,34024.0,0.0,1.59,542.0,4329.0,1.58,8552.0,1.6,-10.01,2.51,15.48,20.73
sh600556,10.27,10.0,10.36,9.93,64114.0,2.8,9.99,6484.0,262.0,10.25,706.0,10.27,57.56,5.53,48.89,185.66
sh600557,11.6,11.54,11.66,11.46,49417.0,0.17,11.58,5715.0,395.0,11.58,716.0,11.6,25.79,1.64,68.77,68.77
sh600558,3.17,3.16,3.21,3.15,82603.0,0.0,3.17,2633.0,1093.0,3.16,1004.0,3.18,20.4,1.33,28.45,28.45
sh600559,26.19,25.0,26.78,24.96,553683.0,3.97,25.19,145470.0,181.0,26.18,2316.0,26.2,77.55,6.94,235.0,235.0
sh600560,9.14,9.08,9.17,9.06,18513.0,0.11,9.13,1687.0,5.0,9.12,570.0,9.14,45.39,2.53,20.44,20.44
sh600561,4.21,4.22,4.27,4.16,29411.0,-0.71,4.24,1244.0,661.0,4.2,550.0,4.22,-6.96,1.12,9.98,11.98
sh600562,14.71,14.69,14.79,14.57,37283.0,-0.14,14.73,5475.0,139.0,14.69,186.0,14.71,34.18,4.16,97.19,182.68
sh600563,156.51,148.0,156.96,144.58,37920.0,5.12,148.89,57842.0,79.0,156.35,2.0,156.57,56.07,12.72,352.15,352.15
sh600565,2.55,2.59,2.59,2.54,97904.0,-1.16,2.58,2508.0,2405.0,2.54,2397.0,2.56,3.6,0.61,62.03,65.22
sh600566,17.11,17.3,17.3,16.86,76323.0,-2.89,17.62,13040.0,230.0,17.1,141.0,17.12,12.14,1.97,151.98,151.98
sh600567,3.36,3.39,3.42,3.32,681585.0,-0.59,3.38,22958.0,2264.0,3.35,166.0,3.37,9.55,1.01,155.1,155.1
sh600568,2.07,2.07,2.09,2.06,75105.0,-0.48,2.08,1559.0,630.0,2.06,375.0,2.08,1279.71,1.09,34.55,41.25
sh600569,3.07,2.98,3.1,2.98,442974.0,1.99,3.01,13530.0,5404.0,3.06,3848.0,3.08,11.26,0.87,73.49,88.18
sh600570,84.38,85.39,85.5,83.89,123979.0,-0.99,85.22,104576.0,139.0,84.37,20.0,84.39,57.38,21.81,881.0,881.0
sh600571,7.2,7.18,7.21,7.15,24793.0,-0.14,7.21,1778.0,202.0,7.19,761.0,7.21,26.35,3.26,31.01,31.63
sh600572,4.35,4.32,4.39,4.31,179302.0,0.0,4.35,7803.0,5500.0,4.34,1775.0,4.36,36.39,2.28,115.74,116.03
sh600573,10.1,10.06,10.31,9.99,63342.0,-0.2,10.12,6438.0,960.0,10.08,521.0,10.1,79.45,2.19,25.25,25.25
sh600575,2.14,2.13,2.14,2.13,102080.0,0.0,2.14,2178.0,22265.0,2.12,16067.0,2.14,14.14,0.84,83.17,83.17
sh600576,5.12,5.09,5.28,5.07,61656.0,0.59,5.09,3191.0,1004.0,5.1,54.0,5.12,172.13,3.08,31.71,31.71
sh600577,7.6,6.96,7.68,6.88,1031853.0,7.95,7.04,74915.0,119.0,7.58,6899.0,7.6,31.71,3.89,148.1,148.1
sh600578,2.94,2.95,2.95,2.92,115429.0,-0.68,2.96,3387.0,9725.0,2.92,3834.0,2.94,19.85,0.81,196.32,196.32
sh600579,6.66,6.56,6.77,6.5,93558.0,0.15,6.65,6190.0,484.0,6.65,167.0,6.67,-22.15,0.96,27.27,48.9
sh600580,12.75,12.29,12.86,12.1,340908.0,3.16,12.36,43022.0,51.0,12.74,388.0,12.76,18.53,2.16,167.7,167.7
sh600581,6.34,6.19,6.48,6.13,1249467.0,3.59,6.12,78613.0,5902.0,6.32,1087.0,6.34,13.87,2.07,97.19,97.19
sh600582,4.92,4.83,5.22,4.8,1573045.0,1.23,4.86,78749.0,2732.0,4.91,7906.0,4.93,13.19,1.11,203.62,203.62
sh600583,4.48,4.45,4.49,4.44,165080.0,-0.88,4.52,7363.0,2074.0,4.46,1126.0,4.48,25.14,0.88,198.08,198.08
sh600584,40.52,39.62,40.92,39.21,778210.0,0.3,40.4,312207.0,4091.0,40.51,664.0,40.53,46.32,3.84,551.01,721.07
sh600585,40.5,40.45,40.71,40.11,141925.0,-0.34,40.64,57304.0,1559.0,40.49,305.0,40.51,5.96,1.37,1619.88,2146.22
sh600586,9.11,8.89,9.43,8.64,1358179.0,0.33,9.08,123676.0,5758.0,9.09,1130.0,9.11,19.82,2.77,130.16,130.16
sh600587,24.66,22.2,24.66,22.03,153411.0,9.99,22.42,37038.0,26836.0,24.65,0.0,0.0,28.87,2.21,99.49,100.23
sh600588,31.49,31.17,31.64,31.07,86237.0,0.74,31.26,27086.0,218.0,31.48,489.0,31.5,84.87,16.52,1023.77,1029.89
sh600589,2.39,2.23,2.39,2.23,255288.0,4.82,2.28,5999.0,4640.0,2.38,0.0,0.0,-1.36,1.29,16.83,16.83
sh600590,6.7,6.8,6.82,6.68,131065.0,-1.76,6.82,8844.0,737.0,6.69,288.0,6.71,56.37,1.45,56.61,57.54
sh600592,9.32,9.38,9.44,9.31,20009.0,-1.38,9.45,1873.0,721.0,9.31,121.0,9.33,18.29,1.83,37.24,37.24
sh600593,19.8,20.76,20.79,19.8,42501.0,-4.9,20.82,8603.0,11.0,19.78,38.0,19.8,-37.83,5.68,25.5,25.5
sh600594,5.73,5.72,5.75,5.68,74626.0,-0.17,5.74,4263.0,245.0,5.72,1268.0,5.74,18.91,1.36,45.38,45.38
sh600595,3.61,3.56,3.64,3.53,63734.0,1.12,3.57,2291.0,446.0,3.6,2765.0,3.62,-4.66,3.91,70.8,70.8
sh600596,18.68,18.0,18.85,17.66,590745.0,4.01,17.96,108387.0,59.0,18.66,878.0,18.68,18.12,2.32,137.33,152.88
sh600597,14.12,14.18,14.38,14.08,94494.0,-0.77,14.23,13409.0,315.0,14.11,110.0,14.13,27.46,2.85,172.87,172.9
sh600598,14.93,15.0,15.17,14.85,139081.0,-1.39,15.14,20752.0,302.0,14.92,598.0,14.94,26.85,4.01,265.41,265.41
sh600599,7.25,7.26,7.35,7.09,48009.0,-2.03,7.4,3455.0,206.0,7.23,85.0,7.26,17.4,1.85,12.04,12.04
sh600600,106.48,105.21,107.0,103.0,59148.0,0.35,106.11,62217.0,49.0,106.46,31.0,106.48,54.09,6.69,741.01,1452.89
sh600601,3.07,3.11,3.16,3.05,214529.0,-2.85,3.16,6637.0,2233.0,3.06,3841.0,3.08,-6.91,11.39,67.38,67.38
sh600602,5.74,5.77,5.8,5.72,34492.0,-0.86,5.79,1984.0,276.0,5.73,76.0,5.75,29.98,1.81,61.66,78.5
sh600603,4.06,4.08,4.09,4.05,21426.0,-0.73,4.09,871.0,339.0,4.05,495.0,4.07,6.04,0.78,50.72,51.04
sh600604,5.7,5.72,5.75,5.66,58695.0,-1.21,5.77,3341.0,895.0,5.69,98.0,5.71,-206.28,1.68,80.22,106.78
sh600605,8.2,8.29,8.3,8.16,5327.0,-1.2,8.3,439.0,183.0,8.19,438.0,8.22,37.37,2.16,16.92,16.92
sh600606,5.41,5.43,5.46,5.38,162792.0,-0.92,5.46,8805.0,64.0,5.4,133.0,5.42,4.31,0.72,658.3,658.3
sh600608,7.38,7.31,7.59,7.12,30235.0,1.93,7.24,2242.0,893.0,7.37,204.0,7.39,2550.68,38.92,23.5,24.27
sh600609,5.07,5.06,5.14,5.05,53622.0,-0.39,5.09,2728.0,1583.0,5.06,298.0,5.08,-16.04,11.0,55.4,66.48
sh600610,12.05,11.9,12.17,11.69,65813.0,0.42,12.0,7854.0,30.0,12.02,957.0,12.05,203.73,114.43,54.07,129.09
sh600611,3.45,3.46,3.48,3.44,173254.0,-1.43,3.5,5979.0,6360.0,3.44,1519.0,3.46,13.11,0.89,53.93,81.56
sh600612,52.32,52.1,52.88,51.81,9506.0,-0.36,52.51,4972.0,2.0,52.3,6.0,52.35,14.69,3.17,165.91,273.7
sh600613,5.49,5.49,5.58,5.46,62379.0,0.0,5.49,3436.0,539.0,5.48,124.0,5.5,-8.94,1.28,26.31,29.32
sh600614,0.22,0.22,0.23,0.22,218209.0,0.0,0.22,487.0,141899.0,0.21,131024.0,0.23,-2.67,45.83,3.33,3.86
sh600615,7.43,7.52,7.52,7.37,5060.0,-2.24,7.6,377.0,3.0,7.41,382.0,7.43,-956.53,2.22,13.94,13.97
sh600616,8.39,8.28,8.59,8.25,239147.0,0.48,8.35,20228.0,939.0,8.37,1641.0,8.39,330.26,2.89,56.13,56.13
sh600617,4.03,4.01,4.04,3.99,24393.0,0.25,4.02,978.0,797.0,4.01,1705.0,4.03,-8.69,1.35,39.29,55.53
sh600618,9.25,9.06,9.29,9.0,121442.0,1.09,9.15,11126.0,312.0,9.24,336.0,9.26,12.38,1.95,69.36,106.97
sh600619,12.36,11.82,12.49,11.79,151118.0,4.13,11.87,18553.0,527.0,12.34,413.0,12.36,63.86,2.48,71.95,109.18
sh600620,7.17,7.13,7.21,7.1,18817.0,-0.14,7.18,1346.0,644.0,7.16,37.0,7.19,45.45,2.12,49.23,49.23
sh600621,14.77,14.74,14.88,14.74,80976.0,0.14,14.75,11974.0,121.0,14.76,46.0,14.78,22.73,2.29,156.69,156.69
sh600622,3.03,3.03,3.05,3.03,43934.0,-0.33,3.04,1333.0,5974.0,3.02,4872.0,3.04,12.66,0.68,45.44,45.44
sh600623,8.31,8.3,8.4,8.26,117795.0,-0.6,8.36,9804.0,508.0,8.3,34.0,8.32,14.34,0.92,154.75,177.03
sh600624,7.38,7.39,7.43,7.32,37102.0,-0.14,7.39,2734.0,121.0,7.36,294.0,7.38,-78.63,4.58,50.53,50.53
sh600626,4.23,4.21,4.25,4.2,27510.0,-0.47,4.25,1161.0,586.0,4.21,687.0,4.23,-5.52,1.33,34.19,36.05
sh600628,7.94,7.92,7.95,7.89,6673.0,0.25,7.92,528.0,36.0,7.92,178.0,7.94,47.45,1.18,51.36,51.36
sh600629,7.24,7.27,7.27,7.2,6385.0,-0.55,7.28,462.0,20.0,7.22,4.0,7.24,18.25,1.28,37.91,38.27
sh600630,5.71,5.75,5.78,5.67,44726.0,-1.04,5.77,2557.0,613.0,5.69,393.0,5.71,-13.12,1.58,24.26,24.26
sh600633,7.15,7.17,7.17,7.12,40148.0,0.0,7.15,2867.0,56.0,7.14,836.0,7.16,19.23,1.1,93.09,93.09
sh600634,0.29,0.29,0.3,0.28,135253.0,-3.33,0.3,396.0,1517.0,0.28,15622.0,0.3,-0.1,-0.04,1.67,1.67
sh600635,3.53,3.55,3.55,3.52,55624.0,-0.28,3.54,1966.0,2528.0,3.52,54.0,3.54,24.14,1.24,85.38,104.22
sh600636,10.23,10.14,10.4,10.08,36219.0,-0.2,10.25,3694.0,461.0,10.21,201.0,10.23,32.2,1.52,45.72,45.72
sh600637,8.26,8.21,8.29,8.19,64796.0,0.24,8.24,5340.0,276.0,8.25,991.0,8.27,17.43,0.99,282.04,282.04
sh600638,5.48,5.54,5.54,5.47,10972.0,-0.72,5.52,602.0,185.0,5.47,70.0,5.49,13.6,0.86,36.9,36.9
sh600639,13.85,13.81,13.88,13.62,34205.0,-0.29,13.89,4705.0,26.0,13.83,169.0,13.85,19.63,1.47,117.76,155.45
sh600640,12.32,12.26,12.39,12.16,37002.0,0.57,12.25,4544.0,1448.0,12.31,126.0,12.33,191.3,2.18,98.03,98.03
sh600641,18.38,18.03,18.48,17.65,161124.0,1.83,18.05,29391.0,132.0,18.36,477.0,18.38,40.44,2.56,176.07,176.07
sh600642,6.11,6.2,6.23,6.09,93048.0,-1.45,6.2,5700.0,80.0,6.09,749.0,6.11,10.61,0.95,278.13,300.13
sh600643,6.81,6.86,6.9,6.81,46977.0,-0.73,6.86,3213.0,1831.0,6.8,37.0,6.82,7.94,0.96,110.25,110.45
sh600644,5.64,5.71,5.71,5.62,36341.0,-1.23,5.71,2049.0,151.0,5.63,256.0,5.65,30.66,1.86,30.37,30.37
sh600645,22.6,22.0,23.09,21.91,88513.0,1.89,22.18,19996.0,295.0,22.59,11.0,22.65,-120.96,2.94,92.88,105.76
sh600647,12.0,12.15,12.28,11.97,8238.0,-1.23,12.15,996.0,103.0,11.98,28.0,12.03,103.85,5.5,16.7,16.7
sh600648,14.95,14.98,14.99,14.82,33627.0,-0.2,14.98,5015.0,235.0,14.94,274.0,14.96,17.85,1.51,139.75,169.73
sh600649,4.72,4.72,4.72,4.7,74528.0,0.0,4.72,3509.0,143.0,4.7,2261.0,4.72,13.35,0.6,119.4,119.4
sh600650,9.98,10.08,10.11,9.97,11377.0,-0.6,10.04,1142.0,128.0,9.97,1000.0,9.99,22.76,1.56,38.98,55.05
sh600651,3.27,3.29,3.29,3.26,51852.0,-0.3,3.28,1694.0,2196.0,3.25,132.0,3.27,14.67,3.39,32.22,81.98
sh600652,2.36,2.34,2.36,2.28,55331.0,4.89,2.25,1296.0,33589.0,2.35,0.0,0.0,-82.81,1.14,19.65,19.65
sh600653,1.86,1.87,1.87,1.85,101689.0,-1.06,1.88,1895.0,14394.0,1.84,1339.0,1.86,-5.09,3.28,36.2,36.2
sh600654,2.0,1.94,2.01,1.93,122640.0,-0.99,2.02,2422.0,3313.0,1.98,1968.0,2.0,-18.91,96.62,15.1,25.66
sh600655,11.17,11.16,11.35,11.13,125470.0,-0.27,11.2,14087.0,414.0,11.15,318.0,11.17,11.23,1.34,179.31,433.79
sh600657,3.46,3.48,3.5,3.45,37468.0,-1.14,3.5,1299.0,601.0,3.45,306.0,3.47,7.53,0.42,52.74,98.68
sh600658,4.05,4.09,4.12,4.04,38421.0,-0.98,4.09,1559.0,364.0,4.04,649.0,4.06,18.09,0.67,45.3,45.3
sh600660,54.94,52.64,55.24,51.86,229506.0,4.37,52.64,124737.0,85.0,54.91,632.0,54.94,47.86,6.97,1100.44,1433.79
sh600661,12.05,12.03,12.23,12.0,14374.0,0.08,12.04,1745.0,40.0,12.04,77.0,12.07,-19.32,6.71,34.53,34.53
sh600662,8.5,8.5,8.54,8.42,27933.0,-0.58,8.55,2373.0,483.0,8.49,6.0,8.51,64.43,2.78,89.54,89.54
sh600663,13.76,13.7,13.89,13.5,101312.0,-0.58,13.84,13877.0,201.0,13.75,474.0,13.77,13.42,2.9,403.64,555.11
sh600664,2.85,2.85,2.87,2.83,83177.0,-0.7,2.87,2368.0,1016.0,2.84,2812.0,2.86,-8.88,2.01,71.45,71.76
sh600665,3.02,3.03,3.04,3.02,28877.0,-0.33,3.03,875.0,1325.0,3.01,5393.0,3.03,10.17,0.67,26.1,26.1
sh600666,2.07,2.03,2.15,1.99,138189.0,0.98,2.05,2897.0,394.0,2.06,1083.0,2.08,-3.56,304.41,16.64,25.41
sh600667,9.07,8.78,9.1,8.7,545061.0,1.57,8.93,48580.0,5486.0,9.05,940.0,9.07,22.29,2.65,191.03,191.03
sh600668,12.11,12.08,12.18,12.04,26036.0,0.58,12.04,3152.0,581.0,12.09,507.0,12.11,7.57,0.92,41.67,41.67
sh600671,8.76,8.7,8.85,8.57,5711.0,-0.68,8.82,497.0,2.0,8.73,41.0,8.76,-24.49,15.29,10.66,10.67
sh600673,5.15,5.11,5.31,4.98,1069418.0,1.98,5.05,55436.0,2271.0,5.13,1440.0,5.15,115.62,2.21,126.63,155.22
sh600674,12.45,12.37,12.55,12.33,74669.0,0.4,12.4,9265.0,10.0,12.43,426.0,12.45,16.71,1.9,548.55,548.55
sh600675,3.1,3.12,3.13,3.08,38455.0,-0.64,3.12,1192.0,192.0,3.09,2254.0,3.11,14.25,1.2,69.45,188.98
sh600676,4.24,4.24,4.26,4.19,16608.0,0.0,4.24,704.0,594.0,4.23,400.0,4.25,-100.47,0.78,43.61,43.61
sh600677,3.01,0.0,0.0,0.0,0.0,0.0,3.01,0.0,0.0,0.0,0.0,0.0,-2.37,-7.36,13.66,15.71
sh600678,5.69,5.73,5.76,5.56,143617.0,-1.9,5.8,8151.0,490.0,5.67,377.0,5.69,35.13,10.69,19.86,19.86
sh600679,11.78,11.85,11.88,11.74,6248.0,-0.93,11.89,738.0,192.0,11.76,137.0,11.78,66.85,2.89,27.16,54.86
sh600681,4.61,4.62,4.63,4.61,16726.0,-0.43,4.63,772.0,2732.0,4.6,1788.0,4.62,12.2,1.73,62.74,62.83
sh600682,10.38,10.35,10.42,10.24,57493.0,0.39,10.34,5942.0,191.0,10.37,266.0,10.39,17.22,0.85,120.93,139.73
sh600683,3.71,3.78,3.78,3.71,17149.0,-1.33,3.76,639.0,1077.0,3.7,60.0,3.72,5.23,0.85,27.48,27.48
sh600684,3.61,3.63,3.66,3.59,95999.0,-1.1,3.65,3469.0,2478.0,3.59,1150.0,3.61,-21.34,1.24,30.81,30.81
sh600685,20.55,20.51,20.79,20.4,50645.0,-1.01,20.76,10415.0,209.0,20.53,221.0,20.55,69.38,2.06,168.8,290.48
sh600686,6.86,6.74,6.89,6.71,78662.0,1.18,6.78,5376.0,1002.0,6.85,1107.0,6.87,18.91,1.17,46.28,49.19
sh600687,0.3,0.0,0.0,0.0,0.0,0.0,0.3,0.0,0.0,0.0,0.0,0.0,-0.2,0.5,4.47,4.47
sh600688,3.87,3.88,3.93,3.83,451698.0,-1.78,3.94,17473.0,2972.0,3.86,7791.0,3.88,13.94,1.38,283.63,418.88
sh600689,6.82,6.81,6.9,6.75,15237.0,0.29,6.8,1039.0,60.0,6.81,216.0,6.83,-46.98,3.19,10.38,13.71
sh600690,25.45,25.34,26.06,25.16,336081.0,0.83,25.24,86281.0,472.0,25.44,79.0,25.46,22.01,3.2,1605.53,2390.56
sh600691,3.35,3.36,3.44,3.33,145766.0,-1.18,3.39,4919.0,4844.0,3.34,1059.0,3.36,15.17,1.4,58.84,79.6
sh600692,5.98,5.98,6.0,5.92,14350.0,-0.33,6.0,858.0,954.0,5.97,312.0,5.99,27.9,2.38,15.25,21.04
sh600693,4.15,4.15,4.16,4.13,19753.0,0.0,4.15,820.0,4014.0,4.13,6416.0,4.15,17.26,1.1,37.24,37.28
sh600694,20.41,20.5,20.65,20.38,13927.0,-0.54,20.52,2850.0,241.0,20.4,19.0,20.42,8.16,0.68,59.95,59.95
sh600695,3.81,3.8,3.98,3.8,113210.0,-1.55,3.87,4380.0,601.0,3.8,444.0,3.82,2503.83,4.05,13.96,27.09
sh600696,37.6,37.1,38.24,36.61,70600.0,0.8,37.3,26528.0,224.0,37.58,6.0,37.62,815.03,29.43,125.76,125.76
sh600697,13.33,13.27,13.47,13.23,8129.0,0.38,13.28,1084.0,63.0,13.3,56.0,13.33,37.43,0.81,20.68,21.21
sh600698,3.19,3.18,3.23,3.16,120383.0,0.63,3.17,3835.0,269.0,3.18,3222.0,3.2,287.72,4.33,23.53,33.95
sh600699,27.75,26.37,28.25,25.71,892602.0,4.76,26.49,244258.0,1837.0,27.74,139.0,27.76,48.78,2.51,379.64,379.64
sh600701,0.45,0.0,0.0,0.0,0.0,0.0,0.45,0.0,0.0,0.0,0.0,0.0,-0.23,-0.08,3.75,4.66
sh600702,212.88,207.0,218.44,206.0,104481.0,-1.0,215.02,223305.0,3.0,212.8,488.0,212.88,83.57,18.42,705.73,715.66
sh600703,32.78,31.0,33.21,30.38,1308115.0,2.95,31.84,419024.0,367.0,32.76,2074.0,32.78,124.3,4.96,1336.91,1468.33
sh600704,7.14,7.14,7.19,6.99,2164582.0,-0.14,7.15,153646.0,23237.0,7.12,157.0,7.14,12.12,1.42,361.44,371.0
sh600705,3.85,3.87,3.89,3.85,177251.0,-0.77,3.88,6849.0,6898.0,3.83,265.0,3.85,10.84,1.02,342.15,343.42
sh600706,7.08,7.08,7.15,7.04,14140.0,0.0,7.08,1002.0,45.0,7.06,138.0,7.08,-63.08,1.59,15.12,15.25
sh600707,9.31,9.33,9.39,9.17,563649.0,-2.0,9.5,52367.0,2898.0,9.29,925.0,9.31,37.76,1.61,230.41,334.08
sh600708,2.4,2.41,2.41,2.39,50173.0,-0.41,2.41,1204.0,8516.0,2.38,192.0,2.4,17.63,0.49,53.41,53.49
sh600710,6.52,6.51,6.65,6.48,287377.0,0.62,6.48,18848.0,1212.0,6.51,1893.0,6.53,12.58,1.71,85.2,85.2
sh600711,7.86,7.45,7.95,7.33,1790946.0,3.56,7.59,139758.0,1934.0,7.85,9191.0,7.87,41.83,1.88,194.06,211.44
sh600712,4.14,4.18,4.21,4.13,32013.0,-0.96,4.18,1330.0,1431.0,4.13,124.0,4.15,-25.02,2.52,22.3,22.55
sh600713,4.76,4.78,4.79,4.75,83284.0,-1.04,4.81,3968.0,1130.0,4.75,1095.0,4.77,12.32,1.18,49.58,49.58
sh600714,8.08,7.6,8.08,7.6,62681.0,3.99,7.77,4952.0,392.0,8.07,240.0,8.09,248.7,3.73,23.28,23.28
sh600715,3.43,3.45,3.52,3.35,306905.0,1.18,3.39,10495.0,4158.0,3.41,3193.0,3.43,-1.94,2.17,63.62,63.62
sh600716,4.11,4.06,4.11,4.06,27804.0,0.74,4.08,1135.0,479.0,4.09,2203.0,4.11,33.34,0.7,38.47,38.47
sh600717,3.91,3.91,3.94,3.89,70491.0,0.0,3.91,2763.0,5488.0,3.9,12.0,3.92,14.68,0.66,113.16,113.16
sh600718,9.55,9.63,9.66,9.48,106255.0,-1.14,9.66,10143.0,97.0,9.54,167.0,9.56,74.99,1.43,118.65,118.65
sh600719,3.55,3.56,3.59,3.54,20331.0,-0.28,3.56,724.0,616.0,3.54,1226.0,3.57,3956.62,1.82,14.36,14.36
sh600720,10.78,10.71,10.84,10.66,66536.0,0.09,10.77,7155.0,1152.0,10.76,1397.0,10.78,5.69,1.14,83.67,83.68
sh600721,5.08,4.87,5.09,4.83,33267.0,4.31,4.87,1665.0,958.0,5.06,1013.0,5.08,-5.95,3.07,18.33,19.06
sh600722,6.25,6.2,6.34,6.16,165492.0,-0.95,6.31,10326.0,2976.0,6.24,1100.0,6.26,306.93,4.17,42.52,42.52
sh600723,8.02,8.08,8.22,8.0,43588.0,-0.74,8.08,3522.0,527.0,8.01,2919.0,8.03,50.04,1.33,52.78,52.8
sh600724,3.4,3.39,3.4,3.36,27725.0,-0.58,3.42,937.0,705.0,3.38,1056.0,3.4,10.43,1.81,49.13,49.14
sh600725,2.69,2.68,2.76,2.63,133763.0,0.0,2.69,3562.0,1030.0,2.67,798.0,2.69,256.65,10.33,33.15,33.15
sh600726,2.4,2.41,2.42,2.37,134366.0,-1.23,2.43,3210.0,1883.0,2.39,7403.0,2.41,-3.7,7.38,36.83,47.2
sh600727,8.43,8.26,8.48,8.23,152578.0,1.08,8.34,12812.0,61.0,8.41,88.0,8.43,15.24,1.69,37.06,44.56
sh600728,7.22,7.26,7.31,7.11,168760.0,-0.69,7.27,12120.0,336.0,7.2,1405.0,7.22,82.93,2.32,124.89,126.74
sh600729,27.15,27.22,27.38,27.05,16600.0,-0.29,27.23,4516.0,865.0,27.11,11.0,27.18,8.56,2.16,110.34,110.37
sh600730,4.31,4.33,4.34,4.29,35613.0,-1.15,4.36,1537.0,2754.0,4.3,491.0,4.33,193.77,1.32,25.28,25.28
sh600731,8.07,8.02,8.15,8.0,44697.0,0.37,8.04,3610.0,1404.0,8.05,1741.0,8.07,13.05,2.44,37.21,37.27
sh600732,14.3,12.91,14.3,12.8,395588.0,10.0,13.0,54685.0,30559.0,14.29,0.0,0.0,35.25,5.49,93.35,291.2
sh600733,13.26,12.78,13.45,12.58,1155148.0,3.67,12.79,150854.0,2515.0,13.25,2316.0,13.27,-8.23,3.66,241.95,568.5
sh600734,2.48,2.56,2.58,2.48,209973.0,-4.98,2.61,5263.0,0.0,0.0,2203.0,2.48,-2.57,-1.35,13.27,15.43
sh600735,6.09,6.08,6.15,6.06,75851.0,-0.33,6.11,4615.0,625.0,6.07,969.0,6.09,50.87,2.44,22.9,22.9
sh600736,4.65,4.7,4.71,4.63,30872.0,-1.06,4.7,1437.0,934.0,4.63,1724.0,4.65,14.64,0.77,53.54,53.54
sh600737,9.61,9.61,9.69,9.58,159823.0,-1.94,9.8,15366.0,481.0,9.6,396.0,9.62,34.41,2.23,202.88,205.54
sh600738,6.01,6.0,6.05,5.96,88427.0,-0.33,6.03,5315.0,2081.0,5.99,211.0,6.01,47.48,2.69,46.45,46.49
sh600739,19.98,20.01,20.19,19.96,81791.0,-0.6,20.1,16366.0,1413.0,19.96,674.0,19.98,9.62,1.25,305.64,305.64
sh600740,5.0,4.94,5.0,4.9,270222.0,0.0,5.0,13345.0,3451.0,4.98,1790.0,5.0,8.84,1.1,128.11,128.11
sh600741,24.23,24.23,24.47,24.02,203343.0,-1.02,24.48,49270.0,166.0,24.21,709.0,24.23,11.64,1.42,763.91,763.91
sh600742,10.03,9.99,10.05,9.92,44814.0,0.3,10.0,4480.0,198.0,10.02,960.0,10.04,7.94,1.07,67.11,67.11
sh600743,1.97,1.97,1.98,1.95,39797.0,-0.51,1.98,781.0,15106.0,1.95,4407.0,1.97,10.33,0.55,46.22,46.22
sh600744,8.7,8.22,8.88,8.18,2132752.0,5.97,8.21,181827.0,713.0,8.68,12387.0,8.7,-437.69,5.28,72.0,154.96
sh600745,101.01,98.1,101.19,95.95,253368.0,1.62,99.4,251281.0,129.0,100.99,234.0,101.01,51.72,4.21,873.01,1257.65
sh600746,14.85,14.88,15.1,14.72,74463.0,-1.46,15.07,11085.0,170.0,14.84,274.0,14.86,23.8,3.29,45.24,173.42
sh600748,4.53,4.54,4.55,4.52,22461.0,-0.66,4.56,1018.0,628.0,4.52,135.0,4.54,10.12,0.74,83.56,83.56
sh600749,10.79,10.47,10.98,10.41,59892.0,3.06,10.47,6440.0,79.0,10.78,648.0,10.8,220.26,2.4,24.49,24.49
sh600750,12.9,12.75,13.04,12.74,400638.0,-1.68,13.12,51634.0,912.0,12.88,102.0,12.9,16.2,2.1,81.27,81.27
sh600751,2.89,2.97,2.98,2.86,777964.0,-2.36,2.96,22491.0,5908.0,2.88,4664.0,2.9,-0.88,2.02,74.37,83.79
sh600753,40.39,43.0,43.99,40.39,137289.0,-10.0,44.88,56209.0,0.0,0.0,13247.0,40.39,425.05,38.53,86.85,86.85
sh600754,53.43,54.13,54.3,52.78,31962.0,-1.6,54.3,17075.0,1.0,53.41,20.0,53.43,-235.23,3.41,428.47,571.72
sh600755,7.94,7.7,7.96,7.7,308870.0,2.45,7.75,24290.0,656.0,7.92,1341.0,7.94,5.71,1.02,147.36,155.0
sh600756,13.18,13.12,13.25,13.06,27593.0,-0.6,13.26,3627.0,27.0,13.17,107.0,13.19,-50.57,2.02,42.72,42.72
sh600757,5.23,5.24,5.26,5.22,23260.0,-0.38,5.25,1219.0,1365.0,5.21,422.0,5.23,6.65,0.82,63.47,63.47
sh600758,3.35,3.39,3.39,3.32,65613.0,-0.59,3.37,2192.0,3983.0,3.33,104.0,3.35,-12.94,0.88,44.24,44.29
sh600759,2.46,2.45,2.48,2.4,702594.0,-3.15,2.54,17068.0,10719.0,2.45,6193.0,2.47,26.12,1.06,55.55,55.68
sh600760,57.89,52.0,57.89,51.8,448850.0,9.99,52.63,253442.0,3529.0,57.88,0.0,0.0,92.47,10.81,1133.25,1134.96
sh600761,10.43,10.65,10.65,10.41,62457.0,-2.34,10.68,6550.0,387.0,10.42,482.0,10.44,9.23,1.44,77.2,77.2
sh600763,373.0,353.0,382.88,351.5,53319.0,3.2,361.44,196579.0,61.0,372.94,6.0,373.08,176.89,51.67,1195.99,1195.99
sh600764,27.4,27.16,27.44,26.9,21787.0,0.74,27.2,5940.0,88.0,27.38,167.0,27.4,23.12,2.83,135.92,194.71
sh600765,22.61,20.98,22.73,20.65,242880.0,7.11,21.11,53551.0,101.0,22.59,35.0,22.61,62.68,2.76,193.86,237.78
sh600766,5.04,5.3,5.3,5.04,226158.0,-4.91,5.3,11485.0,0.0,0.0,10990.0,5.04,-86.29,19.6,11.29,11.3
sh600767,6.45,6.33,6.45,6.21,104871.0,5.05,6.14,6722.0,6457.0,6.44,0.0,0.0,176.97,9.76,21.99,22.0
sh600768,8.89,8.91,8.99,8.82,11838.0,-0.22,8.91,1053.0,20.0,8.86,123.0,8.89,-258.8,5.27,11.89,11.89
sh600769,6.49,5.82,6.49,5.79,225661.0,10.0,5.9,14071.0,55922.0,6.48,0.0,0.0,344.09,38.75,24.34,24.34
sh600770,6.0,5.92,6.0,5.9,114569.0,0.0,6.0,6830.0,655.0,5.98,807.0,6.0,46.22,2.11,78.0,78.0
sh600771,39.98,39.0,40.9,38.26,561604.0,-0.05,40.0,222168.0,309.0,39.96,417.0,39.98,2049.0,8.14,196.7,196.7
sh600773,17.1,15.88,17.7,15.76,789994.0,6.01,16.13,135038.0,3760.0,17.08,876.0,17.1,123.34,3.88,127.58,140.16
sh600774,15.75,15.09,15.77,15.02,26384.0,4.24,15.11,4115.0,8.0,15.71,192.0,15.75,37.53,5.22,35.71,35.74
sh600775,6.82,6.8,6.89,6.79,30716.0,0.15,6.81,2099.0,976.0,6.8,135.0,6.82,59.43,1.78,45.82,62.32
sh600776,12.25,12.1,12.4,12.02,114743.0,0.0,12.25,13983.0,895.0,12.23,56.0,12.25,147.93,4.9,117.11,153.86
sh600777,1.54,1.51,1.54,1.5,715494.0,0.65,1.53,10883.0,113014.0,1.52,56303.0,1.54,-3.32,0.84,95.97,104.73
sh600778,4.5,4.54,4.67,4.47,153900.0,-3.02,4.64,6975.0,728.0,4.48,753.0,4.5,-6.73,2.01,14.0,14.02
sh600779,148.34,145.8,153.37,145.65,119687.0,2.3,145.0,178429.0,6.0,148.3,8.0,148.34,75.49,28.35,724.35,724.55
sh600780,3.85,3.87,3.87,3.8,51852.0,-1.03,3.89,1985.0,2143.0,3.84,712.0,3.86,13.06,0.77,44.14,44.14
sh600781,4.1,4.1,4.1,4.1,4990.0,5.13,3.9,205.0,52712.0,4.09,0.0,0.0,-1.9,0.65,15.34,25.71
sh600782,5.76,5.59,5.77,5.56,442453.0,2.86,5.6,25210.0,1823.0,5.74,3895.0,5.76,5.82,0.78,183.67,183.67
sh600783,11.61,11.39,11.68,11.39,23682.0,1.31,11.46,2731.0,113.0,11.59,4.0,11.61,27.63,2.34,86.42,86.42
sh600784,5.03,5.02,5.06,5.0,15448.0,0.2,5.02,778.0,197.0,5.02,483.0,5.04,14.23,1.69,28.58,28.58
sh600785,11.94,11.85,12.04,11.83,3397.0,0.0,11.94,405.0,11.0,11.92,29.0,11.95,69.54,1.35,26.94,26.94
sh600787,5.51,5.48,5.63,5.44,244738.0,0.36,5.49,13558.0,2576.0,5.49,2408.0,5.51,20.83,1.03,120.09,121.21
sh600789,7.29,7.26,7.32,7.24,58488.0,0.28,7.27,4258.0,1474.0,7.28,874.0,7.3,23.78,1.97,64.17,64.17
sh600790,3.07,3.05,3.14,3.03,86721.0,0.99,3.04,2660.0,2783.0,3.06,3432.0,3.08,11.21,0.8,45.0,45.0
sh600791,3.39,3.4,3.42,3.38,32254.0,-0.88,3.42,1097.0,378.0,3.38,1076.0,3.4,-16.12,1.0,15.33,15.35
sh600792,3.95,3.91,3.96,3.89,67588.0,-0.25,3.96,2652.0,110.0,3.94,2728.0,3.96,36.13,1.13,39.1,39.1
sh600793,12.14,12.32,12.37,12.12,26410.0,-1.78,12.36,3219.0,149.0,12.13,131.0,12.15,-38.46,3.52,21.48,21.48
sh600794,3.26,3.27,3.27,3.24,37954.0,-0.31,3.27,1236.0,1070.0,3.25,3444.0,3.27,17.17,1.8,39.52,39.52
sh600795,2.39,2.4,2.41,2.38,266246.0,0.0,2.39,6370.0,7439.0,2.38,22862.0,2.4,9.3,0.92,469.64,469.64
sh600796,5.26,5.24,5.31,5.18,49468.0,-0.75,5.3,2587.0,363.0,5.24,514.0,5.26,427.96,2.66,15.85,15.85
sh600797,6.52,6.53,6.56,6.5,48154.0,-0.76,6.57,3139.0,1503.0,6.5,1555.0,6.52,121.54,1.69,66.99,66.99
sh600798,5.67,5.6,5.72,5.56,376035.0,0.35,5.65,21208.0,575.0,5.66,2393.0,5.68,27.95,1.9,58.45,68.41
sh600800,4.4,4.46,4.48,4.39,49642.0,-0.9,4.44,2191.0,1380.0,4.39,691.0,4.41,14.07,1.84,34.95,52.17
sh600801,17.53,17.47,17.66,17.3,68651.0,0.34,17.47,12005.0,168.0,17.51,107.0,17.53,6.11,1.67,238.74,367.53
sh600802,7.13,7.09,7.2,7.07,44430.0,-0.42,7.16,3164.0,446.0,7.11,286.0,7.13,13.42,1.84,32.67,32.67
sh600803,17.28,17.0,17.6,16.9,241904.0,8.0,16.0,41789.0,87.0,17.26,228.0,17.28,20.44,4.23,209.46,491.76
sh600804,4.77,4.8,4.82,4.73,112621.0,-1.04,4.82,5371.0,9673.0,4.76,341.0,4.78,147.83,7.39,68.32,68.33
sh600805,3.8,3.76,3.84,3.76,62355.0,0.26,3.79,2377.0,1850.0,3.78,6.0,3.8,-2.42,0.69,32.31,32.33
sh600807,3.02,3.0,3.05,2.96,73430.0,0.33,3.01,2205.0,461.0,3.0,1803.0,3.02,-2.8,6.34,23.77,26.72
sh600808,4.0,3.93,4.02,3.87,573799.0,2.04,3.92,22667.0,1415.0,3.98,3170.0,4.0,9.89,1.03,238.71,308.03
sh600809,327.99,318.69,329.71,317.01,67025.0,2.18,321.0,217376.0,156.0,327.9,128.0,328.0,99.22,33.45,3986.23,4001.85
sh600810,11.51,11.29,11.58,11.25,99697.0,0.52,11.45,11413.0,53.0,11.5,695.0,11.52,15.96,1.9,66.18,105.83
sh600811,3.05,0.0,0.0,0.0,0.0,0.0,3.05,0.0,0.0,0.0,0.0,0.0,57.16,0.53,113.29,113.29
sh600812,10.52,10.47,10.65,10.4,85020.0,-0.28,10.55,8966.0,1813.0,10.51,296.0,10.53,-678.81,2.7,171.56,180.49
sh600814,6.97,6.91,6.99,6.87,48453.0,0.58,6.93,3357.0,841.0,6.95,752.0,6.97,12.33,1.72,49.84,49.84
sh600815,2.41,2.41,2.44,2.39,32836.0,0.0,2.41,793.0,1055.0,2.4,794.0,2.42,115.94,3.09,42.76,42.76
sh600816,2.53,2.55,2.56,2.5,150256.0,0.0,2.53,3788.0,463.0,2.51,2074.0,2.53,-2.03,83.5,133.19,138.37
sh600817,14.05,13.64,14.39,13.64,18897.0,4.46,13.45,2663.0,27.0,14.03,47.0,14.06,24.01,3.84,25.88,75.78
sh600818,9.41,9.47,9.49,9.34,18177.0,-0.32,9.44,1711.0,238.0,9.39,53.0,9.41,43.97,4.68,22.39,30.25
sh600819,5.59,5.55,5.62,5.51,52436.0,0.18,5.58,2921.0,501.0,5.57,1504.0,5.59,20.81,1.5,41.78,52.26
sh600820,5.36,5.37,5.38,5.33,143947.0,-0.37,5.38,7705.0,2270.0,5.35,3285.0,5.37,7.21,0.72,168.52,168.52
sh600821,5.7,5.65,5.8,5.59,131513.0,-0.18,5.71,7455.0,857.0,5.69,2438.0,5.71,66.67,1.93,30.85,87.57
sh600822,9.06,9.08,9.09,9.04,9586.0,-0.55,9.11,868.0,169.0,9.04,316.0,9.06,35.23,5.64,35.89,44.94
sh600823,4.01,4.04,4.05,3.98,58358.0,-0.99,4.05,2341.0,1355.0,4.0,2394.0,4.02,9.57,0.57,150.42,150.42
sh600824,3.79,3.79,3.84,3.76,20256.0,-0.26,3.8,768.0,298.0,3.78,806.0,3.8,18.7,1.5,39.95,39.95
sh600825,4.41,4.37,4.45,4.32,68357.0,1.15,4.36,2994.0,259.0,4.4,173.0,4.42,-15.82,1.92,46.08,46.08
sh600826,7.81,7.8,7.88,7.76,7719.0,-0.51,7.85,602.0,885.0,7.8,172.0,7.82,25.69,1.19,32.85,41.86
sh600827,18.59,18.58,18.88,18.4,146105.0,-0.91,18.76,27205.0,47.0,18.57,619.0,18.59,31.57,1.87,298.27,331.68
sh600828,3.51,3.52,3.53,3.48,20915.0,-0.57,3.53,733.0,94.0,3.5,644.0,3.52,17.43,0.92,60.77,60.79
sh600829,5.85,5.86,5.89,5.83,7470.0,-0.34,5.87,437.0,25.0,5.84,24.0,5.86,24.76,1.73,33.92,33.92
sh600830,5.08,5.12,5.16,5.05,29220.0,-0.78,5.12,1489.0,35.0,5.06,270.0,5.08,-284.56,1.1,23.08,23.08
sh600831,5.68,5.7,5.75,5.68,47061.0,-0.7,5.72,2685.0,765.0,5.67,77.0,5.69,37.78,1.08,40.36,40.36
sh600833,9.09,8.87,9.3,8.85,11561.0,2.13,8.9,1038.0,10.0,9.0,155.0,9.09,33.82,2.74,20.28,20.28
sh600834,11.71,11.32,11.94,11.32,169577.0,2.81,11.39,19885.0,566.0,11.69,150.0,11.71,82.98,3.61,55.9,55.9
sh600835,15.68,15.49,15.7,15.33,44618.0,0.9,15.54,6946.0,20.0,15.65,36.0,15.68,12.57,1.32,126.46,160.37
sh600836,6.87,6.38,6.95,6.34,298570.0,7.51,6.39,20145.0,603.0,6.85,1949.0,6.87,416.25,4.47,45.53,45.53
sh600837,11.49,11.45,11.51,11.38,307948.0,0.35,11.45,35277.0,478.0,11.47,3043.0,11.49,12.29,0.96,974.66,1501.08
sh600838,6.06,6.12,6.12,6.05,22585.0,-0.98,6.12,1373.0,46.0,6.05,186.0,6.07,38.98,1.81,24.29,24.29
sh600839,2.83,2.82,2.85,2.8,332323.0,0.0,2.83,9372.0,1477.0,2.82,13697.0,2.84,31.27,1.0,130.6,130.64
sh600841,9.7,9.53,9.72,9.49,37464.0,0.62,9.64,3598.0,162.0,9.68,34.0,9.7,33.96,2.08,50.62,84.07
sh600843,6.43,6.54,6.54,6.42,35256.0,-1.08,6.5,2278.0,65.0,6.42,20.0,6.44,26.8,1.5,19.59,35.27
sh600844,4.47,4.39,4.49,4.34,153826.0,1.82,4.39,6821.0,4836.0,4.45,458.0,4.47,-13.69,3.49,36.78,45.44
sh600845,57.49,58.35,58.36,56.63,70324.0,-0.47,57.76,40332.0,106.0,57.48,55.0,57.5,60.73,11.16,627.52,863.81
sh600846,8.54,8.44,8.55,8.37,44898.0,1.3,8.43,3801.0,97.0,8.52,966.0,8.54,9.02,1.72,53.35,53.35
sh600847,9.64,9.38,9.66,9.33,14261.0,2.23,9.43,1367.0,55.0,9.62,79.0,9.64,178.28,2.12,14.78,14.78
sh600848,18.55,18.5,18.78,18.33,83684.0,-0.64,18.67,15505.0,106.0,18.54,71.0,18.56,29.25,3.14,270.37,467.92
sh600850,26.04,25.8,26.06,25.31,28890.0,0.58,25.89,7415.0,87.0,26.02,94.0,26.04,34.46,4.13,111.15,111.15
sh600851,9.49,9.75,10.29,9.39,171655.0,0.21,9.47,16665.0,1008.0,9.47,451.0,9.49,88.15,2.89,70.06,114.55
sh600853,2.43,2.44,2.45,2.42,22855.0,-0.82,2.45,556.0,710.0,2.42,830.0,2.44,10.55,1.28,24.42,24.42
sh600854,3.51,3.5,3.53,3.49,23500.0,-0.28,3.52,826.0,242.0,3.49,63.0,3.51,36.41,0.89,18.23,18.23
sh600855,12.9,12.74,13.06,12.71,31160.0,1.26,12.74,4027.0,187.0,12.88,1342.0,12.9,41.2,3.34,44.28,57.94
sh600856,1.4,1.39,1.42,1.37,135622.0,0.0,1.4,1892.0,13335.0,1.38,2280.0,1.4,-3.63,-46.82,19.06,19.13
sh600857,12.68,12.88,12.97,12.22,84677.0,-3.94,13.2,10720.0,273.0,12.67,30.0,12.69,75.44,5.53,28.44,28.44
sh600858,6.03,6.06,6.07,5.97,10502.0,-0.66,6.07,632.0,333.0,6.02,151.0,6.04,-12.91,1.38,31.21,31.36
sh600859,27.42,27.38,27.68,27.26,65328.0,-0.54,27.57,17920.0,166.0,27.41,65.0,27.43,24.98,1.97,212.85,212.85
sh600860,5.47,5.28,5.49,5.19,37311.0,4.19,5.25,2004.0,820.0,5.45,36.0,5.47,14.92,3.82,17.61,26.53
sh600861,17.37,15.79,17.37,15.61,59703.0,10.01,15.79,10010.0,4864.0,17.36,0.0,0.0,-310.32,2.44,55.03,55.03
sh600862,29.42,28.58,29.67,28.2,163249.0,1.8,28.9,47511.0,86.0,29.41,310.0,29.43,84.99,8.88,409.84,409.84
sh600863,2.3,2.29,2.3,2.27,90021.0,0.0,2.3,2058.0,2915.0,2.28,8766.0,2.3,17.3,1.22,133.6,133.6
sh600864,5.68,5.67,5.78,5.65,142712.0,0.0,5.68,8139.0,2381.0,5.67,437.0,5.69,-166.74,0.89,118.18,118.18
sh600865,7.93,7.99,7.99,7.9,19169.0,-0.88,8.0,1522.0,400.0,7.92,39.0,7.94,7.62,1.33,29.84,29.84
sh600866,3.78,3.78,3.8,3.77,38891.0,-0.53,3.8,1472.0,2966.0,3.76,2853.0,3.78,18.49,1.64,27.93,27.93
sh600867,11.77,11.71,11.84,11.66,77081.0,0.17,11.75,9070.0,641.0,11.76,39.0,11.78,24.2,4.47,238.58,239.4
sh600868,2.87,2.88,2.88,2.86,80062.0,-0.35,2.88,2295.0,7267.0,2.86,15871.0,2.88,193.02,2.33,54.48,54.48
sh600869,4.98,4.95,5.04,4.88,293525.0,-0.99,5.03,14517.0,3094.0,4.96,823.0,4.98,-7.35,3.35,110.52,110.52
sh600870,3.72,3.72,3.72,3.59,208483.0,5.08,3.54,7724.0,21940.0,3.71,0.0,0.0,4413.54,191.75,19.46,19.46
sh600871,2.09,1.97,2.15,1.96,1967659.0,5.56,1.98,40541.0,11636.0,2.08,29181.0,2.1,92.94,5.67,283.6,396.77
sh600872,41.64,41.5,41.73,40.9,105374.0,0.19,41.56,43659.0,10.0,41.63,189.0,41.65,38.63,7.81,331.72,331.72
sh600873,5.6,5.55,5.61,5.5,136184.0,0.9,5.55,7579.0,447.0,5.59,2719.0,5.61,15.16,1.83,172.87,173.52
sh600874,6.06,6.04,6.07,5.99,17692.0,0.33,6.04,1066.0,636.0,6.04,100.0,6.06,14.27,1.31,65.89,86.49
sh600875,10.48,10.32,10.5,10.24,173344.0,0.67,10.41,17988.0,1942.0,10.46,1373.0,10.49,15.58,1.04,209.28,326.94
sh600876,18.75,18.23,18.91,18.0,93986.0,2.97,18.21,17422.0,632.0,18.74,8.0,18.76,22.12,5.82,52.69,102.85
sh600877,15.27,15.19,15.41,15.16,43023.0,-0.07,15.28,6564.0,1676.0,15.25,330.0,15.27,165.06,30.62,104.95,125.54
sh600879,7.19,7.06,7.23,7.03,384307.0,0.98,7.12,27467.0,2884.0,7.18,5642.0,7.2,34.27,1.53,195.52,195.52
sh600880,3.7,3.72,3.75,3.68,36776.0,-1.07,3.74,1366.0,589.0,3.69,1240.0,3.71,44.37,1.37,40.44,40.45
sh600881,2.86,2.83,2.88,2.82,108438.0,1.06,2.83,3097.0,12156.0,2.84,475.0,2.86,62.4,0.65,92.92,92.92
sh600882,59.0,62.99,63.66,58.44,157009.0,-7.49,63.78,94768.0,627.0,58.99,2.0,59.08,301.99,15.9,241.49,245.03
sh600883,8.2,8.12,8.25,8.03,10221.0,1.36,8.09,834.0,11.0,8.18,51.0,8.2,61.41,2.78,19.36,19.36
sh600884,24.97,22.41,24.97,22.02,1122643.0,10.0,22.7,272068.0,13445.0,24.96,0.0,0.0,77.57,3.27,406.51,406.51
sh600885,60.45,58.12,60.93,57.49,49442.0,3.21,58.57,29648.0,19.0,60.41,7.0,60.45,48.9,8.18,450.21,450.21
sh600886,9.84,9.88,9.92,9.78,118437.0,-0.4,9.88,11653.0,286.0,9.82,299.0,9.84,13.04,1.6,667.74,685.44
sh600887,35.09,34.71,35.53,34.71,572179.0,0.14,35.04,200810.0,408.0,35.07,123.0,35.09,24.35,7.51,2080.92,2134.39
sh600888,5.86,5.7,5.9,5.65,346417.0,1.91,5.75,20114.0,89.0,5.85,46.0,5.87,18.0,1.29,72.06,77.71
sh600889,7.07,6.98,7.25,6.91,225005.0,-0.28,7.09,16018.0,996.0,7.05,1105.0,7.07,15.74,1.71,25.9,25.9
sh600890,2.66,2.6,2.7,2.56,50757.0,1.53,2.62,1347.0,664.0,2.64,581.0,2.66,-34.34,6.9,15.41,15.41
sh600891,0.38,0.0,0.0,0.0,0.0,0.0,0.38,0.0,0.0,0.0,0.0,0.0,-0.4,-0.1,1.46,2.35
sh600892,3.92,3.79,3.92,3.76,35956.0,3.16,3.8,1389.0,78.0,3.9,930.0,3.92,3368.71,8.08,21.18,21.93
sh600893,48.24,45.5,48.96,45.3,478946.0,4.92,45.98,227673.0,184.0,48.22,115.0,48.24,117.52,3.59,1016.97,1285.88
sh600894,6.72,6.71,6.76,6.7,14155.0,0.0,6.72,953.0,167.0,6.71,221.0,6.73,8.22,0.74,57.79,57.79
sh600895,18.13,18.08,18.17,17.91,75605.0,0.28,18.08,13629.0,484.0,18.11,348.0,18.13,13.58,2.47,280.78,280.78
sh600896,4.15,4.11,4.21,4.11,78106.0,0.24,4.14,3249.0,984.0,4.13,224.0,4.15,58.03,1.92,39.24,42.53
sh600897,16.55,16.45,16.57,16.43,2796.0,0.24,16.51,461.0,43.0,16.52,9.0,16.55,22.86,1.3,49.29,49.29
sh600898,5.58,5.58,5.64,5.53,20003.0,-0.36,5.6,1115.0,289.0,5.55,233.0,5.58,-9.16,9.59,14.09,15.92
sh600900,20.31,20.29,20.43,20.11,301929.0,0.2,20.27,61121.0,14.0,20.28,1328.0,20.31,17.19,2.64,4468.2,4618.87
sh600901,5.3,5.26,5.34,5.24,85635.0,1.15,5.24,4541.0,1178.0,5.28,48.0,5.3,8.09,1.25,156.75,158.29
sh600903,9.21,9.24,9.27,9.2,18945.0,-0.32,9.24,1746.0,338.0,9.2,349.0,9.22,52.73,3.91,104.83,104.83
sh600908,5.57,5.57,5.61,5.55,63959.0,-0.36,5.59,3565.0,1906.0,5.55,84.0,5.57,7.78,0.86,96.75,103.7
sh600909,5.35,5.33,5.38,5.31,163532.0,0.0,5.35,8745.0,633.0,5.34,6108.0,5.36,22.29,1.38,251.32,251.32
sh600917,8.05,8.15,8.19,8.0,61148.0,-0.98,8.13,4934.0,145.0,8.04,212.0,8.06,30.28,2.86,125.26,126.49
sh600918,10.12,10.1,10.27,10.09,535814.0,-0.1,10.13,54350.0,53.0,10.11,5354.0,10.13,28.9,2.08,264.04,705.22
sh600919,7.14,7.09,7.32,7.06,783405.0,0.42,7.11,56020.0,855.0,7.12,1514.0,7.14,6.58,0.78,1046.39,1054.55
sh600926,15.06,14.65,15.08,14.62,306323.0,2.52,14.69,45863.0,108.0,15.04,666.0,15.06,11.92,1.4,759.23,893.09
sh600928,4.66,4.64,4.67,4.62,66323.0,0.0,4.66,3079.0,1123.0,4.65,3208.0,4.67,7.69,0.81,53.85,207.11
sh600929,6.41,6.39,6.44,6.36,26712.0,0.31,6.39,1708.0,175.0,6.39,871.0,6.41,39.69,2.22,58.83,59.73
sh600933,12.78,12.51,12.85,12.22,27492.0,2.24,12.5,3455.0,83.0,12.77,27.0,12.8,25.23,2.56,109.55,110.03
sh600936,2.91,2.93,2.93,2.89,21874.0,-0.68,2.93,635.0,598.0,2.89,1482.0,2.91,-20.64,1.38,48.63,48.63
sh600939,3.44,3.47,3.47,3.43,15100.0,-0.86,3.47,520.0,2644.0,3.43,1030.0,3.45,16.33,0.89,62.42,62.42
sh600956,11.56,11.5,11.64,11.4,80090.0,-0.86,11.66,9221.0,363.0,11.54,43.0,11.56,24.62,3.69,15.58,445.05
sh600958,9.86,9.8,9.92,9.77,340787.0,-0.2,9.88,33535.0,685.0,9.85,3949.0,9.87,22.34,1.22,565.63,689.57
sh600959,3.02,3.02,3.03,3.01,132744.0,-0.33,3.03,4006.0,19527.0,3.0,1127.0,3.02,64.06,0.7,136.72,151.02
sh600960,3.97,3.9,3.98,3.88,80341.0,0.76,3.94,3168.0,1214.0,3.95,2357.0,3.97,44.61,0.76,37.74,37.74
sh600961,6.56,6.67,6.85,6.51,269867.0,-1.65,6.67,17902.0,334.0,6.54,462.0,6.56,19.83,-2.63,34.6,34.6
sh600962,7.7,7.62,7.75,7.61,15609.0,0.92,7.63,1202.0,68.0,7.68,73.0,7.7,-16.76,2.87,19.56,20.19
sh600963,9.44,9.54,9.75,9.29,769574.0,-2.38,9.67,72753.0,5721.0,9.42,221.0,9.44,34.49,1.98,167.04,170.4
sh600965,5.76,5.72,5.8,5.71,14645.0,0.0,5.76,843.0,60.0,5.75,18.0,5.77,34.76,2.37,47.16,47.16
sh600966,12.09,11.91,12.27,11.81,233047.0,2.03,11.85,28169.0,681.0,12.07,1077.0,12.09,11.08,2.4,161.62,161.62
sh600967,10.05,9.93,10.13,9.92,113153.0,0.9,9.96,11350.0,509.0,10.03,161.0,10.05,24.96,1.71,169.81,171.19
sh600968,2.6,2.57,2.61,2.56,328852.0,-0.38,2.61,8487.0,17702.0,2.58,13320.0,2.6,16.38,1.34,48.49,264.29
sh600969,6.55,6.58,6.62,6.51,15459.0,-1.06,6.62,1013.0,905.0,6.53,12.0,6.55,71.37,0.68,24.24,24.24
sh600970,9.16,9.16,9.31,9.07,180740.0,0.33,9.13,16637.0,70.0,9.15,561.0,9.17,12.55,1.49,159.17,159.17
sh600971,6.47,6.48,6.5,6.36,186783.0,-1.22,6.55,11999.0,1124.0,6.45,1343.0,6.47,9.46,0.85,77.64,77.64
sh600973,4.04,4.04,4.07,4.0,48679.0,0.0,4.04,1966.0,2349.0,4.03,666.0,4.05,20.48,1.2,50.58,55.4
sh600975,6.59,6.61,6.67,6.52,147353.0,-1.35,6.68,9685.0,1698.0,6.57,574.0,6.59,19.05,3.01,43.01,43.01
sh600976,52.36,51.95,53.46,51.44,27301.0,0.0,52.36,14349.0,19.0,52.31,2.0,52.4,40.3,6.21,79.71,80.32
sh600977,13.12,12.9,13.2,12.86,161057.0,1.47,12.93,21083.0,212.0,13.1,977.0,13.12,-132.0,2.23,244.95,244.95
sh600978,0.52,0.0,0.0,0.0,0.0,0.0,0.52,0.0,0.0,0.0,0.0,0.0,-0.26,0.11,7.71,7.71
sh600979,2.95,2.95,2.96,2.94,51794.0,-0.67,2.97,1528.0,1623.0,2.94,3132.0,2.96,18.73,0.92,36.35,36.35
sh600980,16.77,16.0,17.18,15.96,165242.0,3.2,16.25,27638.0,297.0,16.76,56.0,16.78,55.96,3.35,25.53,29.15
sh600981,3.03,3.05,3.05,3.01,49674.0,-0.98,3.06,1504.0,745.0,3.02,219.0,3.04,22.81,1.26,67.95,67.95
sh600982,3.43,3.43,3.46,3.41,64129.0,-0.29,3.44,2199.0,7012.0,3.42,2076.0,3.44,14.11,1.12,25.62,38.34
sh600983,10.44,10.15,10.69,10.13,48553.0,2.45,10.19,5093.0,24.0,10.43,191.0,10.45,-119.52,2.27,80.02,80.02
sh600984,10.73,10.7,10.95,10.62,88516.0,0.47,10.68,9506.0,70.0,10.71,272.0,10.73,15.25,1.76,92.18,103.75
sh600985,11.55,11.65,11.66,11.39,283037.0,-2.28,11.82,32538.0,188.0,11.53,743.0,11.55,7.47,1.24,110.73,286.56
sh600986,4.11,4.12,4.14,4.09,74785.0,-0.48,4.13,3070.0,229.0,4.09,321.0,4.11,43.41,1.47,54.1,54.42
sh600987,5.22,5.22,5.24,5.2,27170.0,-0.38,5.24,1417.0,1492.0,5.2,190.0,5.22,8.99,1.11,48.09,56.42
sh600988,15.66,15.57,15.7,15.4,382029.0,-1.45,15.89,59356.0,757.0,15.65,1237.0,15.67,27.6,7.17,240.4,260.57
sh600989,13.73,13.82,13.97,13.65,389604.0,-1.79,13.98,53570.0,1573.0,13.72,298.0,13.74,18.21,3.96,273.81,1006.87
sh600990,38.15,37.88,38.28,37.75,7582.0,0.66,37.9,2885.0,2.0,38.14,17.0,38.16,32.96,2.46,60.73,60.73
sh600992,8.15,8.16,8.39,8.05,101960.0,-1.21,8.25,8340.0,3736.0,8.14,217.0,8.16,49.81,1.39,19.97,19.97
sh600993,26.17,26.07,26.69,25.9,224483.0,-1.25,26.5,59016.0,567.0,26.15,69.0,26.17,26.42,3.81,112.61,112.81
sh600995,6.98,6.99,7.02,6.92,20376.0,-0.71,7.03,1420.0,259.0,6.96,46.0,6.98,29.19,1.5,33.4,33.4
sh600996,5.21,5.19,5.33,5.09,137417.0,-1.14,5.27,7127.0,801.0,5.19,788.0,5.21,-37.29,1.3,54.79,54.79
sh600997,7.28,7.21,7.28,7.09,232763.0,-0.68,7.33,16690.0,1100.0,7.27,1419.0,7.29,8.5,0.94,115.59,115.59
sh600998,14.97,14.92,15.05,14.9,31150.0,0.34,14.92,4662.0,370.0,14.96,5.0,14.98,8.61,1.46,280.51,280.51
sh600999,18.44,18.32,18.65,18.28,205558.0,0.33,18.38,37938.0,802.0,18.43,583.0,18.45,15.56,1.73,1368.62,1603.64
sh601000,2.42,2.42,2.43,2.41,136915.0,-0.41,2.43,3313.0,35034.0,2.4,2232.0,2.42,7.55,0.81,143.41,143.41
sh601001,7.24,7.2,7.3,7.05,274568.0,-1.5,7.35,19613.0,1516.0,7.22,438.0,7.24,11.13,1.53,121.18,121.18
sh601002,4.84,4.83,4.85,4.82,28731.0,-0.21,4.85,1389.0,2292.0,4.82,193.0,4.84,8.56,1.16,41.12,46.43
sh601003,6.0,5.87,6.02,5.78,98089.0,2.39,5.86,5822.0,664.0,5.98,2092.0,6.0,6.93,1.3,153.77,153.77
sh601005,2.59,2.51,2.61,2.47,2006360.0,2.37,2.53,51291.0,22220.0,2.57,59269.0,2.59,13.38,1.09,217.05,230.99
sh601006,6.63,6.64,6.66,6.61,529237.0,0.0,6.63,35117.0,1675.0,6.62,21129.0,6.64,8.22,0.82,985.67,985.67
sh601007,8.11,8.15,8.17,8.09,9369.0,-0.73,8.17,761.0,1659.0,8.09,258.0,8.11,49.94,1.6,24.33,24.33
sh601008,3.65,3.62,3.66,3.61,58844.0,0.83,3.62,2143.0,3488.0,3.64,1756.0,3.66,100.75,1.15,37.06,45.68
sh601009,10.84,10.99,11.08,10.78,394235.0,-1.45,11.0,42971.0,431.0,10.82,183.0,10.84,8.07,1.12,919.47,1084.76
sh601010,3.35,3.11,3.44,3.11,724366.0,7.03,3.13,24431.0,2507.0,3.33,3530.0,3.35,18.75,1.32,61.91,61.91
sh601011,4.1,4.05,4.1,4.03,184366.0,0.74,4.07,7512.0,6942.0,4.08,10310.0,4.1,72.8,1.05,65.8,65.8
sh601012,89.88,81.4,89.88,80.67,1477927.0,8.59,82.77,1277877.0,144.0,89.86,839.0,89.88,52.94,11.59,4865.05,4865.16
sh601015,8.95,0.0,0.0,0.0,0.0,0.0,8.95,0.0,0.0,0.0,0.0,0.0,16.89,2.36,145.87,145.87
sh601016,3.72,3.75,3.75,3.69,396061.0,-0.53,3.74,14700.0,7940.0,3.7,6402.0,3.72,23.91,1.88,166.67,186.49
sh601018,4.02,4.03,4.03,3.98,90072.0,0.0,4.02,3605.0,891.0,4.0,5405.0,4.02,16.09,1.21,529.55,635.46
sh601019,5.62,5.63,5.63,5.59,14976.0,-0.35,5.64,840.0,278.0,5.6,300.0,5.62,8.2,1.06,117.28,117.28
sh601020,7.53,7.29,7.65,7.29,161433.0,1.89,7.39,12089.0,521.0,7.51,137.0,7.53,42.92,1.68,41.7,41.7
sh601021,54.58,54.8,55.24,54.1,19871.0,-0.26,54.72,10868.0,11.0,54.54,17.0,54.58,-77.45,3.72,500.21,500.21
sh601028,17.55,17.14,17.65,16.96,16749.0,2.03,17.2,2903.0,24.0,17.52,259.0,17.55,68.38,5.99,137.42,137.42
sh601038,14.92,14.65,15.08,14.43,191458.0,0.74,14.81,28275.0,676.0,14.9,331.0,14.92,35.68,3.09,88.61,167.65
sh601058,9.5,9.32,9.9,9.18,502757.0,2.04,9.31,48014.0,182.0,9.48,1420.0,9.5,17.97,3.01,243.09,291.1
sh601066,29.65,29.49,30.18,29.36,205984.0,0.71,29.44,61356.0,508.0,29.64,183.0,29.66,24.78,3.88,1130.07,2299.86
sh601068,3.82,3.48,3.82,3.44,356098.0,10.09,3.47,13200.0,58280.0,3.81,0.0,0.0,-6.09,1.8,11.3,113.04
sh601069,12.61,12.61,12.64,12.56,15948.0,-0.47,12.67,2008.0,263.0,12.59,114.0,12.61,73.7,4.64,80.2,80.2
sh601077,3.96,3.98,3.99,3.95,232531.0,-0.5,3.98,9220.0,5306.0,3.95,4419.0,3.97,5.25,0.48,232.63,449.74
sh601086,3.89,3.87,3.91,3.85,23132.0,0.26,3.88,896.0,148.0,3.87,267.0,3.89,19.83,1.43,25.91,25.91
sh601088,19.9,19.82,19.95,19.75,170517.0,-0.1,19.92,33844.0,66.0,19.89,277.0,19.91,9.65,1.06,3281.72,3953.84
sh601098,8.75,8.77,8.77,8.71,34003.0,-0.11,8.76,2971.0,253.0,8.73,226.0,8.75,10.49,1.2,157.15,157.15
sh601099,3.28,3.27,3.3,3.26,531595.0,0.0,3.28,17435.0,10846.0,3.26,909.0,3.28,-26.17,2.33,223.58,223.58
sh601100,85.32,84.51,86.1,84.22,91441.0,-0.4,85.66,77728.0,46.0,85.3,120.0,85.32,41.41,15.25,1113.73,1113.73
sh601101,4.79,4.78,4.82,4.66,187534.0,-0.83,4.83,8860.0,4165.0,4.77,714.0,4.79,29.54,0.74,57.48,57.48
sh601106,3.36,3.46,3.52,3.31,2913614.0,-5.35,3.55,98548.0,6403.0,3.35,8587.0,3.37,171.86,2.06,230.42,230.42
sh601107,3.05,3.06,3.06,3.05,13451.0,-0.33,3.06,411.0,3065.0,3.04,4059.0,3.06,7.42,0.6,65.96,93.27
sh601108,10.21,10.12,10.27,10.11,202329.0,0.49,10.16,20646.0,2443.0,10.19,390.0,10.21,14.4,1.65,366.44,366.44
sh601111,7.6,7.54,7.61,7.46,246121.0,0.8,7.54,18562.0,329.0,7.59,1961.0,7.61,-6.98,1.54,757.12,1103.89
sh601113,4.08,4.03,4.13,4.0,31230.0,0.99,4.04,1265.0,250.0,4.07,1065.0,4.1,-34.22,1.07,37.03,46.57
sh601116,9.06,9.08,9.1,9.01,10891.0,-0.66,9.12,986.0,341.0,9.04,532.0,9.06,67.22,1.62,37.21,49.62
sh601117,8.46,8.46,8.56,8.23,533690.0,-1.05,8.55,44737.0,8.0,8.45,2093.0,8.47,10.58,1.21,417.33,417.33
sh601118,5.03,5.02,5.04,4.99,150132.0,-0.4,5.05,7522.0,895.0,5.02,4475.0,5.04,112.23,2.22,215.26,215.26
sh601126,8.37,8.46,8.56,8.29,177315.0,-1.18,8.47,14886.0,221.0,8.35,5.0,8.37,13.66,1.96,68.06,68.06
sh601127,66.3,61.01,66.8,60.3,355382.0,7.73,61.54,227864.0,60.0,66.28,1288.0,66.3,-50.96,12.41,645.95,900.38
sh601128,6.6,6.67,6.71,6.55,263162.0,-1.2,6.68,17420.0,1916.0,6.59,928.0,6.61,9.35,0.99,171.89,180.9
sh601137,11.64,11.35,11.75,11.27,89667.0,2.37,11.37,10415.0,477.0,11.62,114.0,11.64,21.37,1.79,83.81,91.96
sh601138,12.15,12.19,12.22,12.11,153392.0,-0.65,12.23,18628.0,89.0,12.14,1061.0,12.16,12.87,2.26,369.22,2413.86
sh601139,6.6,6.61,6.69,6.57,51162.0,-0.15,6.61,3389.0,171.0,6.58,6.0,6.6,13.65,1.64,189.86,189.87
sh601155,41.6,41.04,41.83,40.8,66418.0,0.51,41.39,27495.0,24.0,41.58,85.0,41.6,6.06,1.84,937.83,940.41
sh601158,5.24,5.25,5.28,5.22,39858.0,-0.19,5.25,2092.0,472.0,5.23,72.0,5.25,12.09,1.7,251.52,251.52
sh601162,4.68,4.68,4.72,4.66,266229.0,-0.21,4.69,12476.0,326.0,4.67,15226.0,4.69,87.53,1.58,179.64,405.56
sh601163,14.8,14.68,14.8,14.59,22676.0,0.95,14.66,3336.0,33.0,14.78,388.0,14.8,10.83,1.1,118.4,118.4
sh601166,21.34,21.45,21.8,21.17,749238.0,-0.61,21.47,160478.0,345.0,21.32,635.0,21.34,6.38,0.82,4185.89,4433.21
sh601168,12.33,12.01,12.41,11.91,388055.0,-0.16,12.35,47381.0,477.0,12.31,428.0,12.33,22.04,2.69,293.82,293.82
sh601169,4.89,4.9,4.91,4.88,417145.0,-0.2,4.9,20419.0,47193.0,4.87,12951.0,4.89,4.76,0.5,1033.89,1033.89
sh601177,8.21,8.16,8.22,8.1,16912.0,0.61,8.16,1381.0,165.0,8.2,461.0,8.22,24.99,1.86,32.84,32.84
sh601179,3.99,3.99,3.99,3.96,153069.0,0.0,3.99,6082.0,4256.0,3.97,3974.0,3.99,68.4,1.03,204.52,204.52
sh601186,7.36,7.32,7.37,7.31,201159.0,0.14,7.35,14750.0,7925.0,7.34,2491.0,7.36,4.09,0.53,846.64,999.45
sh601187,9.01,8.95,9.11,8.94,102721.0,0.33,8.98,9253.0,530.0,9.0,546.0,9.02,12.85,1.26,23.78,237.79
sh601188,3.06,3.07,3.07,3.03,33161.0,-0.65,3.08,1013.0,269.0,3.05,2088.0,3.07,15.79,0.89,40.27,40.27
sh601198,10.56,10.43,10.61,10.43,72351.0,0.86,10.47,7629.0,756.0,10.55,555.0,10.57,19.67,1.4,291.24,291.24
sh601199,3.66,3.64,3.67,3.63,24782.0,0.27,3.65,905.0,713.0,3.65,1499.0,3.67,13.3,1.12,34.23,34.23
sh601200,12.15,12.13,12.21,12.07,60545.0,0.0,12.15,7346.0,192.0,12.13,306.0,12.15,19.85,1.44,136.31,136.31
sh601208,16.7,16.94,16.94,15.98,169470.0,0.06,16.69,27736.0,794.0,16.66,5.0,16.72,48.99,3.43,102.44,115.74
sh601211,16.71,16.73,16.84,16.65,185721.0,-0.3,16.76,31095.0,526.0,16.7,2.0,16.72,10.86,1.14,1242.83,1488.6
sh601212,2.65,2.63,2.65,2.62,215313.0,0.0,2.65,5670.0,12972.0,2.63,21069.0,2.65,45.01,1.3,196.23,196.23
sh601216,5.09,5.09,5.11,5.05,445865.0,-0.59,5.12,22644.0,11535.0,5.08,9270.0,5.1,8.12,2.22,429.5,429.5
sh601218,3.53,3.52,3.56,3.47,53090.0,0.28,3.52,1873.0,2322.0,3.51,595.0,3.53,14.43,1.35,34.5,34.5
sh601222,8.0,7.79,8.07,7.75,403240.0,1.91,7.85,32009.0,1356.0,7.98,1104.0,8.0,13.48,1.34,139.91,139.91
sh601225,11.45,11.59,11.62,11.32,565716.0,-1.97,11.68,64634.0,1749.0,11.43,1695.0,11.45,7.2,1.54,1145.0,1145.0
sh601226,3.89,3.91,3.94,3.87,42347.0,-1.02,3.93,1648.0,249.0,3.88,278.0,3.9,30.24,1.22,44.93,45.4
sh601228,3.16,3.16,3.17,3.15,40389.0,-0.32,3.17,1276.0,4443.0,3.14,3.0,3.16,21.97,1.42,195.7,195.7
sh601229,7.82,7.82,7.87,7.77,169214.0,0.0,7.82,13235.0,500.0,7.81,425.0,7.83,5.24,0.66,1071.64,1110.95
sh601231,16.09,16.07,16.21,15.74,98379.0,-0.62,16.19,15725.0,253.0,16.08,220.0,16.1,19.53,2.87,351.36,355.53
sh601233,23.71,23.03,23.86,22.51,417328.0,-1.08,23.97,97878.0,482.0,23.7,56.0,23.72,13.12,1.92,542.37,542.37
sh601236,13.2,12.64,13.66,12.63,219922.0,4.68,12.61,29098.0,156.0,13.18,1613.0,13.2,41.25,3.4,194.69,479.61
sh601238,14.47,12.87,14.47,12.8,979242.0,10.04,13.15,137189.0,73857.0,14.46,0.0,0.0,18.24,1.73,1034.97,1498.11
sh601258,1.56,1.55,1.56,1.54,440131.0,0.65,1.55,6827.0,75697.0,1.54,59264.0,1.56,13.3,1.4,159.54,159.54
sh601288,3.03,3.04,3.05,3.03,1134287.0,-0.66,3.05,34505.0,351241.0,3.02,75036.0,3.04,4.87,0.56,8909.88,10604.49
sh601298,6.19,6.14,6.2,6.13,48573.0,0.81,6.14,2997.0,1080.0,6.17,192.0,6.19,10.2,1.18,115.75,401.8
sh601311,12.0,11.54,12.14,11.43,353161.0,3.99,11.54,41813.0,861.0,11.98,838.0,12.0,14.38,1.78,134.61,134.61
sh601318,62.37,62.69,63.41,62.09,523168.0,-0.84,62.9,327213.0,15.0,62.36,321.0,62.38,7.9,1.48,6756.33,11401.39
sh601319,5.87,5.86,5.9,5.85,193582.0,-0.17,5.88,11357.0,1868.0,5.85,3440.0,5.87,11.27,1.25,328.81,2595.95
sh601326,2.64,2.65,2.66,2.64,43035.0,-0.38,2.65,1138.0,4865.0,2.63,2286.0,2.65,13.79,0.95,125.6,147.51
sh601328,4.89,4.91,4.93,4.88,1048220.0,-0.41,4.91,51440.0,4069.0,4.88,34059.0,4.9,4.61,0.48,1919.37,3631.45
sh601330,8.59,8.57,8.63,8.46,44798.0,0.7,8.53,3829.0,593.0,8.58,513.0,8.6,20.22,2.22,76.98,119.7
sh601333,2.11,2.1,2.11,2.09,128832.0,0.48,2.1,2708.0,5418.0,2.09,43852.0,2.11,-79.01,0.53,119.26,149.46
sh601336,46.01,46.43,47.28,45.77,131693.0,-1.44,46.68,61026.0,137.0,46.0,9.0,46.02,8.99,1.38,959.51,1435.3
sh601339,6.24,6.51,6.66,6.2,304886.0,-5.17,6.58,19460.0,256.0,6.23,1197.0,6.25,18.08,1.19,93.6,93.6
sh601360,12.36,12.3,12.53,12.22,447708.0,-0.48,12.42,55337.0,2651.0,12.35,1085.0,12.37,31.28,2.37,836.04,883.17
sh601366,6.27,6.26,6.27,6.24,12006.0,0.16,6.26,751.0,299.0,6.25,411.0,6.27,24.31,1.16,52.29,53.95
sh601368,4.95,4.95,4.95,4.92,8276.0,0.0,4.95,408.0,104.0,4.93,741.0,4.95,17.64,1.01,42.58,43.71
sh601369,8.08,7.88,8.12,7.79,101395.0,3.19,7.83,8121.0,454.0,8.06,747.0,8.08,18.14,2.0,133.38,135.58
sh601375,4.58,4.56,4.62,4.54,388678.0,-0.22,4.59,17802.0,4365.0,4.56,3062.0,4.58,72.73,1.58,157.9,212.64
sh601377,9.05,9.0,9.12,8.97,932842.0,-0.11,9.06,84312.0,3744.0,9.03,1065.0,9.05,12.3,1.56,606.05,606.05
sh601388,3.37,3.3,3.38,3.25,411387.0,1.51,3.32,13780.0,7124.0,3.36,19239.0,3.38,12.05,2.24,67.76,74.2
sh601390,5.23,5.23,5.26,5.21,294341.0,0.0,5.23,15385.0,1337.0,5.22,16765.0,5.24,4.58,0.6,1065.01,1285.06
sh601398,4.94,4.95,4.96,4.92,1776708.0,-0.2,4.95,87731.0,61073.0,4.92,1028.0,4.94,5.55,0.66,13318.84,17606.47
sh601399,3.27,3.27,3.28,3.25,85426.0,-0.3,3.28,2789.0,7449.0,3.25,432.0,3.27,58.42,1.87,77.74,237.67
sh601456,14.14,14.07,14.29,14.02,146548.0,-0.21,14.17,20725.0,1209.0,14.13,765.0,14.15,65.18,3.21,67.27,336.27
sh601500,5.85,5.88,5.91,5.8,61399.0,0.17,5.84,3590.0,309.0,5.83,55.0,5.85,64.56,1.39,51.03,62.88
sh601512,9.86,9.78,9.93,9.75,10708.0,0.92,9.77,1055.0,29.0,9.84,12.0,9.87,11.89,1.31,78.62,147.79
sh601515,6.18,6.18,6.21,6.11,64582.0,0.32,6.16,3984.0,487.0,6.16,615.0,6.18,13.55,1.96,82.47,82.47
sh601518,2.26,2.26,2.27,2.25,19583.0,-0.44,2.27,443.0,3699.0,2.25,1172.0,2.27,14.24,0.8,30.52,30.52
sh601519,8.28,8.19,8.33,8.17,135507.0,0.49,8.24,11187.0,2.0,8.27,836.0,8.29,155.04,9.99,164.58,167.94
sh601555,8.12,8.09,8.18,8.08,159275.0,0.0,8.12,12926.0,267.0,8.11,2119.0,8.13,17.91,1.13,315.1,315.1
sh601566,17.5,17.51,17.58,16.7,81569.0,-0.57,17.6,14036.0,21.0,17.49,35.0,17.51,24.85,2.51,100.56,100.56
sh601567,19.84,19.6,20.23,18.85,244681.0,2.43,19.37,48168.0,32.0,19.82,38.0,19.84,29.95,3.37,275.1,275.1
sh601568,8.51,8.51,8.52,8.46,30074.0,0.0,8.51,2551.0,1317.0,8.5,2049.0,8.52,16.54,2.54,30.73,307.31
sh601577,9.0,8.98,9.05,8.94,85609.0,0.11,8.99,7705.0,722.0,8.99,782.0,9.01,6.68,0.79,89.58,361.94
sh601579,11.37,11.32,11.63,11.25,76216.0,0.53,11.31,8724.0,306.0,11.36,170.0,11.38,16.69,1.65,56.55,56.55
sh601588,2.34,2.32,2.35,2.31,92616.0,0.43,2.33,2153.0,770.0,2.33,6917.0,2.35,19.83,0.54,62.24,78.79
sh601595,11.25,11.18,11.28,11.1,32214.0,0.54,11.19,3616.0,45.0,11.24,107.0,11.26,-14.93,2.64,50.42,50.42
sh601598,5.29,4.94,5.38,4.94,794334.0,6.87,4.95,41552.0,11092.0,5.28,2056.0,5.3,11.7,1.25,71.5,391.5
sh601599,3.26,3.19,3.3,3.18,75576.0,2.19,3.19,2457.0,1013.0,3.24,988.0,3.26,-3.98,3.34,29.1,37.83
sh601600,5.36,5.24,5.4,5.18,1494075.0,-0.19,5.37,79267.0,4777.0,5.34,8614.0,5.36,54.41,1.79,701.02,912.42
sh601601,28.89,28.98,29.39,28.6,259844.0,-0.82,29.13,75080.0,159.0,28.88,783.0,28.9,11.23,1.26,1816.23,2779.32
sh601606,10.03,9.98,10.05,9.95,38954.0,0.0,10.03,3897.0,700.0,10.01,174.0,10.03,60.42,3.06,29.86,72.64
sh601607,20.27,20.24,20.42,20.16,114731.0,-0.15,20.3,23279.0,255.0,20.26,208.0,20.28,10.33,1.21,389.78,576.09
sh601608,3.62,3.66,3.66,3.57,468103.0,-1.36,3.67,16915.0,1250.0,3.6,475.0,3.62,66.17,2.13,157.09,157.09
sh601609,9.1,8.82,9.19,8.8,226440.0,2.13,8.91,20369.0,1379.0,9.08,1444.0,9.1,24.12,1.98,54.37,134.72
sh601611,7.07,7.08,7.08,7.03,105379.0,-0.56,7.11,7431.0,1953.0,7.05,2470.0,7.07,11.97,1.58,185.59,187.33
sh601615,16.58,15.95,16.74,15.76,373021.0,2.92,16.11,61332.0,779.0,16.57,3323.0,16.59,21.82,2.07,244.16,323.46
sh601616,3.31,3.31,3.32,3.27,51907.0,-0.3,3.32,1711.0,756.0,3.3,5710.0,3.32,38.63,1.29,30.97,30.97
sh601618,2.99,2.97,2.99,2.93,706467.0,0.0,2.99,20929.0,6981.0,2.97,31882.0,2.99,7.64,0.78,533.79,619.64
sh601619,3.77,3.76,3.77,3.68,398372.0,-0.53,3.79,14848.0,3389.0,3.75,9145.0,3.77,35.7,2.29,86.43,89.03
sh601628,33.35,33.6,33.95,33.09,134295.0,-0.83,33.63,44901.0,104.0,33.32,81.0,33.35,15.26,2.02,6944.65,9426.28
sh601633,46.35,45.11,47.18,44.13,314512.0,0.63,46.06,144856.0,790.0,46.34,277.0,46.36,55.72,7.53,2815.48,4263.81
sh601636,20.21,19.64,20.3,19.25,402309.0,2.02,19.81,80372.0,401.0,20.19,107.0,20.21,21.33,5.74,542.88,542.88
sh601658,4.86,4.92,4.95,4.85,2337907.0,-1.82,4.95,113997.0,72084.0,4.84,5590.0,4.86,6.88,0.76,547.94,4489.86
sh601666,6.8,6.82,6.89,6.65,258763.0,-1.73,6.92,17483.0,1488.0,6.79,447.0,6.81,9.8,1.09,158.28,159.71
sh601668,4.66,4.65,4.68,4.61,976218.0,0.0,4.66,45315.0,4344.0,4.64,10985.0,4.66,4.04,0.65,1894.04,1954.78
sh601669,3.84,3.88,3.88,3.82,560113.0,-0.26,3.85,21533.0,3571.0,3.83,19034.0,3.85,6.74,0.63,427.95,587.48
sh601677,22.68,21.07,22.84,21.06,152895.0,5.54,21.49,34173.0,194.0,22.66,29.0,22.68,12.17,1.76,150.08,154.8
sh601678,7.75,7.6,7.85,7.52,348794.0,1.17,7.66,26943.0,1021.0,7.74,977.0,7.76,15.67,1.93,151.15,151.15
sh601686,11.14,11.12,11.15,11.06,15929.0,0.27,11.11,1770.0,450.0,11.12,113.0,11.14,12.22,2.62,15.82,160.26
sh601688,15.51,15.45,15.55,15.41,362473.0,0.0,15.51,56119.0,3116.0,15.5,4257.0,15.52,12.52,1.07,1006.13,1407.79
sh601689,32.13,32.04,32.38,31.3,191849.0,0.66,31.92,61211.0,90.0,32.12,2.0,32.14,46.56,3.61,338.97,354.09
sh601696,17.2,17.0,17.39,16.91,392708.0,-0.12,17.22,67655.0,265.0,17.19,719.0,17.21,58.32,3.13,249.69,477.82
sh601698,14.96,14.75,15.04,14.75,47402.0,0.13,14.94,7078.0,798.0,14.95,888.0,14.97,118.28,5.16,60.98,598.4
sh601699,12.05,12.18,12.35,11.9,471964.0,-3.52,12.49,56913.0,1122.0,12.04,366.0,12.06,12.8,1.27,360.46,360.46
sh601700,4.13,4.13,4.15,4.1,28307.0,-0.48,4.15,1168.0,385.0,4.12,1988.0,4.14,20.39,1.86,46.8,46.8
sh601702,7.15,6.93,7.24,6.89,132295.0,2.58,6.97,9439.0,1125.0,7.14,1756.0,7.16,22.75,2.61,17.85,71.39
sh601717,11.82,12.11,12.21,11.71,426056.0,-2.23,12.09,50599.0,87.0,11.81,50.0,11.83,15.05,1.56,176.03,209.78
sh601718,2.76,2.77,2.79,2.75,189197.0,-1.08,2.79,5230.0,12577.0,2.75,899.0,2.77,-15.31,0.71,121.21,121.21
sh601727,3.98,3.94,4.02,3.91,529126.0,0.25,3.97,21055.0,5459.0,3.97,454.0,3.99,14.52,0.89,503.68,625.1
sh601766,5.97,5.94,6.0,5.93,428890.0,0.17,5.96,25542.0,5893.0,5.96,5066.0,5.98,14.37,1.19,1452.37,1713.32
sh601777,5.06,5.0,5.1,4.96,88063.0,0.6,5.03,4422.0,132.0,5.05,1536.0,5.07,83.91,2.27,113.87,227.7
sh601778,5.41,5.31,5.45,5.26,145784.0,1.31,5.34,7817.0,184.0,5.4,2109.0,5.42,38.44,1.38,94.2,149.61
sh601788,16.27,16.12,16.37,16.1,298065.0,-0.12,16.29,48372.0,673.0,16.25,1509.0,16.27,38.93,1.47,635.62,750.18
sh601789,3.62,3.64,3.64,3.61,35910.0,-0.82,3.65,1302.0,1230.0,3.61,353.0,3.63,11.45,1.16,35.33,35.33
sh601798,5.86,5.81,5.9,5.81,14139.0,-0.34,5.88,830.0,300.0,5.85,132.0,5.87,-120.51,1.17,20.78,20.78
sh601799,217.28,211.44,220.46,207.0,19165.0,2.73,211.5,41492.0,46.0,217.18,1.0,217.4,46.78,10.55,601.44,601.44
sh601800,6.43,6.43,6.45,6.41,101005.0,-0.31,6.45,6491.0,538.0,6.42,2656.0,6.44,5.71,0.48,755.35,1039.46
sh601801,4.61,4.62,4.64,4.59,38682.0,-0.22,4.62,1786.0,1631.0,4.59,48.0,4.61,13.9,0.87,91.7,91.7
sh601808,14.4,14.07,14.4,13.88,62606.0,0.14,14.38,8851.0,70.0,14.38,389.0,14.4,39.38,1.81,426.31,687.11
sh601811,8.69,8.59,8.69,8.54,5449.0,0.58,8.64,471.0,20.0,8.66,81.0,8.69,8.49,1.07,68.82,107.22
sh601816,5.2,5.19,5.22,5.16,395416.0,0.0,5.2,20506.0,9149.0,5.18,7545.0,5.2,79.13,1.39,1421.09,2553.54
sh601818,3.7,3.71,3.72,3.69,689902.0,-0.27,3.71,25559.0,40298.0,3.69,59652.0,3.71,5.19,0.56,1530.07,1999.18
sh601827,9.21,9.16,9.23,9.12,57816.0,0.11,9.2,5307.0,129.0,9.19,330.0,9.21,13.59,1.92,73.66,154.57
sh601828,13.8,13.8,14.09,13.38,214103.0,0.07,13.79,29306.0,394.0,13.78,31.0,13.8,26.16,1.11,436.59,538.89
sh601838,13.7,13.37,13.97,13.3,319870.0,3.47,13.24,43762.0,113.0,13.68,2386.0,13.7,7.88,1.24,493.16,494.88
sh601857,5.12,5.11,5.16,5.06,1767700.0,-2.48,5.25,90326.0,14695.0,5.11,4381.0,5.13,14.88,0.76,8290.41,9370.67
sh601858,8.79,8.81,8.83,8.77,17553.0,-0.23,8.81,1544.0,320.0,8.78,398.0,8.8,13.66,1.63,69.48,69.48
sh601860,3.54,3.55,3.56,3.53,118630.0,-0.56,3.56,4199.0,3524.0,3.53,12164.0,3.55,8.95,0.9,62.06,129.6
sh601865,43.35,38.39,43.35,38.06,222282.0,10.0,39.41,92779.0,27880.0,43.34,0.0,0.0,41.32,8.88,194.22,930.37
sh601866,4.18,4.12,4.27,4.08,2094806.0,0.72,4.15,87231.0,4875.0,4.17,52.0,4.19,18.55,2.55,331.56,485.22
sh601869,23.85,23.78,23.96,23.62,6084.0,-0.08,23.87,1446.0,187.0,23.84,3.0,23.86,28.45,1.98,25.42,180.76
sh601872,4.6,4.64,4.65,4.55,336768.0,-2.13,4.7,15476.0,4371.0,4.59,172.0,4.61,19.67,1.43,309.11,372.05
sh601877,31.1,30.44,31.3,30.01,116558.0,1.63,30.6,35929.0,45.0,31.08,58.0,31.1,10.77,2.3,668.64,668.64
sh601878,12.05,11.95,12.13,11.91,253660.0,0.08,12.04,30525.0,1922.0,12.04,854.0,12.06,27.03,2.07,435.49,467.32
sh601880,1.68,1.69,1.69,1.68,373990.0,0.0,1.68,6294.0,33498.0,1.67,181420.0,1.69,42.97,1.09,293.41,380.07
sh601881,10.13,10.15,10.24,10.1,171602.0,-0.2,10.15,17417.0,393.0,10.11,451.0,10.13,13.74,1.31,653.01,1026.9
sh601882,16.75,16.07,16.93,15.97,40885.0,2.32,16.37,6805.0,24.0,16.73,53.0,16.76,46.31,6.54,87.44,87.44
sh601886,7.95,8.04,8.08,7.9,198947.0,-2.21,8.13,15901.0,323.0,7.94,107.0,7.96,8.08,1.02,91.75,91.75
sh601888,275.0,275.87,279.93,272.01,137092.0,-2.31,281.5,378112.0,2809.0,274.99,2.0,275.07,50.44,20.88,5369.31,5369.31
sh601890,5.69,5.71,5.73,5.65,86212.0,-0.35,5.71,4908.0,857.0,5.68,1730.0,5.7,54.6,1.79,54.59,54.59
sh601898,6.81,6.93,6.97,6.74,230561.0,-2.3,6.97,15710.0,67.0,6.8,1541.0,6.82,10.3,0.88,623.25,902.92
sh601899,9.99,9.83,10.07,9.76,2448612.0,-0.5,10.04,242801.0,5951.0,9.98,6151.0,10.0,32.96,4.74,2047.42,2630.13
sh601900,7.41,7.38,7.42,7.38,12556.0,0.14,7.4,928.0,98.0,7.4,378.0,7.42,8.24,1.03,66.38,66.38
sh601901,9.0,8.89,9.16,8.8,487972.0,1.12,8.9,44061.0,573.0,8.99,5041.0,9.01,46.13,1.84,740.89,740.89
sh601908,9.48,9.0,9.55,8.94,860419.0,4.18,9.1,80184.0,1154.0,9.47,1914.0,9.49,39.95,2.23,188.94,228.9
sh601916,3.99,3.98,3.99,3.95,216138.0,0.5,3.97,8587.0,4055.0,3.97,3574.0,3.99,6.87,0.71,279.72,848.62
sh601918,4.65,4.9,4.9,4.56,983887.0,-6.06,4.95,45818.0,6109.0,4.64,6252.0,4.66,9.28,1.61,120.46,120.46
sh601919,32.6,30.65,33.4,30.15,3030319.0,5.37,30.94,964371.0,472.0,32.58,5187.0,32.6,16.0,6.72,2840.69,4015.02
sh601928,7.22,7.17,7.27,7.1,55371.0,0.56,7.18,3976.0,27.0,7.2,328.0,7.22,9.06,1.19,183.74,183.74
sh601929,1.81,1.81,1.82,1.8,73186.0,-0.55,1.82,1327.0,14622.0,1.8,3364.0,1.82,76.49,0.85,56.31,56.31
sh601933,4.82,4.84,4.93,4.81,398984.0,1.05,4.77,19369.0,6044.0,4.81,4926.0,4.83,183.26,2.98,456.37,458.68
sh601939,6.67,6.7,6.73,6.64,630027.0,-0.3,6.69,42117.0,6083.0,6.66,14693.0,6.68,6.1,0.71,639.9,16675.73
sh601949,6.08,6.08,6.14,6.05,74074.0,-0.49,6.11,4510.0,704.0,6.07,1801.0,6.09,13.57,1.53,110.81,110.81
sh601952,10.66,10.63,10.79,10.5,145318.0,-0.84,10.75,15416.0,2120.0,10.64,465.0,10.66,21.4,2.86,146.89,146.89
sh601958,6.69,6.54,6.72,6.46,242084.0,1.83,6.57,16056.0,1689.0,6.68,2319.0,6.7,121.44,1.87,215.86,215.86
sh601965,17.36,16.9,17.38,16.71,46748.0,2.72,16.9,8026.0,208.0,17.35,112.0,17.37,27.95,3.33,167.88,171.81
sh601966,42.25,40.08,43.09,39.47,95346.0,5.31,40.12,39990.0,140.0,42.22,53.0,42.25,24.76,3.55,573.12,580.31
sh601968,9.57,9.32,9.62,9.27,60928.0,1.81,9.4,5740.0,40.0,9.54,88.0,9.57,47.78,3.18,80.15,108.41
sh601969,13.01,12.68,13.38,12.35,512755.0,0.31,12.97,66290.0,1629.0,12.99,1083.0,13.01,76.03,6.05,254.31,254.31
sh601975,2.08,2.08,2.09,2.07,272468.0,-0.48,2.09,5669.0,6548.0,2.07,43029.0,2.09,13.69,1.76,72.7,100.94
sh601985,5.17,5.17,5.21,5.12,406789.0,0.0,5.17,21002.0,76.0,5.15,7965.0,5.17,13.43,1.46,804.73,902.48
sh601988,3.08,3.09,3.09,3.07,863284.0,-0.32,3.09,26573.0,560705.0,3.06,283887.0,3.08,4.67,0.52,6491.58,9067.14
sh601989,4.12,4.14,4.15,4.11,470034.0,-0.48,4.14,19375.0,23128.0,4.1,12474.0,4.12,-247.97,1.1,753.3,939.44
sh601990,9.98,9.86,10.11,9.85,366337.0,0.3,9.95,36586.0,2199.0,9.97,1436.0,9.99,48.7,2.3,361.27,367.9
sh601991,2.58,2.6,2.61,2.55,205285.0,-1.15,2.61,5286.0,1503.0,2.57,5138.0,2.59,15.19,1.13,319.82,477.47
sh601992,2.6,2.63,2.63,2.59,196722.0,-1.14,2.63,5124.0,14807.0,2.59,3365.0,2.61,9.48,0.6,216.69,277.62
sh601995,56.74,54.44,57.39,54.42,263935.0,2.83,55.18,149069.0,176.0,56.72,490.0,56.74,35.09,3.99,182.14,2738.99
sh601996,3.24,3.23,3.27,3.21,98741.0,-0.61,3.26,3195.0,478.0,3.23,2359.0,3.25,18.39,1.36,35.0,37.12
sh601997,7.17,7.18,7.24,7.15,119681.0,-0.28,7.19,8603.0,1859.0,7.16,206.0,7.18,4.38,0.61,221.98,262.15
sh601998,5.1,5.12,5.14,5.1,119942.0,-0.58,5.13,6134.0,9792.0,5.09,20.0,5.11,4.97,0.52,1736.69,2495.68
sh601999,6.58,6.66,6.68,6.53,66475.0,-1.05,6.65,4376.0,347.0,6.56,82.0,6.58,23.23,1.54,36.25,36.25
sh603000,15.22,15.2,15.31,15.13,51040.0,0.2,15.19,7770.0,185.0,15.21,412.0,15.23,52.3,5.02,168.29,168.29
sh603001,10.44,9.44,10.44,9.41,92378.0,10.01,9.49,9378.0,21919.0,10.41,0.0,0.0,57.86,1.21,41.86,41.86
sh603002,6.54,6.54,6.58,6.44,59226.0,-0.15,6.55,3857.0,424.0,6.52,1340.0,6.54,21.65,3.27,40.18,59.81
sh603003,7.34,7.39,7.42,7.27,23668.0,-0.54,7.38,1734.0,28.0,7.32,136.0,7.34,-248.01,0.81,29.54,29.54
sh603005,54.51,53.3,54.79,51.89,156828.0,0.42,54.28,83993.0,242.0,54.5,110.0,54.52,49.75,6.33,210.33,222.44
sh603006,8.81,8.75,8.86,8.71,8625.0,0.69,8.75,758.0,405.0,8.8,87.0,8.82,21.96,1.29,16.83,22.4
sh603007,3.52,3.42,3.59,3.39,97078.0,2.03,3.45,3408.0,406.0,3.51,692.0,3.53,47.01,1.03,11.74,11.82
sh603008,29.79,29.99,30.86,29.2,96014.0,1.43,29.37,28717.0,9.0,29.78,100.0,29.85,25.52,3.94,115.41,115.41
sh603009,5.97,5.88,5.99,5.84,45379.0,2.23,5.84,2700.0,243.0,5.95,426.0,5.97,45.0,1.31,20.2,21.42
sh603010,20.98,20.6,21.15,20.3,64186.0,0.96,20.78,13344.0,39.0,20.97,367.0,20.99,18.1,5.57,101.44,101.81
sh603011,4.86,4.88,4.9,4.85,22695.0,-0.41,4.88,1105.0,475.0,4.85,788.0,4.88,35.86,1.29,21.82,21.9
sh603012,6.11,6.18,6.21,6.08,71838.0,-1.45,6.2,4400.0,310.0,6.1,819.0,6.12,10.51,1.34,38.89,38.89
sh603013,13.96,13.81,14.08,13.81,13943.0,2.05,13.68,1946.0,243.0,13.94,46.0,13.96,13.25,2.04,71.2,71.79
sh603015,6.89,6.88,6.9,6.79,37642.0,-0.14,6.9,2579.0,157.0,6.87,359.0,6.89,33.8,2.21,27.85,27.85
sh603016,27.46,27.13,27.76,27.13,8921.0,-0.07,27.48,2450.0,74.0,27.45,145.0,27.47,67.26,5.47,40.68,40.68
sh603017,10.2,10.07,10.2,10.0,30249.0,1.29,10.07,3061.0,586.0,10.18,57.0,10.2,13.01,1.55,28.03,28.23
sh603018,7.83,7.84,7.92,7.8,17130.0,-0.89,7.9,1343.0,439.0,7.82,77.0,7.84,8.69,1.53,52.35,52.35
sh603019,26.92,26.4,27.06,25.91,168408.0,2.01,26.39,44614.0,1225.0,26.91,569.0,26.93,46.61,3.31,390.54,393.89
sh603020,18.66,18.3,19.02,17.92,77810.0,1.86,18.32,14348.0,23.0,18.64,117.0,18.66,30.31,2.68,59.71,59.71
sh603021,4.98,5.0,5.0,4.95,14463.0,-0.6,5.01,720.0,1237.0,4.96,107.0,4.98,34.83,1.26,15.93,15.93
sh603022,12.89,12.14,13.15,12.12,21552.0,6.44,12.11,2740.0,20.0,12.87,40.0,12.89,67.66,3.8,25.78,25.78
sh603023,4.18,4.22,4.28,4.18,23352.0,-1.18,4.23,986.0,1090.0,4.17,78.0,4.19,192.34,3.1,23.49,23.49
sh603025,36.22,34.7,37.17,34.42,182861.0,4.05,34.81,66313.0,97.0,36.21,231.0,36.23,131.11,19.89,333.91,335.43
sh603026,205.49,185.0,205.88,183.01,136365.0,8.87,188.75,265817.0,12.0,205.45,291.0,205.49,81.75,18.16,416.49,416.49
sh603027,28.8,29.02,29.7,28.67,145282.0,-3.23,29.76,42145.0,880.0,28.79,80.0,28.81,131.24,11.87,228.84,230.05
sh603028,10.16,10.0,10.22,9.9,29621.0,2.73,9.89,2996.0,1.0,10.15,371.0,10.17,49.54,3.81,29.16,29.16
sh603029,13.51,13.28,13.58,13.21,9717.0,2.27,13.21,1309.0,16.0,13.48,4.0,13.51,74.33,1.77,12.61,12.61
sh603030,4.54,4.56,4.57,4.47,52045.0,0.0,4.54,2344.0,712.0,4.52,1588.0,4.54,17.87,1.08,24.43,24.43
sh603031,27.25,25.9,27.58,25.68,12198.0,5.01,25.95,3238.0,5.0,27.2,61.0,27.25,-167.4,4.97,30.52,30.52
sh603032,18.45,17.43,18.45,17.4,21368.0,5.01,17.57,3872.0,5451.0,18.3,0.0,0.0,-560.74,4.37,29.52,29.52
sh603033,17.67,17.58,17.89,17.48,19534.0,0.06,17.66,3452.0,46.0,17.66,8.0,17.69,40.89,3.45,61.57,105.43
sh603035,14.3,13.92,14.53,13.75,265335.0,1.49,14.09,37424.0,434.0,14.28,397.0,14.3,11.07,1.41,51.36,51.36
sh603036,8.24,8.18,8.29,8.17,8980.0,0.0,8.24,738.0,18.0,8.21,154.0,8.24,24.52,1.55,16.82,17.03
sh603037,15.53,15.6,15.7,15.3,10103.0,-1.02,15.69,1570.0,51.0,15.52,27.0,15.54,17.17,1.97,16.29,16.29
sh603038,13.81,13.35,13.97,13.0,17864.0,3.21,13.38,2446.0,70.0,13.8,4.0,13.82,40.19,2.37,25.43,25.43
sh603039,79.5,80.5,81.48,76.58,30324.0,2.66,77.44,23837.0,8.0,79.39,0.0,79.5,87.53,13.46,204.2,207.19
sh603040,19.55,19.32,19.58,19.09,11353.0,1.35,19.29,2188.0,91.0,19.53,24.0,19.56,16.72,2.85,26.19,26.19
sh603041,11.95,11.91,11.98,11.85,5262.0,0.42,11.9,629.0,18.0,11.92,70.0,11.96,15.21,1.92,16.83,16.84
sh603042,13.03,12.88,13.03,12.78,17905.0,0.93,12.91,2313.0,123.0,13.01,167.0,13.03,45.53,2.2,17.72,17.72
sh603043,25.87,25.5,26.05,25.5,18880.0,0.9,25.64,4881.0,363.0,25.85,66.0,25.87,29.32,5.66,146.32,146.32
sh603045,12.4,12.14,12.65,12.06,39095.0,2.48,12.1,4868.0,7.0,12.39,157.0,12.41,27.66,2.05,17.06,17.06
sh603050,13.5,13.68,13.68,13.34,30277.0,0.15,13.48,4084.0,235.0,13.49,142.0,13.51,17.6,1.83,21.81,21.9
sh603053,10.21,10.18,10.26,10.15,10109.0,0.1,10.2,1032.0,22.0,10.2,81.0,10.22,19.74,2.37,57.27,90.76
sh603055,7.75,7.2,7.99,6.88,154348.0,3.89,7.46,11246.0,466.0,7.74,21.0,7.77,32.22,2.15,60.0,64.48
sh603056,10.86,10.66,10.94,10.58,36220.0,1.69,10.68,3918.0,170.0,10.85,90.0,10.87,16.71,2.12,104.26,111.53
sh603058,6.87,6.86,6.92,6.85,12311.0,-0.29,6.89,846.0,631.0,6.86,208.0,6.88,24.31,2.57,28.79,28.79
sh603059,23.91,23.95,23.99,23.65,11017.0,-0.71,24.08,2628.0,124.0,23.9,39.0,23.93,27.29,2.27,23.91,23.91
sh603060,17.65,17.49,17.89,17.21,39497.0,-0.06,17.66,6936.0,75.0,17.63,36.0,17.65,42.18,7.71,106.55,106.55
sh603063,16.67,16.61,17.0,16.3,111065.0,-0.3,16.72,18482.0,582.0,16.65,287.0,16.67,23.9,2.52,71.97,72.47
sh603066,8.07,7.96,8.08,7.89,12837.0,1.25,7.97,1030.0,18.0,8.05,142.0,8.07,26.71,2.33,24.27,24.27
sh603067,7.56,7.33,7.56,7.32,66565.0,3.14,7.33,4967.0,827.0,7.54,574.0,7.56,23.86,2.01,32.6,37.73
sh603068,76.62,76.4,77.46,74.2,23061.0,-0.78,77.22,17537.0,5.0,76.61,37.0,76.65,415.98,5.77,72.14,115.26
sh603069,22.77,22.6,23.34,22.25,106632.0,-2.86,23.44,24288.0,25.0,22.75,819.0,22.77,-119.28,7.28,71.95,71.95
sh603076,49.24,48.15,50.1,47.66,18181.0,0.33,49.08,8894.0,12.0,49.23,20.0,49.25,56.62,4.58,51.36,59.43
sh603077,1.95,2.1,2.1,1.95,4797225.0,-10.14,2.17,95542.0,18777.0,0.0,79680.0,1.96,53.3,1.53,172.21,172.21
sh603078,24.48,23.76,24.65,23.49,61323.0,1.37,24.15,14757.0,159.0,24.47,88.0,24.49,81.7,4.26,47.97,47.97
sh603079,16.46,16.38,16.52,16.33,4909.0,0.18,16.43,807.0,34.0,16.44,38.0,16.47,17.79,2.22,28.18,28.18
sh603080,12.19,12.2,12.25,12.14,15964.0,-0.25,12.22,1945.0,85.0,12.18,174.0,12.2,18.52,1.43,17.25,17.25
sh603081,10.95,10.92,11.0,10.9,9800.0,0.18,10.93,1073.0,30.0,10.94,60.0,10.96,12.91,2.03,44.0,44.0
sh603083,13.88,13.65,14.04,13.45,54925.0,1.54,13.67,7562.0,265.0,13.86,101.0,13.88,-19.47,2.06,35.01,35.01
sh603085,6.86,6.88,6.92,6.84,32793.0,-0.29,6.88,2251.0,237.0,6.85,420.0,6.87,37.55,2.46,25.4,25.4
sh603086,9.23,9.08,9.28,9.08,15864.0,1.21,9.12,1465.0,139.0,9.21,54.0,9.23,11.92,1.19,20.26,20.48
sh603087,99.89,99.64,101.09,98.75,19364.0,0.2,99.69,19373.0,32.0,99.88,9.0,99.9,43.23,6.3,287.97,560.92
sh603088,5.56,5.56,5.59,5.53,16412.0,-0.36,5.58,912.0,115.0,5.54,225.0,5.56,24.85,2.96,17.09,17.09
sh603089,8.99,8.89,9.04,8.82,28227.0,1.01,8.9,2523.0,336.0,8.97,22.0,8.99,12.84,1.94,20.0,20.0
sh603090,14.51,14.0,14.63,13.82,12517.0,3.5,14.02,1798.0,11.0,14.49,89.0,14.51,211.12,2.9,14.51,14.51
sh603093,14.42,14.35,14.51,14.27,13301.0,-0.14,14.44,1920.0,16.0,14.41,2.0,14.43,90.21,3.08,15.92,87.97
sh603095,23.19,23.01,23.34,23.01,4444.0,0.78,23.01,1032.0,12.0,23.17,3.0,23.19,21.62,1.59,8.67,30.61
sh603096,32.9,32.48,33.06,32.17,4443.0,0.8,32.64,1447.0,6.0,32.85,9.0,32.9,24.83,2.69,53.46,53.46
sh603098,37.44,35.01,37.93,34.78,188407.0,3.51,36.17,69038.0,160.0,37.42,762.0,37.44,108.57,7.65,201.73,201.73
sh603099,8.08,8.2,8.29,8.08,41003.0,-1.7,8.22,3355.0,46.0,8.07,1123.0,8.09,-32.88,2.2,21.55,21.55
sh603100,17.36,16.9,17.5,16.45,42003.0,2.0,17.02,7179.0,13.0,17.34,275.0,17.36,12.07,2.49,68.57,68.57
sh603101,5.12,5.17,5.2,5.08,15485.0,-0.97,5.17,794.0,21.0,5.11,266.0,5.13,50.1,1.68,24.08,24.08
sh603103,14.98,14.96,15.11,14.85,24842.0,-0.86,15.11,3718.0,36.0,14.97,31.0,15.0,-56.09,5.77,95.0,95.0
sh603105,8.29,8.1,8.37,8.1,105796.0,1.1,8.2,8740.0,321.0,8.27,1261.0,8.29,50.29,2.73,25.56,41.45
sh603106,5.5,5.55,5.57,5.5,21381.0,-0.9,5.55,1181.0,877.0,5.49,19.0,5.51,117.06,1.75,28.63,28.63
sh603108,11.14,11.4,11.45,11.1,40961.0,-1.5,11.31,4578.0,55.0,11.12,65.0,11.14,16.55,2.03,64.56,64.56
sh603109,23.32,23.36,24.02,23.27,13894.0,-0.55,23.45,3273.0,17.0,23.31,8.0,23.33,26.16,2.58,10.88,34.2
sh603110,31.2,31.0,31.8,30.82,8480.0,0.74,30.97,2656.0,7.0,31.18,31.0,31.2,120.22,9.8,62.78,62.78
sh603111,4.91,4.89,4.93,4.85,27356.0,0.41,4.89,1340.0,157.0,4.9,1407.0,4.92,11.11,1.58,41.05,48.77
sh603112,10.86,10.82,10.88,10.75,11819.0,0.56,10.8,1279.0,76.0,10.84,83.0,10.86,17.32,2.67,5.78,47.36
sh603113,17.78,17.62,18.03,17.61,31929.0,0.17,17.75,5683.0,17.0,17.77,48.0,17.79,13.44,1.89,128.07,151.44
sh603115,14.06,14.04,14.08,13.93,5694.0,0.14,14.04,798.0,2.0,14.05,80.0,14.07,22.32,2.64,7.31,29.24
sh603116,7.17,7.14,7.25,7.1,50882.0,0.14,7.16,3646.0,302.0,7.16,156.0,7.18,50.51,1.26,41.31,41.31
sh603117,3.58,3.57,3.59,3.55,18710.0,0.56,3.56,668.0,306.0,3.56,864.0,3.58,58.08,1.0,22.67,22.67
sh603118,9.18,9.13,9.18,9.03,87482.0,0.22,9.16,7952.0,856.0,9.16,354.0,9.18,19.99,1.53,71.21,71.21
sh603121,10.42,10.37,10.47,10.33,15992.0,0.1,10.41,1665.0,273.0,10.41,66.0,10.43,38.34,2.44,12.39,27.47
sh603123,7.08,7.06,7.1,7.02,12187.0,0.14,7.07,861.0,331.0,7.07,288.0,7.09,33.11,1.48,37.11,56.55
sh603126,9.18,9.26,9.26,9.08,135222.0,-0.86,9.26,12376.0,451.0,9.16,272.0,9.18,31.15,3.1,56.04,56.04
sh603127,159.75,150.6,162.0,150.6,34737.0,3.06,155.01,54914.0,15.0,159.72,2.0,159.8,111.15,6.56,362.75,432.64
sh603128,14.79,14.3,15.08,14.03,222522.0,5.12,14.07,32872.0,310.0,14.77,232.0,14.79,29.35,4.06,193.67,193.67
sh603129,122.5,119.0,123.99,116.33,8658.0,3.55,118.3,10551.0,8.0,122.48,10.0,122.5,40.88,10.28,164.23,164.61
sh603131,16.79,16.88,16.97,16.71,14546.0,-0.65,16.9,2452.0,77.0,16.78,43.0,16.8,41.24,4.26,49.93,53.39
sh603133,10.74,10.4,10.98,10.4,53934.0,2.58,10.47,5798.0,199.0,10.73,380.0,10.75,-20.07,2.54,22.47,22.57
sh603136,15.54,15.65,15.84,15.5,13026.0,-1.52,15.78,2033.0,0.0,15.53,102.0,15.55,37.73,3.08,28.95,28.95
sh603138,13.11,13.07,13.2,12.93,19970.0,0.23,13.08,2600.0,110.0,13.1,201.0,13.12,94.81,6.52,33.12,33.76
sh603139,17.17,17.13,17.37,17.13,4307.0,-0.87,17.32,742.0,10.0,17.15,4.0,17.17,47.32,1.7,17.15,17.15
sh603155,53.03,50.43,54.88,49.81,38642.0,5.26,50.38,20535.0,1.0,53.02,35.0,53.04,44.15,4.23,20.62,82.49
sh603156,29.73,28.87,29.95,28.58,49473.0,2.91,28.89,14606.0,75.0,29.7,379.0,29.73,21.01,3.41,376.23,376.23
sh603157,2.88,2.92,3.02,2.83,76359.0,-1.37,2.92,2215.0,825.0,2.86,268.0,2.88,-1.06,-2.32,9.58,15.77
sh603158,11.87,11.55,11.9,11.53,26536.0,2.5,11.58,3120.0,24.0,11.86,87.0,11.88,20.47,2.9,35.85,35.85
sh603159,16.57,17.05,17.86,16.25,86849.0,2.03,16.24,14682.0,45.0,16.56,36.0,16.58,46.06,5.3,23.2,23.2
sh603160,114.06,112.5,114.68,112.1,37637.0,0.11,113.94,42831.0,37.0,114.05,13.0,114.07,32.42,6.5,518.09,522.28
sh603161,14.47,14.33,14.52,14.27,19759.0,0.7,14.37,2857.0,51.0,14.46,317.0,14.48,57.86,1.46,19.3,19.3
sh603165,13.05,12.9,13.15,12.89,13379.0,0.46,12.99,1743.0,40.0,13.03,97.0,13.05,13.62,2.2,34.34,34.34
sh603166,6.84,6.83,6.91,6.78,23236.0,0.0,6.84,1590.0,564.0,6.82,341.0,6.84,17.36,1.83,40.49,40.49
sh603167,8.24,8.2,8.26,8.12,90895.0,-1.32,8.35,7433.0,434.0,8.22,531.0,8.24,17.29,1.16,38.66,38.96
sh603168,8.8,8.94,8.97,8.75,62302.0,-1.9,8.97,5516.0,70.0,8.78,106.0,8.8,-16.77,2.16,28.39,28.39
sh603169,4.32,4.34,4.34,4.27,37752.0,0.0,4.32,1626.0,356.0,4.3,1261.0,4.32,-20.74,2.91,45.42,45.42
sh603177,14.06,14.52,14.68,14.02,17031.0,-3.57,14.58,2426.0,193.0,14.05,2.0,14.07,-24.13,7.14,28.4,28.4
sh603178,10.43,10.12,10.46,10.01,41967.0,2.36,10.19,4348.0,155.0,10.41,102.0,10.43,26.54,3.0,20.96,20.96
sh603179,32.29,32.9,33.38,31.7,41407.0,-4.24,33.72,13368.0,20.0,32.28,111.0,32.3,37.2,3.48,103.35,119.43
sh603180,46.75,45.58,47.27,45.04,9211.0,1.5,46.06,4286.0,459.0,46.72,3.0,46.76,21.88,3.32,66.44,72.27
sh603181,16.64,16.2,16.87,16.2,29961.0,0.85,16.5,4977.0,544.0,16.63,198.0,16.65,19.69,3.49,67.56,67.56
sh603183,5.76,5.78,5.84,5.68,53346.0,0.17,5.75,3064.0,345.0,5.75,382.0,5.77,17.86,1.85,22.7,24.04
sh603185,187.11,168.3,187.11,167.01,74193.0,10.0,170.1,134892.0,1357.0,187.1,0.0,0.0,65.75,8.56,148.02,515.03
sh603186,36.61,36.77,36.93,35.99,40993.0,-1.4,37.13,14941.0,170.0,36.6,8.0,36.64,30.42,3.51,51.3,52.0
sh603187,42.37,42.26,42.8,40.85,16812.0,-1.12,42.85,7080.0,11.0,42.36,6.0,42.38,36.17,4.52,78.55,102.1
sh603188,5.43,5.4,5.43,5.37,13035.0,0.56,5.4,704.0,40.0,5.41,72.0,5.43,-4.95,1.39,31.28,31.28
sh603189,18.65,18.15,19.15,17.9,56238.0,2.25,18.24,10497.0,25.0,18.64,21.0,18.66,52.98,4.48,41.18,41.18
sh603192,21.35,21.49,21.55,21.21,2245.0,-0.7,21.5,481.0,16.0,21.33,23.0,21.37,17.31,1.78,5.69,22.77
sh603195,224.96,218.0,226.56,215.82,22128.0,3.14,218.11,49474.0,27.0,224.95,7.0,224.97,49.13,15.69,169.59,1350.99
sh603196,8.48,8.42,8.66,8.26,78440.0,-1.74,8.63,6646.0,70.0,8.47,114.0,8.49,-131.18,2.55,20.35,20.35
sh603197,31.57,30.86,31.85,30.86,21935.0,1.12,31.22,6903.0,100.0,31.55,4.0,31.58,29.45,3.07,51.76,65.25
sh603198,41.22,40.6,42.2,40.5,86283.0,1.55,40.59,35762.0,558.0,41.21,98.0,41.23,30.26,6.66,329.76,329.76
sh603199,20.01,19.91,20.07,19.8,3895.0,0.2,19.97,779.0,10.0,19.99,17.0,20.01,22.33,1.8,22.15,22.15
sh603200,17.43,17.44,17.53,17.32,4863.0,0.0,17.43,847.0,233.0,17.42,22.0,17.44,88.9,2.67,21.84,21.95
sh603203,27.1,26.9,27.37,26.16,12290.0,-0.37,27.2,3326.0,36.0,27.08,593.0,27.1,24.75,4.25,50.9,50.9
sh603208,97.67,92.04,99.9,92.04,12455.0,6.09,92.06,12093.0,6.0,97.63,147.0,97.68,24.35,6.1,102.61,102.61
sh603212,30.87,29.94,31.12,29.23,41550.0,3.18,29.92,12644.0,305.0,30.86,81.0,30.88,61.27,6.47,78.79,123.48
sh603214,21.74,21.85,21.95,21.55,13496.0,-0.59,21.87,2936.0,417.0,21.72,66.0,21.74,26.09,3.22,30.55,31.01
sh603217,28.49,28.65,28.8,28.34,10156.0,-0.73,28.7,2894.0,139.0,28.48,2.0,28.53,17.15,1.58,13.02,36.31
sh603218,24.72,25.2,25.43,24.65,164541.0,-3.21,25.54,41122.0,12.0,24.71,190.0,24.73,21.33,2.79,238.31,239.19
sh603220,11.99,12.0,12.13,11.91,16893.0,-0.25,12.02,2025.0,132.0,11.96,170.0,12.0,41.97,2.49,22.26,40.5
sh603221,10.64,10.6,10.68,10.56,8828.0,0.28,10.61,938.0,18.0,10.62,274.0,10.64,37.19,1.75,6.46,25.54
sh603222,15.54,15.76,15.76,15.5,61980.0,-1.4,15.76,9638.0,1849.0,15.53,1503.0,15.55,98.7,4.66,49.73,52.95
sh603223,29.78,30.17,30.17,29.6,18634.0,-1.36,30.19,5565.0,419.0,29.77,6.0,29.82,44.03,7.15,84.05,84.05
sh603225,20.61,19.8,20.68,19.72,58586.0,2.03,20.2,11934.0,245.0,20.6,3.0,20.62,27.73,2.4,283.05,288.9
sh603226,6.56,6.53,6.6,6.53,8779.0,0.31,6.54,576.0,21.0,6.55,114.0,6.57,21.76,1.78,17.94,17.94
sh603227,5.38,5.33,5.46,5.32,145442.0,0.94,5.33,7808.0,336.0,5.37,772.0,5.39,24.57,2.65,35.44,38.98
sh603228,24.91,24.15,24.99,24.05,52398.0,2.93,24.2,12836.0,28.0,24.85,10.0,24.91,22.28,3.4,209.4,212.54
sh603229,33.45,34.46,34.68,33.33,57565.0,-3.57,34.69,19417.0,10.0,33.44,22.0,33.46,87.5,8.2,94.85,96.02
sh603232,16.74,16.98,16.98,16.58,40701.0,-2.16,17.11,6787.0,276.0,16.73,165.0,16.75,64.32,2.97,38.79,38.79
sh603233,48.19,47.52,48.8,47.18,25407.0,1.01,47.71,12257.0,50.0,48.18,132.0,48.2,33.93,7.12,379.55,380.87
sh603236,160.93,158.86,163.86,157.56,17501.0,0.14,160.7,28134.0,1.0,160.9,17.0,160.93,108.5,7.81,148.57,233.95
sh603238,14.89,14.89,14.97,14.81,5831.0,-0.6,14.98,868.0,92.0,14.88,100.0,14.9,9.93,2.21,25.91,26.66
sh603239,17.18,16.91,17.64,16.91,29180.0,1.78,16.88,5078.0,13.0,17.16,359.0,17.18,37.59,5.04,46.51,46.51
sh603256,8.91,8.89,8.96,8.85,17008.0,0.0,8.91,1515.0,211.0,8.9,122.0,8.92,65.84,5.44,12.12,78.21
sh603258,25.0,24.5,25.03,24.49,13286.0,1.3,24.68,3291.0,56.0,24.99,40.0,25.01,15.65,2.7,60.3,61.86
sh603259,156.61,145.49,159.1,144.0,378750.0,7.25,146.03,579766.0,121.0,156.59,157.0,156.61,111.16,13.05,3987.45,4620.97
sh603260,78.4,77.2,78.7,75.27,75471.0,2.69,76.35,58813.0,354.0,78.39,10.0,78.42,40.96,6.44,735.39,842.15
sh603266,12.17,12.18,12.35,12.16,19477.0,-0.98,12.29,2381.0,34.0,12.16,94.0,12.18,22.7,2.34,24.06,24.21
sh603267,124.23,112.7,124.87,112.7,52041.0,9.18,113.78,62036.0,37.0,124.15,3.0,124.25,45.74,10.09,195.68,288.72
sh603268,15.1,14.17,15.19,14.09,17407.0,6.56,14.17,2574.0,140.0,15.08,22.0,15.11,-1527.08,2.84,18.75,18.75
sh603269,10.79,10.8,10.94,10.78,7857.0,-0.55,10.85,854.0,55.0,10.78,48.0,10.81,19.17,1.41,12.14,12.14
sh603277,21.21,21.12,21.5,20.8,10293.0,0.76,21.05,2188.0,13.0,21.16,43.0,21.21,25.58,3.98,86.57,89.13
sh603278,8.57,8.56,8.65,8.5,22519.0,0.0,8.57,1929.0,215.0,8.55,6.0,8.57,15.31,1.48,24.85,24.85
sh603279,23.57,21.95,23.75,21.8,115815.0,7.82,21.86,26717.0,50.0,23.54,6.0,23.57,17.64,3.45,44.86,97.1
sh603283,28.5,28.98,28.99,27.83,42330.0,-1.32,28.88,11998.0,180.0,28.49,170.0,28.51,29.98,4.64,50.98,51.87
sh603286,15.07,15.16,15.3,14.99,15358.0,-1.25,15.26,2323.0,387.0,15.05,25.0,15.07,67.52,2.8,13.27,13.27
sh603288,116.96,116.0,118.25,115.0,62210.0,-0.54,117.59,72663.0,9.0,116.94,161.0,116.96,73.06,22.37,4927.03,4927.03
sh603289,9.7,9.52,9.73,9.5,20636.0,1.04,9.6,1996.0,81.0,9.68,91.0,9.7,25.71,2.34,25.77,28.79
sh603290,325.0,309.5,328.03,296.01,28588.0,1.15,321.3,90940.0,10.0,324.98,114.0,325.0,227.41,44.06,256.61,520.0
sh603297,64.45,64.28,64.76,62.86,8646.0,-0.71,64.91,5522.0,3.0,64.24,3.0,64.45,28.39,5.38,33.17,71.21
sh603298,17.05,17.0,17.24,16.8,35828.0,-0.06,17.06,6088.0,2.0,17.01,57.0,17.05,16.3,3.09,147.72,147.72
sh603299,7.65,7.46,7.66,7.44,81443.0,1.46,7.54,6178.0,157.0,7.63,2982.0,7.65,46.69,1.45,42.8,59.24
sh603300,12.28,12.15,12.66,12.05,86359.0,0.16,12.26,10705.0,391.0,12.27,185.0,12.29,30.39,3.25,106.62,110.85
sh603301,42.88,42.6,43.29,42.4,13188.0,-0.02,42.89,5664.0,99.0,42.86,32.0,42.88,3.58,2.27,97.43,97.43
sh603303,17.3,17.14,17.6,17.04,52929.0,0.0,17.3,9155.0,108.0,17.29,149.0,17.31,22.55,2.95,82.51,82.51
sh603305,32.48,33.55,33.55,32.02,44890.0,-3.22,33.56,14610.0,9.0,32.47,71.0,32.49,39.06,4.45,145.2,145.2
sh603306,40.6,38.21,40.7,37.6,114654.0,6.01,38.3,45287.0,12.0,40.55,19.0,40.6,55.53,5.06,124.65,125.35
sh603308,20.52,19.4,20.86,19.26,73071.0,5.23,19.5,14835.0,88.0,20.5,391.0,20.52,62.67,3.65,140.18,140.18
sh603309,13.51,13.5,13.68,13.48,17152.0,-1.1,13.66,2322.0,56.0,13.5,15.0,13.53,20.92,3.18,35.13,35.13
sh603311,10.75,10.75,10.79,10.72,6753.0,-0.46,10.8,726.0,95.0,10.74,105.0,10.76,23.14,2.67,22.57,22.57
sh603313,28.84,28.88,29.25,28.67,33830.0,-0.96,29.12,9770.0,54.0,28.83,32.0,28.85,30.53,3.0,107.66,107.94
sh603315,12.17,12.27,12.27,12.13,11048.0,-0.25,12.2,1345.0,44.0,12.16,100.0,12.18,39.86,2.7,26.77,37.37
sh603316,5.4,5.41,5.45,5.39,24959.0,-0.18,5.41,1351.0,859.0,5.39,293.0,5.41,29.67,1.57,14.27,14.27
sh603317,31.55,32.01,32.36,31.2,72212.0,-1.9,32.16,22848.0,30.0,31.54,14.0,31.58,64.96,6.26,58.23,238.69
sh603318,6.34,6.33,6.38,6.31,17443.0,0.16,6.33,1106.0,644.0,6.32,304.0,6.34,55.01,2.4,23.97,23.97
sh603319,24.46,27.15,27.15,23.64,119897.0,-6.89,26.27,29200.0,84.0,24.44,78.0,24.46,22.17,2.92,35.79,39.29
sh603320,11.8,11.9,11.9,11.55,23478.0,-0.84,11.9,2753.0,7.0,11.78,198.0,11.8,33.75,2.25,15.34,15.34
sh603321,7.01,6.98,7.03,6.97,8748.0,0.14,7.0,612.0,83.0,7.0,53.0,7.02,38.16,1.98,21.52,21.52
sh603322,13.84,13.63,14.04,13.46,19561.0,1.69,13.61,2684.0,239.0,13.82,52.0,13.84,56.59,5.01,21.66,22.16
sh603323,4.61,4.67,4.68,4.57,212135.0,-0.43,4.63,9778.0,1119.0,4.59,483.0,4.61,8.63,0.7,66.38,83.12
sh603326,11.02,11.22,11.41,10.96,7708.0,-2.13,11.26,860.0,51.0,11.01,33.0,11.03,15.5,3.42,34.67,35.51
sh603327,14.76,14.6,14.83,14.5,6871.0,1.1,14.6,1012.0,100.0,14.74,90.0,14.76,19.52,4.16,15.12,59.19
sh603328,7.23,7.2,7.26,7.19,22732.0,0.0,7.23,1645.0,441.0,7.22,3.0,7.24,42.86,2.22,72.19,72.19
sh603329,12.06,12.1,12.15,11.88,9177.0,-0.33,12.1,1102.0,31.0,12.04,22.0,12.06,24.19,2.08,15.92,19.15
sh603330,27.56,27.31,27.73,27.29,10966.0,-0.14,27.6,3022.0,22.0,27.53,28.0,27.6,73.29,4.68,42.13,46.8
sh603331,10.23,10.24,10.42,10.13,5941.0,-0.1,10.24,607.0,91.0,10.2,31.0,10.24,18.27,2.17,18.23,18.23
sh603332,17.92,17.98,18.18,17.73,37301.0,-1.48,18.19,6674.0,294.0,17.91,238.0,17.93,44.66,1.6,5.33,21.31
sh603333,5.45,5.45,5.51,5.41,13584.0,0.0,5.45,741.0,38.0,5.44,45.0,5.46,84.17,1.91,28.16,28.33
sh603335,4.42,4.33,4.43,4.31,40408.0,1.84,4.34,1774.0,243.0,4.4,1985.0,4.42,38.97,3.17,18.92,18.92
sh603336,7.07,7.1,7.13,7.05,36049.0,-0.84,7.13,2551.0,376.0,7.06,243.0,7.08,42.15,2.97,31.01,31.01
sh603337,26.1,26.12,26.6,25.82,21932.0,-0.61,26.26,5748.0,40.0,26.04,6.0,26.1,28.77,3.95,116.01,116.37
sh603338,58.35,55.77,60.76,55.5,63926.0,4.22,55.99,37473.0,30.0,58.33,18.0,58.35,39.77,7.24,283.28,283.28
sh603339,9.53,9.6,9.65,9.51,10798.0,-0.83,9.61,1034.0,230.0,9.51,4.0,9.53,24.7,1.63,29.49,29.49
sh603345,209.58,199.0,209.58,195.26,28899.0,3.96,201.6,59321.0,1.0,209.28,8.0,209.58,74.27,11.37,503.71,512.26
sh603348,31.5,32.33,32.49,30.55,58218.0,-1.44,31.96,18229.0,107.0,31.49,5.0,31.55,66.58,3.24,79.88,82.37
sh603351,19.94,20.0,20.09,19.85,2632.0,-0.2,19.98,525.0,21.0,19.92,10.0,19.95,27.58,2.02,11.9,26.05
sh603353,28.54,28.91,29.03,28.31,19157.0,-2.83,29.37,5491.0,13.0,28.53,58.0,28.55,26.78,2.96,17.64,49.49
sh603355,57.53,58.38,59.18,56.68,28241.0,-0.62,57.89,16322.0,7.0,57.49,51.0,57.53,54.98,6.46,230.7,236.29
sh603356,10.36,10.2,10.45,10.2,15377.0,0.97,10.26,1592.0,311.0,10.34,87.0,10.37,23.22,1.79,13.81,13.81
sh603357,8.6,8.63,8.64,8.58,9463.0,0.0,8.6,815.0,129.0,8.58,58.0,8.6,10.68,1.51,39.09,39.09
sh603358,17.54,17.45,17.89,17.29,36565.0,0.17,17.51,6438.0,31.0,17.51,205.0,17.54,26.39,2.67,77.01,77.01
sh603359,10.89,11.02,11.02,10.83,30572.0,-1.45,11.05,3329.0,25.0,10.87,773.0,10.89,12.11,1.48,48.58,48.58
sh603360,14.05,13.79,14.09,13.79,12738.0,1.52,13.84,1781.0,225.0,14.03,8.0,14.05,20.0,4.35,35.95,36.72
sh603363,9.83,10.01,10.12,9.76,141251.0,-2.87,10.12,13915.0,641.0,9.82,1307.0,9.84,11.54,2.34,62.55,67.36
sh603365,14.43,14.4,14.51,14.36,8837.0,-0.48,14.5,1273.0,141.0,14.39,15.0,14.44,12.33,1.65,38.48,38.48
sh603366,4.5,4.47,4.52,4.46,28119.0,0.0,4.5,1262.0,985.0,4.48,217.0,4.5,19.93,1.12,36.0,36.0
sh603367,12.38,12.36,12.46,12.31,13346.0,-0.08,12.39,1656.0,110.0,12.37,43.0,12.39,12.71,1.17,55.5,56.13
sh603368,19.92,20.18,20.29,19.89,21962.0,-1.29,20.18,4399.0,96.0,19.91,46.0,19.93,9.83,1.46,71.7,72.2
sh603369,58.19,52.9,58.19,52.9,207481.0,10.0,52.9,118307.0,4928.0,58.18,0.0,0.0,40.74,8.58,729.99,729.99
sh603377,10.17,9.85,10.3,9.81,157556.0,2.94,9.88,16003.0,2087.0,10.16,65.0,10.18,30.16,3.53,74.02,74.02
sh603378,54.11,53.95,54.51,53.25,5598.0,-0.33,54.29,3024.0,122.0,54.1,6.0,54.2,30.69,5.51,104.15,111.56
sh603379,22.82,22.45,23.45,21.78,275673.0,5.94,21.54,62246.0,103.0,22.8,351.0,22.83,75.11,2.8,44.06,139.31
sh603380,24.46,23.93,24.59,23.8,13508.0,1.37,24.13,3284.0,128.0,24.44,11.0,24.46,20.5,4.0,39.14,39.45
sh603383,26.77,27.3,27.49,26.45,16910.0,-2.23,27.38,4528.0,79.0,26.76,9.0,26.78,41.34,4.05,45.04,45.04
sh603385,10.13,10.07,10.16,10.02,16835.0,0.7,10.06,1700.0,485.0,10.11,261.0,10.13,12.22,1.04,37.42,38.95
sh603386,18.5,18.57,18.74,18.1,45792.0,-0.38,18.57,8423.0,166.0,18.49,58.0,18.51,21.86,3.68,41.06,41.31
sh603387,21.31,21.36,21.49,21.24,17748.0,-0.47,21.41,3787.0,15.0,21.3,7.0,21.32,23.92,4.14,77.53,77.54
sh603388,6.05,6.13,6.13,6.04,8668.0,-1.31,6.13,526.0,81.0,6.04,12.0,6.06,18.75,1.59,17.25,17.25
sh603389,5.01,5.01,5.12,4.96,36990.0,-0.4,5.03,1857.0,152.0,5.0,701.0,5.02,-597.6,2.04,13.16,13.16
sh603390,9.3,9.36,9.36,9.27,14007.0,-0.64,9.36,1302.0,255.0,9.28,20.0,9.3,59.27,1.94,11.95,32.71
sh603392,258.8,254.51,261.0,251.5,12327.0,0.46,257.62,31680.0,2.0,258.76,1.0,258.88,175.38,55.26,390.31,1571.02
sh603393,18.32,18.21,18.4,18.18,26664.0,0.33,18.26,4884.0,63.0,18.3,50.0,18.32,7.45,2.03,68.91,68.91
sh603396,65.21,60.32,67.12,59.98,80282.0,6.69,61.12,51092.0,59.0,65.2,20.0,65.46,73.55,6.93,68.98,68.98
sh603398,9.15,9.05,9.19,9.05,26990.0,0.55,9.1,2464.0,421.0,9.14,138.0,9.16,96.31,2.89,27.12,31.35
sh603399,5.14,5.07,5.18,5.02,117710.0,1.38,5.07,6013.0,317.0,5.13,787.0,5.15,-11.17,1.36,26.11,26.24
sh603408,14.91,14.98,15.09,14.9,3195.0,-0.73,15.02,479.0,108.0,14.9,19.0,14.94,16.92,2.87,6.71,66.6
sh603416,60.59,57.2,61.28,57.01,16519.0,5.67,57.34,9865.0,3.0,60.57,6.0,60.59,22.82,5.46,55.27,85.17
sh603421,7.48,7.45,7.5,7.43,6592.0,-0.27,7.5,492.0,106.0,7.46,205.0,7.48,29.87,1.58,48.78,48.86
sh603429,33.99,34.5,35.05,33.93,29414.0,-1.76,34.6,10114.0,9.0,33.98,88.0,34.0,130.49,10.76,126.64,129.24
sh603439,14.33,14.2,14.42,14.12,35472.0,0.21,14.3,5080.0,30.0,14.32,244.0,14.34,63.78,6.46,23.26,58.37
sh603444,524.13,510.04,527.56,501.29,10819.0,3.89,504.51,56175.0,1.0,524.05,2.0,524.13,34.57,11.35,376.66,376.66
sh603456,46.31,42.1,46.31,41.27,153193.0,10.0,42.1,68374.0,15636.0,46.3,0.0,0.0,87.0,9.23,372.01,385.01
sh603458,16.2,16.23,16.43,16.17,45715.0,-0.98,16.36,7438.0,219.0,16.19,15.0,16.21,7.43,1.25,38.33,39.11
sh603466,16.65,16.7,16.79,16.5,32217.0,-0.24,16.69,5352.0,257.0,16.64,8.0,16.66,15.47,3.3,69.89,70.27
sh603477,11.21,11.22,11.31,11.15,27544.0,-0.18,11.23,3085.0,45.0,11.19,152.0,11.21,14.48,1.84,26.9,52.45
sh603486,230.0,228.0,234.99,226.02,27611.0,-0.43,230.99,63725.0,1.0,229.98,14.0,230.0,141.0,41.91,1288.32,1316.85
sh603488,7.75,7.7,7.84,7.59,62804.0,-0.13,7.76,4844.0,538.0,7.74,274.0,7.76,20.87,2.4,22.63,22.67
sh603489,231.98,224.89,232.8,223.18,3130.0,2.87,225.5,7216.0,30.0,231.01,1.0,231.99,57.99,12.63,165.63,279.11
sh603496,15.86,16.32,16.88,15.27,80900.0,0.76,15.74,12859.0,405.0,15.85,6.0,15.87,76.77,3.99,31.54,31.57
sh603499,7.64,7.61,7.66,7.56,3768.0,0.26,7.62,287.0,11.0,7.62,7.0,7.64,240.16,2.71,15.36,15.37
sh603500,9.18,9.15,9.32,9.15,21131.0,-0.33,9.21,1945.0,107.0,9.17,44.0,9.19,31.35,2.6,22.54,22.54
sh603501,329.88,316.85,332.98,312.66,77030.0,2.6,321.52,250935.0,22.0,329.86,41.0,329.94,86.78,23.02,2591.04,2865.27
sh603505,22.88,21.97,23.4,21.97,83101.0,2.88,22.24,18957.0,35.0,22.87,10.0,22.9,28.96,6.32,70.8,71.3
sh603506,14.45,14.35,14.47,14.34,4789.0,0.28,14.41,690.0,12.0,14.43,49.0,14.45,19.31,3.16,27.13,27.13
sh603507,20.52,20.29,20.54,20.21,3870.0,1.08,20.3,790.0,26.0,20.5,6.0,20.52,28.79,1.78,25.53,26.03
sh603508,19.76,19.49,19.76,19.45,8165.0,0.87,19.59,1606.0,9.0,19.71,27.0,19.76,-8.9,1.36,44.8,53.84
sh603515,25.36,25.33,25.51,25.3,18780.0,-0.86,25.58,4770.0,221.0,25.34,60.0,25.36,20.32,3.55,191.15,191.39
sh603516,20.91,20.06,21.15,19.92,25336.0,4.55,20.0,5230.0,21.0,20.89,63.0,20.94,28.3,3.99,38.54,39.01
sh603517,81.41,81.62,82.79,80.37,27117.0,-0.26,81.62,22051.0,14.0,81.39,3.0,81.41,57.19,9.19,495.49,500.04
sh603518,23.96,23.9,24.48,23.0,127652.0,0.08,23.94,30558.0,22.0,23.94,119.0,23.96,-12.91,3.16,67.81,68.39
sh603519,14.31,14.22,14.4,14.03,38697.0,0.77,14.2,5510.0,50.0,14.29,158.0,14.31,36.89,4.79,38.11,38.11
sh603520,56.28,55.97,57.88,55.18,31901.0,0.55,55.97,18051.0,44.0,56.26,15.0,56.28,53.5,7.77,137.46,137.83
sh603527,7.67,7.65,7.69,7.59,15501.0,0.66,7.62,1187.0,258.0,7.66,449.0,7.68,28.75,1.99,18.7,18.7
sh603528,8.4,8.38,8.42,8.28,27036.0,0.48,8.36,2262.0,251.0,8.37,185.0,8.4,40.4,3.21,52.43,52.63
sh603530,17.47,17.34,17.59,17.25,5867.0,0.75,17.34,1022.0,26.0,17.45,54.0,17.47,57.54,6.51,7.0,69.89
sh603533,26.8,26.42,26.97,26.17,38391.0,1.28,26.46,10219.0,21.0,26.78,32.0,26.81,43.2,4.71,107.47,117.62
sh603535,32.49,32.91,33.83,32.12,6795.0,-2.4,33.29,2210.0,36.0,32.48,11.0,32.66,29.49,2.77,48.86,48.86
sh603536,12.78,12.77,12.83,12.65,4388.0,0.08,12.77,560.0,235.0,12.76,44.0,12.78,351.83,3.48,21.47,21.97
sh603538,42.35,41.65,42.5,40.9,33725.0,1.95,41.54,14168.0,13.0,42.32,97.0,42.35,36.39,4.0,62.6,63.35
sh603551,11.47,11.6,11.7,11.42,10064.0,-0.95,11.58,1159.0,60.0,11.45,6.0,11.47,18.51,2.77,15.34,46.51
sh603555,2.6,2.56,2.6,2.53,86602.0,4.84,2.48,2234.0,34917.0,2.59,0.0,0.0,-16.99,-83.87,40.86,40.86
sh603556,11.62,11.57,11.65,11.55,6816.0,-0.09,11.63,791.0,74.0,11.61,139.0,11.63,12.19,1.1,56.79,56.79
sh603557,6.1,6.69,6.74,6.1,573088.0,-4.98,6.42,36483.0,6273.0,0.0,196.0,6.11,-10.26,1.93,30.14,30.26
sh603558,8.84,8.88,9.02,8.72,41162.0,-1.56,8.98,3640.0,90.0,8.82,67.0,8.84,-6.49,1.61,34.74,34.74
sh603559,13.35,13.28,13.64,13.1,44161.0,0.75,13.25,5895.0,100.0,13.33,250.0,13.35,-353.77,2.23,19.13,19.13
sh603565,30.31,30.85,30.89,29.92,16453.0,-1.27,30.7,4989.0,12.0,30.3,3.0,30.32,22.36,4.86,26.27,262.69
sh603566,24.03,23.4,24.22,23.01,31250.0,2.6,23.42,7423.0,8.0,23.97,149.0,24.03,30.27,4.71,77.26,77.26
sh603567,15.97,15.23,15.98,15.21,37100.0,5.0,15.21,5867.0,10.0,15.94,37.0,15.97,29.16,2.4,135.61,135.61
sh603568,24.66,22.66,24.98,22.62,127126.0,8.3,22.77,30736.0,155.0,24.64,183.0,24.66,21.69,5.95,309.86,309.87
sh603569,7.19,7.2,7.22,7.12,5677.0,-0.14,7.2,409.0,102.0,7.17,13.0,7.19,20.77,1.89,40.28,40.28
sh603577,8.93,8.9,8.98,8.9,6143.0,-0.56,8.98,548.0,259.0,8.91,96.0,8.93,23.47,1.92,21.88,25.74
sh603578,14.11,14.31,14.43,14.06,10808.0,-1.4,14.31,1532.0,109.0,14.08,14.0,14.11,19.63,2.43,18.06,18.12
sh603579,38.94,39.39,39.82,38.41,12346.0,-0.18,39.01,4806.0,24.0,38.91,146.0,38.94,23.5,3.39,54.52,54.52
sh603580,11.16,11.57,11.95,11.06,43557.0,-4.21,11.65,4991.0,287.0,11.15,34.0,11.17,46.65,3.29,14.58,14.58
sh603583,48.17,48.65,49.25,47.41,15279.0,0.0,48.17,7393.0,36.0,48.15,15.0,48.18,44.3,5.06,116.32,183.97
sh603585,15.17,14.95,15.2,14.92,7091.0,1.34,14.97,1071.0,20.0,15.15,27.0,15.17,15.73,1.36,27.31,27.31
sh603586,13.04,13.02,13.2,12.73,10327.0,0.31,13.0,1338.0,9.0,13.02,68.0,13.04,23.19,1.32,26.36,26.53
sh603587,25.43,25.9,26.07,25.21,28865.0,-2.19,26.0,7359.0,1.0,25.4,22.0,25.45,17.4,3.37,40.08,122.37
sh603588,15.12,14.71,15.3,14.7,134887.0,2.93,14.69,20417.0,261.0,15.11,705.0,15.13,26.69,3.26,150.88,159.84
sh603589,69.83,69.48,71.4,69.12,149980.0,0.2,69.69,105251.0,715.0,69.82,12.0,69.84,28.84,6.04,418.98,418.98
sh603590,35.61,35.4,35.79,35.29,9493.0,-1.03,35.98,3367.0,24.0,35.59,17.0,35.61,26.44,1.98,28.98,56.98
sh603595,23.61,23.0,23.76,22.24,61687.0,1.86,23.18,14252.0,1383.0,23.6,290.0,23.62,125.55,4.5,38.09,50.27
sh603596,35.06,34.06,35.77,33.98,37749.0,1.51,34.54,13159.0,3.0,35.02,8.0,35.06,29.54,5.16,142.56,143.24
sh603598,10.37,10.32,10.45,10.28,18344.0,-0.19,10.39,1901.0,152.0,10.36,326.0,10.38,25.71,6.0,27.78,28.06
sh603599,29.0,28.38,29.07,28.3,51795.0,1.01,28.71,14889.0,21.0,28.93,128.0,29.0,17.84,2.35,133.84,134.76
sh603600,10.09,10.16,10.19,10.06,19267.0,-0.98,10.19,1949.0,13.0,10.08,26.0,10.11,11.81,2.23,30.52,30.52
sh603601,11.7,11.46,11.86,11.42,66626.0,0.69,11.62,7802.0,669.0,11.68,281.0,11.7,22.49,4.5,84.51,84.51
sh603602,10.3,10.3,10.37,10.22,13142.0,-0.1,10.31,1352.0,58.0,10.28,194.0,10.3,83.62,2.99,21.0,21.0
sh603603,5.47,5.32,5.55,5.27,63732.0,2.63,5.33,3453.0,253.0,5.45,418.0,5.47,-6.03,4.25,14.02,22.85
sh603605,183.0,180.6,189.1,179.3,17827.0,1.3,180.66,32778.0,5.0,182.99,5.0,183.02,72.42,15.59,367.21,368.04
sh603606,20.51,20.0,20.65,19.81,114036.0,2.55,20.0,23242.0,255.0,20.49,68.0,20.51,12.37,4.2,134.16,134.16
sh603607,14.44,14.51,14.65,14.37,15335.0,-1.23,14.62,2218.0,30.0,14.42,102.0,14.44,23.06,2.91,25.78,25.78
sh603608,6.35,6.32,6.38,6.28,37459.0,0.47,6.32,2371.0,420.0,6.33,578.0,6.35,-6.32,1.74,27.24,27.24
sh603609,10.29,10.28,10.31,10.22,22058.0,-0.68,10.36,2263.0,76.0,10.27,394.0,10.29,7.76,1.39,93.49,94.87
sh603610,18.16,17.44,18.35,17.33,23292.0,3.53,17.54,4200.0,150.0,18.15,146.0,18.17,18.45,1.68,29.54,50.86
sh603611,14.1,14.1,14.44,14.02,47678.0,-0.77,14.21,6780.0,125.0,14.09,27.0,14.11,15.47,2.04,37.67,37.67
sh603612,17.61,17.4,17.8,17.19,68911.0,0.86,17.46,12074.0,94.0,17.6,246.0,17.62,26.06,2.0,75.69,80.88
sh603613,112.25,105.93,112.65,104.0,48143.0,5.51,106.39,52963.0,58.0,112.23,34.0,112.26,112.95,10.01,249.34,386.03
sh603615,9.69,9.7,9.85,9.6,19606.0,-0.82,9.77,1896.0,75.0,9.68,227.0,9.7,62.27,1.89,23.43,23.7
sh603616,5.42,5.4,5.48,5.39,16487.0,-0.18,5.43,897.0,630.0,5.41,311.0,5.43,36.85,2.15,15.9,15.9
sh603617,10.33,10.18,10.38,10.18,16667.0,1.47,10.18,1716.0,162.0,10.31,91.0,10.35,18.35,3.18,20.6,20.6
sh603618,6.19,6.2,6.21,6.11,62215.0,-0.16,6.2,3842.0,855.0,6.17,92.0,6.19,30.12,1.61,42.78,42.78
sh603619,9.61,9.48,9.61,9.43,54706.0,-1.33,9.74,5207.0,5.0,9.6,101.0,9.62,-7.62,2.03,38.44,38.44
sh603626,9.44,9.66,9.74,9.42,89828.0,-1.97,9.63,8552.0,111.0,9.43,778.0,9.45,-1330.49,2.15,45.81,46.34
sh603628,9.5,9.25,9.64,9.21,93332.0,0.85,9.42,8842.0,1271.0,9.49,106.0,9.51,34.99,2.72,26.01,26.01
sh603629,24.86,24.36,25.98,24.3,94097.0,-0.96,25.1,23541.0,110.0,24.85,23.0,24.89,51.18,2.45,7.46,24.86
sh603630,23.7,23.79,24.17,23.51,57368.0,-1.33,24.02,13625.0,21.0,23.69,16.0,23.72,45.68,2.92,53.19,53.72
sh603633,11.45,11.56,12.08,11.44,118695.0,-2.97,11.8,13891.0,128.0,11.44,551.0,11.46,64.16,2.77,30.17,30.17
sh603636,9.36,9.4,9.45,9.34,33687.0,-0.95,9.45,3163.0,741.0,9.35,151.0,9.37,22.28,2.13,55.3,55.3
sh603637,7.29,7.33,7.35,7.26,9864.0,-0.82,7.35,720.0,55.0,7.28,134.0,7.3,25.14,2.38,17.72,17.77
sh603638,40.6,39.51,40.77,39.39,12197.0,2.53,39.6,4909.0,47.0,40.55,120.0,40.6,54.58,12.5,317.73,341.67
sh603639,17.82,17.78,17.94,17.63,11249.0,0.11,17.8,2006.0,7.0,17.81,15.0,17.85,13.35,2.15,59.21,60.59
sh603648,8.18,8.13,8.21,8.13,8419.0,0.25,8.16,688.0,102.0,8.16,169.0,8.18,25.27,1.69,30.16,30.16
sh603650,47.08,46.17,47.88,44.99,76152.0,0.81,46.7,35504.0,28.0,47.06,10.0,47.09,56.03,11.6,275.88,275.88
sh603655,21.29,21.11,21.36,21.07,10923.0,-0.28,21.35,2320.0,48.0,21.28,125.0,21.3,78.31,4.36,22.57,22.57
sh603656,16.03,16.07,16.23,15.7,24068.0,-0.43,16.1,3862.0,6.0,16.02,94.0,16.04,72.31,2.6,23.87,24.66
sh603657,33.82,33.17,34.36,32.5,43505.0,2.02,33.15,14644.0,1.0,33.8,70.0,33.82,28.53,4.92,13.55,45.45
sh603658,73.3,73.69,74.23,72.81,23722.0,-0.05,73.34,17457.0,161.0,73.29,53.0,73.33,52.02,6.48,429.74,429.74
sh603659,155.88,141.0,155.88,140.01,80525.0,9.74,142.05,120248.0,1.0,155.8,15.0,155.88,119.04,11.69,1079.26,1082.49
sh603660,6.9,6.79,6.97,6.78,36420.0,0.88,6.84,2507.0,87.0,6.89,353.0,6.91,23.88,1.95,34.1,34.1
sh603661,50.71,50.96,50.96,50.5,1997.0,-0.26,50.84,1012.0,1.0,50.7,5.0,50.74,12.68,1.84,50.71,50.71
sh603662,19.14,19.06,19.25,18.84,9792.0,0.47,19.05,1865.0,34.0,19.13,38.0,19.15,19.82,2.3,20.41,44.79
sh603663,15.27,14.58,15.28,14.57,22648.0,3.81,14.71,3412.0,2206.0,15.26,426.0,15.28,43.76,4.74,29.3,29.4
sh603665,14.82,14.74,15.12,14.63,12624.0,0.75,14.71,1882.0,219.0,14.8,33.0,14.82,26.8,2.15,23.45,23.45
sh603666,90.66,88.87,90.66,88.0,5207.0,0.87,89.88,4662.0,2.0,90.51,21.0,90.68,37.25,5.86,124.7,133.87
sh603667,9.94,9.42,9.98,9.4,62956.0,4.96,9.47,6183.0,126.0,9.92,417.0,9.94,34.38,1.68,26.16,29.06
sh603668,7.46,7.55,7.58,7.41,46550.0,-0.93,7.53,3475.0,154.0,7.44,62.0,7.46,35.73,2.05,25.25,25.35
sh603669,8.9,8.77,9.12,8.77,22247.0,-2.52,9.13,1998.0,216.0,8.88,416.0,8.9,49.16,5.02,63.5,63.5
sh603676,7.94,7.89,7.95,7.88,7945.0,0.38,7.91,628.0,203.0,7.92,457.0,7.94,50.86,3.49,33.59,33.59
sh603677,11.67,11.4,11.8,11.38,18911.0,2.37,11.4,2197.0,388.0,11.66,3.0,11.68,34.25,2.33,22.42,22.42
sh603678,73.58,66.87,73.72,65.8,158156.0,9.79,67.02,112166.0,104.0,73.57,97.0,73.59,42.34,8.33,337.75,338.36
sh603679,16.71,16.9,16.91,16.69,6662.0,-1.3,16.93,1116.0,68.0,16.7,10.0,16.74,39.53,3.12,23.66,23.88
sh603680,11.41,11.44,11.45,11.28,6224.0,-0.26,11.44,708.0,38.0,11.4,70.0,11.43,21.0,1.96,28.86,90.13
sh603681,24.99,24.41,25.06,24.26,14815.0,2.25,24.44,3665.0,31.0,24.98,267.0,25.0,19.1,2.7,15.41,41.63
sh603682,6.53,6.56,6.58,6.52,10536.0,-0.46,6.56,689.0,64.0,6.52,163.0,6.54,21.65,3.14,11.72,30.85
sh603683,9.41,9.43,9.48,9.35,11574.0,-0.21,9.43,1089.0,133.0,9.4,213.0,9.42,10.01,1.82,16.69,17.19
sh603685,12.37,12.24,12.4,12.16,9162.0,0.98,12.25,1129.0,146.0,12.35,107.0,12.37,16.26,1.93,20.91,20.91
sh603686,15.26,15.28,15.39,15.2,32698.0,0.13,15.24,5000.0,185.0,15.24,216.0,15.26,13.11,2.3,63.43,63.43
sh603687,7.82,7.81,7.89,7.8,9378.0,-0.51,7.86,734.0,211.0,7.81,1.0,7.83,11.39,1.89,11.09,32.13
sh603688,25.04,23.78,25.15,23.1,92457.0,5.56,23.72,22593.0,56.0,25.02,6.0,25.04,44.36,4.62,88.38,88.38
sh603689,9.65,9.65,9.7,9.62,9107.0,0.1,9.64,879.0,124.0,9.63,147.0,9.65,14.27,1.38,32.42,32.42
sh603690,40.0,39.25,40.5,38.2,107082.0,-0.74,40.3,42372.0,555.0,39.98,24.0,40.0,36.37,3.7,103.86,127.41
sh603693,13.66,13.65,13.93,13.42,109390.0,-0.51,13.73,14938.0,604.0,13.65,68.0,13.67,50.99,1.77,84.42,84.42
sh603696,9.67,9.63,9.68,9.54,21026.0,0.52,9.62,2021.0,532.0,9.66,218.0,9.68,40.87,4.36,22.74,22.74
sh603697,19.16,18.76,19.54,18.68,28508.0,1.54,18.87,5460.0,99.0,19.15,80.0,19.17,24.12,3.41,17.23,59.04
sh603698,16.17,16.09,16.3,15.83,37609.0,0.25,16.13,6038.0,108.0,16.15,320.0,16.17,38.61,3.01,86.67,86.67
sh603699,10.34,10.36,10.43,10.33,32111.0,-0.48,10.39,3329.0,638.0,10.32,227.0,10.34,15.86,2.66,77.55,77.55
sh603700,22.69,22.63,22.88,22.4,8575.0,0.27,22.63,1937.0,10.0,22.66,114.0,22.69,16.34,3.28,23.44,46.12
sh603701,9.37,9.05,9.44,8.95,65812.0,3.08,9.09,6122.0,45.0,9.35,123.0,9.37,35.35,3.4,24.49,24.49
sh603703,11.85,11.7,11.9,11.63,21245.0,1.2,11.71,2494.0,20.0,11.84,3.0,11.86,243.35,3.24,35.39,35.39
sh603706,13.5,13.49,13.53,13.42,4674.0,0.07,13.49,630.0,23.0,13.48,294.0,13.5,23.08,1.72,7.88,25.57
sh603707,39.49,40.0,40.55,38.71,38850.0,-2.13,40.35,15390.0,16.0,39.47,14.0,39.5,42.26,9.51,368.75,369.64
sh603708,16.58,16.88,17.14,16.4,36480.0,-1.66,16.86,6084.0,418.0,16.57,28.0,16.59,26.57,3.96,100.87,100.87
sh603709,18.21,17.81,18.23,17.81,6699.0,0.39,18.14,1214.0,29.0,18.18,71.0,18.21,29.5,2.29,14.57,14.57
sh603711,16.13,15.9,16.38,15.62,21001.0,1.45,15.9,3383.0,31.0,16.12,22.0,16.14,15.03,2.45,65.57,67.17
sh603712,34.12,33.62,34.22,33.31,22113.0,1.01,33.78,7517.0,8.0,34.1,14.0,34.12,49.57,8.95,263.41,263.41
sh603713,103.29,97.0,104.47,95.78,11270.0,5.92,97.52,11364.0,1.0,103.27,14.0,103.29,54.28,5.96,70.85,169.9
sh603716,13.75,13.8,13.94,13.66,10397.0,-1.43,13.95,1430.0,242.0,13.74,6.0,13.76,32.13,1.8,27.68,28.19
sh603717,14.67,14.81,15.29,14.52,59415.0,-1.21,14.85,8818.0,18.0,14.65,185.0,14.67,-29.39,2.6,35.47,42.56
sh603718,14.72,14.66,14.98,14.48,42324.0,0.62,14.63,6232.0,8.0,14.71,206.0,14.73,581.47,8.94,94.8,94.8
sh603719,38.95,38.88,39.87,38.88,32432.0,0.78,38.65,12730.0,6.0,38.92,58.0,38.95,43.66,7.56,87.13,156.19
sh603721,16.16,16.19,16.56,16.02,65110.0,-0.19,16.19,10549.0,373.0,16.15,18.0,16.17,-166.81,4.01,21.01,21.01
sh603722,48.1,47.98,48.56,45.72,17720.0,-0.23,48.21,8449.0,5.0,48.09,12.0,48.14,67.94,7.44,41.86,42.3
sh603725,7.22,7.2,7.25,7.19,17902.0,0.28,7.2,1292.0,18.0,7.2,285.0,7.22,28.24,1.83,14.83,15.12
sh603726,14.21,14.01,14.39,13.93,20067.0,1.28,14.03,2851.0,42.0,14.2,2.0,14.22,19.25,2.7,26.38,26.38
sh603727,18.06,18.02,18.19,17.83,24813.0,-1.63,18.36,4461.0,134.0,18.04,66.0,18.06,24.38,1.69,42.3,42.3
sh603728,17.75,17.09,17.79,16.88,48295.0,4.04,17.06,8449.0,61.0,17.74,33.0,17.76,30.31,3.34,73.84,73.84
sh603729,15.19,15.34,15.38,14.64,34353.0,-1.43,15.41,5157.0,10.0,15.1,949.0,15.19,-77.82,1.79,14.18,14.18
sh603730,17.84,17.58,18.0,17.44,18361.0,0.79,17.7,3267.0,157.0,17.83,21.0,17.89,32.46,3.18,129.24,129.24
sh603733,41.39,42.05,42.05,39.0,68000.0,0.39,41.23,27812.0,27.0,41.38,1.0,41.4,32.75,5.63,292.2,292.2
sh603737,173.2,169.35,173.5,167.0,12090.0,2.03,169.75,20734.0,5.0,173.0,7.0,173.2,102.48,25.91,632.13,651.99
sh603738,44.33,41.5,44.33,41.5,70934.0,10.0,40.3,30688.0,17289.0,44.32,0.0,0.0,89.12,9.18,75.45,76.83
sh603739,17.39,17.26,17.54,17.26,7659.0,-0.06,17.4,1334.0,198.0,17.38,34.0,17.4,37.74,2.81,18.11,43.84
sh603755,60.72,60.0,61.19,59.97,1237.0,0.55,60.39,748.0,8.0,60.69,50.0,60.74,73.74,10.08,20.77,59.88
sh603757,20.76,21.93,21.93,20.63,24563.0,-2.49,21.29,5142.0,127.0,20.75,16.0,20.77,15.71,3.06,34.1,34.79
sh603758,8.04,8.12,8.13,8.03,19864.0,-1.23,8.14,1601.0,344.0,8.03,70.0,8.05,9.54,1.34,35.28,35.28
sh603766,3.58,3.5,3.59,3.48,77243.0,1.99,3.51,2737.0,2304.0,3.56,878.0,3.58,12.63,1.02,73.52,73.52
sh603767,6.67,6.63,6.7,6.59,7389.0,0.3,6.65,493.0,99.0,6.66,1063.0,6.68,35.14,1.43,20.12,20.42
sh603768,15.4,15.35,15.48,15.23,3451.0,1.12,15.23,531.0,9.0,15.37,27.0,15.4,28.17,1.77,31.42,31.42
sh603773,26.85,26.44,26.96,26.28,7157.0,1.32,26.5,1915.0,46.0,26.83,12.0,26.85,81.22,1.59,25.4,25.4
sh603776,18.84,17.81,19.44,17.31,121900.0,2.95,18.3,22152.0,324.0,18.83,33.0,18.85,8.75,1.38,43.23,43.36
sh603777,15.43,15.35,15.98,15.32,114642.0,-0.06,15.44,17870.0,44.0,15.42,43.0,15.44,-89.49,2.98,51.93,52.02
sh603778,4.09,4.09,4.15,4.07,69627.0,-0.73,4.12,2847.0,1957.0,4.08,1603.0,4.1,-26.74,1.89,26.29,26.29
sh603779,8.52,8.65,9.06,8.41,70837.0,-3.29,8.81,6135.0,369.0,8.51,47.0,8.53,-15.62,2.46,26.02,28.35
sh603786,67.51,66.55,68.13,65.5,9452.0,1.89,66.26,6365.0,11.0,67.5,3.0,67.52,50.03,7.22,27.07,270.11
sh603787,23.16,22.88,23.56,22.6,35041.0,0.22,23.11,8098.0,107.0,23.14,152.0,23.16,32.73,4.69,47.25,47.25
sh603788,12.72,12.63,12.74,12.5,7883.0,0.79,12.62,1000.0,168.0,12.71,168.0,12.73,15.22,1.56,28.37,28.37
sh603789,12.69,12.66,12.75,12.63,17395.0,0.08,12.68,2205.0,10.0,12.67,27.0,12.69,-11.06,4.4,32.99,32.99
sh603790,10.46,10.41,10.56,10.38,6797.0,0.48,10.41,712.0,80.0,10.45,10.0,10.48,32.91,1.79,6.44,20.02
sh603797,7.26,7.37,7.37,7.23,13807.0,-0.82,7.32,1003.0,107.0,7.25,48.0,7.27,17.37,1.68,32.66,42.4
sh603798,10.38,10.24,10.5,10.24,14907.0,0.58,10.32,1554.0,35.0,10.36,77.0,10.38,16.89,2.01,20.76,20.76
sh603799,127.03,120.0,128.55,115.6,309283.0,5.61,120.28,381938.0,19.0,127.01,66.0,127.03,94.21,9.45,1449.74,1540.75
sh603800,10.6,9.7,10.75,9.7,43368.0,8.5,9.77,4466.0,206.0,10.56,871.0,10.6,-90.37,2.51,22.05,22.05
sh603801,32.61,31.5,33.26,31.2,46715.0,2.87,31.7,15307.0,21.0,32.6,25.0,32.62,20.77,4.43,99.38,101.9
sh603803,9.3,8.83,9.74,8.76,156760.0,5.08,8.85,14583.0,1579.0,9.29,904.0,9.31,21.86,1.49,39.16,39.16
sh603806,108.4,99.51,110.7,98.33,124884.0,7.71,100.64,132843.0,4.0,108.37,114.0,108.4,52.88,10.94,1007.54,1007.54
sh603808,15.55,15.6,15.72,15.35,13427.0,-0.7,15.66,2087.0,61.0,15.52,80.0,15.55,17.53,2.36,51.71,51.71
sh603809,13.25,12.8,13.27,12.74,20957.0,3.52,12.8,2741.0,1.0,13.23,128.0,13.25,19.75,2.21,38.78,40.13
sh603810,15.52,15.0,15.99,14.85,17805.0,3.33,15.02,2776.0,92.0,15.51,14.0,15.53,12.5,1.81,12.02,25.25
sh603811,16.7,16.77,16.9,16.56,14674.0,-1.12,16.89,2453.0,23.0,16.69,1.0,16.71,20.94,4.24,39.04,39.04
sh603813,13.67,13.95,13.95,13.58,6839.0,-0.8,13.78,938.0,25.0,13.6,23.0,13.67,-7.55,2.46,12.14,12.14
sh603815,8.73,8.73,8.93,8.68,23405.0,1.04,8.64,2051.0,231.0,8.72,474.0,8.74,54.08,2.7,14.26,54.03
sh603816,77.09,74.5,78.56,73.49,30816.0,3.62,74.4,23711.0,1.0,77.0,13.0,77.09,52.76,7.46,486.33,487.43
sh603817,5.56,5.53,5.58,5.53,15747.0,0.0,5.56,875.0,63.0,5.55,223.0,5.57,19.41,1.43,25.03,25.03
sh603818,9.22,9.19,9.32,9.13,24160.0,-0.65,9.28,2229.0,131.0,9.21,669.0,9.24,26.99,2.42,53.51,53.74
sh603819,9.03,9.0,9.07,8.9,9505.0,0.11,9.02,858.0,117.0,9.01,169.0,9.03,238.96,2.59,19.63,19.66
sh603822,29.01,27.58,29.14,27.2,27793.0,5.18,27.58,7951.0,218.0,28.99,414.0,29.01,41.64,2.7,21.28,21.28
sh603823,14.85,14.67,14.88,14.51,11570.0,1.02,14.7,1706.0,15.0,14.84,303.0,14.86,15.58,2.66,46.78,47.18
sh603825,18.83,18.75,19.22,18.5,48660.0,0.43,18.75,9187.0,12.0,18.81,165.0,18.83,20.33,2.39,42.63,43.05
sh603826,37.42,38.35,38.36,37.05,16326.0,-1.73,38.08,6115.0,64.0,37.41,3.0,37.45,105.69,10.9,175.13,175.13
sh603828,4.11,4.09,4.12,4.06,13085.0,0.49,4.09,534.0,390.0,4.1,644.0,4.12,116.75,1.55,24.49,25.09
sh603829,10.88,10.85,11.07,10.78,16514.0,-0.18,10.9,1806.0,8.0,10.87,67.0,10.89,23.57,2.34,7.88,17.41
sh603833,140.89,135.15,141.42,133.59,26673.0,4.16,135.26,36909.0,1.0,140.81,13.0,140.89,35.47,7.47,854.15,854.15
sh603838,6.26,6.26,6.33,6.22,7577.0,0.0,6.26,475.0,53.0,6.25,19.0,6.27,-380.27,1.9,17.83,20.03
sh603839,9.41,9.41,9.44,9.34,19219.0,-0.74,9.48,1804.0,54.0,9.4,128.0,9.42,18.93,1.42,37.65,37.65
sh603843,3.96,3.95,4.0,3.95,26777.0,-0.25,3.97,1061.0,486.0,3.95,2095.0,3.97,17.33,1.48,22.18,22.18
sh603848,12.19,11.87,12.19,11.85,6509.0,2.18,11.93,785.0,6.0,12.18,108.0,12.2,16.84,3.05,48.88,48.88
sh603855,15.49,15.88,15.88,15.4,41608.0,-2.46,15.88,6476.0,30.0,15.48,14.0,15.52,18.51,3.56,51.66,52.3
sh603856,10.93,10.94,11.1,10.91,16374.0,0.09,10.92,1801.0,52.0,10.92,427.0,10.94,8.67,1.47,28.03,28.2
sh603858,21.94,21.73,21.96,21.69,46137.0,0.37,21.86,10070.0,33.0,21.92,350.0,21.94,12.76,1.77,250.46,250.46
sh603859,35.82,36.04,36.43,35.62,16970.0,-1.0,36.18,6101.0,56.0,35.8,20.0,35.83,46.97,2.69,46.48,59.66
sh603860,20.94,20.94,21.15,20.86,1572.0,0.0,20.94,330.0,2.0,20.91,38.0,20.94,35.01,2.14,13.96,13.96
sh603861,8.29,8.33,8.47,8.28,20988.0,-0.48,8.33,1757.0,183.0,8.28,63.0,8.3,16.26,1.42,34.22,36.63
sh603863,8.31,8.23,8.36,8.18,13589.0,0.85,8.24,1124.0,33.0,8.29,96.0,8.31,21.24,1.44,9.03,17.11
sh603866,29.64,30.08,30.21,29.51,27012.0,-1.53,30.1,8026.0,16.0,29.63,28.0,29.65,33.16,5.65,282.24,282.24
sh603867,27.32,26.2,27.77,25.9,98812.0,3.33,26.44,26800.0,51.0,27.3,7.0,27.32,15.92,2.59,23.14,38.49
sh603868,40.88,40.76,41.39,40.56,4008.0,-0.29,41.0,1641.0,10.0,40.87,2.0,40.95,27.07,7.0,178.07,178.07
sh603869,8.74,8.65,8.77,8.65,18787.0,0.34,8.71,1636.0,171.0,8.73,173.0,8.75,29.5,1.11,44.09,44.09
sh603871,16.67,16.18,16.98,16.12,10219.0,2.46,16.27,1699.0,77.0,16.62,5.0,16.67,12.02,2.21,47.57,47.57
sh603876,29.75,30.06,30.33,28.1,154182.0,-2.68,30.57,45548.0,299.0,29.74,1.0,29.76,-1844.72,3.56,142.03,142.03
sh603877,52.9,52.98,53.68,51.78,14302.0,-0.92,53.39,7550.0,0.0,52.82,2.0,52.96,27.79,6.77,252.19,252.19
sh603878,7.05,7.06,7.11,7.03,13048.0,-0.14,7.06,922.0,279.0,7.04,62.0,7.06,13.17,1.2,28.25,28.25
sh603879,7.47,7.6,7.6,7.31,41393.0,0.95,7.4,3087.0,75.0,7.45,77.0,7.47,209.41,5.12,27.06,27.06
sh603880,7.1,7.03,7.1,7.01,7881.0,0.71,7.05,557.0,42.0,7.08,193.0,7.1,21.26,2.92,20.28,20.78
sh603881,34.57,34.06,34.69,33.89,30799.0,0.67,34.34,10562.0,15.0,34.56,72.0,34.58,81.36,3.89,113.71,113.71
sh603882,137.91,134.0,139.78,132.58,34512.0,1.14,136.35,47487.0,2.0,137.9,2.0,137.94,31.9,14.69,633.68,637.99
sh603883,49.5,50.15,50.84,49.0,27924.0,-1.84,50.43,13902.0,1.0,49.48,23.0,49.5,31.0,4.86,201.95,202.29
sh603885,14.62,14.83,14.86,14.52,34035.0,-0.95,14.76,4993.0,107.0,14.6,58.0,14.62,-110.26,2.7,262.72,287.45
sh603886,17.15,17.1,17.35,17.04,8306.0,-0.35,17.21,1424.0,15.0,17.1,110.0,17.15,12.39,3.27,41.16,41.16
sh603887,10.12,10.08,10.19,10.01,42980.0,-0.69,10.19,4338.0,178.0,10.1,122.0,10.12,11.55,1.2,35.82,45.61
sh603888,18.38,18.3,18.44,18.2,45504.0,0.27,18.33,8337.0,590.0,18.36,198.0,18.38,41.42,3.19,95.4,95.4
sh603889,5.55,5.76,5.76,5.51,33115.0,-1.25,5.62,1854.0,1119.0,5.54,565.0,5.56,20.68,1.15,28.4,28.4
sh603890,12.6,12.51,12.65,12.47,36713.0,0.0,12.6,4600.0,349.0,12.59,188.0,12.61,17.32,2.72,48.37,49.18
sh603893,140.44,134.0,141.2,131.0,54693.0,1.69,138.11,74967.0,25.0,140.42,136.0,140.44,146.43,26.71,264.03,585.36
sh603895,17.91,18.0,18.16,17.82,3608.0,-1.38,18.16,646.0,23.0,17.89,251.0,17.91,165.83,3.23,19.36,19.36
sh603896,40.01,40.75,40.75,39.68,17807.0,-1.94,40.8,7130.0,7.0,39.98,2.0,40.02,37.88,4.33,60.66,60.66
sh603897,26.05,24.87,26.43,24.62,54524.0,3.83,25.09,14091.0,337.0,26.03,34.0,26.05,21.83,2.39,46.48,46.48
sh603898,13.88,13.8,14.47,13.8,37254.0,5.07,13.21,5222.0,206.0,13.86,291.0,13.88,12.98,1.71,43.21,43.21
sh603899,84.29,80.33,85.41,79.94,46955.0,3.73,81.26,39205.0,1.0,84.22,18.0,84.29,57.78,14.01,777.16,782.0
sh603900,8.11,8.13,8.17,8.01,58664.0,-2.17,8.29,4746.0,107.0,8.1,116.0,8.12,17.87,1.21,27.61,27.61
sh603901,16.55,16.49,16.76,16.13,42849.0,0.36,16.49,7051.0,10.0,16.54,103.0,16.56,39.45,4.99,79.46,80.85
sh603903,10.15,10.01,10.16,10.01,11400.0,0.69,10.08,1155.0,107.0,10.13,247.0,10.15,14.62,1.96,20.53,20.53
sh603906,34.37,33.0,34.78,32.31,56153.0,4.15,33.0,18900.0,171.0,34.36,73.0,34.38,69.48,8.34,165.69,165.69
sh603908,24.5,24.58,24.72,24.28,6426.0,-0.33,24.58,1573.0,46.0,24.48,2.0,24.53,29.85,3.97,16.34,16.34
sh603909,14.7,14.89,14.99,14.56,16853.0,-1.21,14.88,2479.0,71.0,14.65,355.0,14.7,53.45,3.44,29.48,29.48
sh603912,17.0,16.65,17.17,16.28,94158.0,1.37,16.77,15722.0,239.0,16.98,434.0,17.0,27.34,4.21,36.87,36.88
sh603915,38.6,38.27,38.91,37.38,37300.0,1.85,37.9,14269.0,7.0,38.59,38.0,38.7,44.9,7.26,48.22,182.38
sh603916,20.3,19.92,20.39,19.81,17287.0,1.45,20.01,3498.0,35.0,20.29,11.0,20.31,18.17,2.41,84.23,85.32
sh603917,9.41,9.31,9.46,9.25,8590.0,0.64,9.35,808.0,449.0,9.4,17.0,9.42,21.27,1.46,14.75,14.75
sh603918,7.77,7.75,7.84,7.68,38552.0,-0.13,7.78,2991.0,1528.0,7.76,201.0,7.78,28.34,2.65,23.48,28.51
sh603919,41.67,39.8,43.0,39.58,150259.0,3.92,40.1,63115.0,907.0,41.66,312.0,41.68,54.37,7.63,204.73,211.38
sh603920,13.1,12.86,13.13,12.73,65158.0,1.71,12.88,8448.0,126.0,13.09,223.0,13.11,24.92,2.56,69.32,69.72
sh603922,15.25,15.2,15.29,15.11,3353.0,0.33,15.2,509.0,21.0,15.22,26.0,15.26,93.31,1.87,19.52,19.52
sh603926,15.3,15.2,15.3,15.05,15672.0,0.59,15.21,2381.0,15.0,15.28,324.0,15.3,12.74,1.99,24.51,24.51
sh603927,28.63,28.87,28.87,27.91,82413.0,-1.62,29.1,23344.0,69.0,28.62,80.0,28.64,33.6,7.46,130.1,169.95
sh603928,10.79,10.7,10.82,10.6,8293.0,0.65,10.72,890.0,42.0,10.77,28.0,10.79,19.71,1.57,21.75,21.75
sh603929,11.29,11.38,11.47,11.21,41428.0,-2.0,11.52,4693.0,794.0,11.28,47.0,11.3,-68.4,2.39,24.09,24.09
sh603931,32.6,32.02,32.92,31.7,26243.0,0.49,32.44,8472.0,69.0,32.58,39.0,32.6,44.68,4.09,11.62,46.47
sh603933,14.3,14.45,14.67,13.84,63704.0,-2.79,14.71,9021.0,744.0,14.28,124.0,14.3,54.88,2.74,28.78,28.78
sh603936,11.77,11.49,11.8,11.45,95197.0,1.2,11.63,11125.0,360.0,11.76,926.0,11.78,21.67,1.73,56.68,60.15
sh603937,16.47,15.38,16.47,15.34,169079.0,10.02,14.97,27267.0,9202.0,16.46,0.0,0.0,24.53,2.24,34.4,34.4
sh603938,41.9,42.4,42.4,38.72,104574.0,-0.48,42.1,42301.0,35.0,41.89,285.0,41.92,59.39,6.38,81.8,81.8
sh603939,52.36,51.35,53.09,50.53,31640.0,1.77,51.45,16590.0,23.0,52.35,5.0,52.42,45.72,5.42,365.83,376.35
sh603948,18.91,18.85,19.05,18.84,3318.0,-0.42,18.99,627.0,20.0,18.89,19.0,18.91,19.66,2.11,14.19,30.26
sh603949,14.22,14.05,14.28,14.04,11758.0,0.49,14.15,1671.0,88.0,14.21,45.0,14.23,17.55,2.97,7.46,29.83
sh603950,19.45,19.37,19.62,19.16,10697.0,0.46,19.36,2072.0,113.0,19.41,16.0,19.45,12.08,2.14,17.13,45.03
sh603955,13.3,13.39,13.45,13.21,7827.0,-0.67,13.39,1043.0,1.0,13.28,27.0,13.33,16.24,1.15,18.05,18.05
sh603956,17.7,17.59,18.02,17.59,7628.0,-0.51,17.79,1357.0,44.0,17.69,49.0,17.75,36.09,6.92,15.55,75.39
sh603958,8.77,8.65,8.83,8.51,132900.0,-0.34,8.8,11576.0,1319.0,8.76,61.0,8.78,-56.89,1.94,19.06,19.06
sh603959,10.45,10.15,10.58,10.08,41827.0,2.15,10.23,4344.0,93.0,10.43,43.0,10.45,76.78,7.85,51.24,51.24
sh603960,34.47,33.26,34.55,32.4,36730.0,3.54,33.29,12349.0,36.0,34.46,95.0,34.48,73.06,9.56,89.68,89.95
sh603963,7.78,7.8,7.89,7.73,12559.0,-0.26,7.8,976.0,180.0,7.76,129.0,7.78,375.59,3.71,17.09,17.09
sh603966,11.98,11.98,12.04,11.8,18791.0,0.0,11.98,2241.0,19.0,11.93,776.0,11.98,15.87,2.2,25.6,25.75
sh603967,11.7,11.6,11.73,11.59,9505.0,0.86,11.6,1112.0,42.0,11.68,253.0,11.7,16.49,1.62,10.92,31.2
sh603968,14.06,13.93,14.06,13.92,7477.0,1.01,13.92,1047.0,27.0,14.04,57.0,14.06,12.4,1.74,28.75,28.75
sh603969,4.15,4.2,4.22,4.15,49137.0,-1.19,4.2,2053.0,980.0,4.14,880.0,4.16,20.98,1.79,34.9,34.9
sh603970,22.8,22.7,23.15,22.61,12998.0,-0.52,22.92,2965.0,15.0,22.79,6.0,22.82,31.65,4.21,21.78,43.78
sh603976,37.48,36.36,38.1,36.06,18112.0,3.05,36.37,6729.0,32.0,37.46,69.0,37.48,105.19,5.4,56.67,56.67
sh603977,7.34,7.41,7.42,7.31,16918.0,-1.21,7.43,1245.0,70.0,7.32,57.0,7.34,18.82,1.91,31.81,40.49
sh603978,18.91,18.82,19.28,18.57,26752.0,-0.37,18.98,5039.0,148.0,18.9,7.0,18.92,106.58,1.98,30.26,30.26
sh603979,18.48,17.78,18.5,17.78,62847.0,3.3,17.89,11489.0,166.0,18.47,1029.0,18.49,27.32,2.35,107.82,107.82
sh603980,6.55,6.54,6.6,6.51,17333.0,0.15,6.54,1138.0,214.0,6.53,282.0,6.55,14.83,1.03,45.85,45.85
sh603982,16.94,16.83,17.07,16.77,25419.0,-0.18,16.97,4301.0,66.0,16.93,71.0,16.95,21.88,2.14,13.84,34.12
sh603983,46.85,47.69,48.21,46.75,18230.0,-1.91,47.76,8633.0,235.0,46.83,38.0,46.85,42.24,6.41,36.07,188.25
sh603985,17.16,16.77,17.18,16.55,37862.0,2.02,16.82,6438.0,34.0,17.14,408.0,17.16,8.24,2.74,45.47,45.47
sh603986,182.9,174.4,184.34,170.99,217123.0,2.29,178.8,388083.0,7.0,182.88,56.0,182.9,119.82,10.99,1125.27,1215.03
sh603987,24.5,23.98,24.83,23.78,61857.0,2.6,23.88,15118.0,132.0,24.49,6.0,24.51,49.9,5.96,107.3,108.18
sh603988,16.82,16.0,16.96,15.81,106843.0,5.26,15.98,17610.0,807.0,16.81,156.0,16.83,30.71,6.55,39.56,39.56
sh603989,31.86,30.74,31.98,30.43,42085.0,3.11,30.9,13202.0,15.0,31.85,58.0,31.87,29.47,4.98,127.28,127.28
sh603990,23.84,23.76,23.95,23.61,40269.0,-0.5,23.96,9588.0,286.0,23.83,157.0,23.85,67.33,3.74,39.45,39.45
sh603991,49.0,47.3,49.98,46.38,7503.0,2.55,47.78,3649.0,7.0,48.99,1.0,49.15,-91.57,9.96,36.52,36.52
sh603992,18.7,19.2,19.43,18.68,17860.0,-2.55,19.19,3386.0,192.0,18.68,56.0,18.7,24.26,3.75,8.38,74.99
sh603993,6.2,5.57,6.28,5.51,7998022.0,8.58,5.71,480239.0,24676.0,6.19,25863.0,6.21,46.37,3.53,1095.28,1339.15
sh603995,38.0,36.69,38.54,36.13,19151.0,4.34,36.42,7172.0,3.0,37.98,24.0,38.09,18.77,2.86,42.49,88.59
sh603996,2.75,2.75,2.82,2.73,25026.0,-0.72,2.77,693.0,566.0,2.74,23.0,2.76,-1.15,-0.41,8.25,8.25
sh603997,8.01,8.12,8.15,7.97,60015.0,-1.48,8.13,4817.0,320.0,7.99,230.0,8.01,-103.88,1.92,66.36,85.45
sh603998,6.06,6.14,6.15,6.0,46431.0,-1.3,6.14,2807.0,59.0,6.04,189.0,6.06,38.49,2.26,26.02,26.02
sh603999,5.22,5.21,5.24,5.18,12354.0,0.0,5.22,644.0,89.0,5.21,59.0,5.23,39.8,1.73,30.07,30.07
sh605001,8.91,8.88,8.92,8.86,10178.0,0.22,8.89,905.0,159.0,8.9,414.0,8.92,39.84,1.25,21.33,35.01
sh605003,24.7,24.8,25.15,24.46,10045.0,-0.4,24.8,2485.0,166.0,24.68,32.0,24.7,17.58,2.65,6.79,27.17
sh605006,13.47,13.24,13.72,12.97,263470.0,6.23,12.68,35142.0,443.0,13.45,126.0,13.47,23.14,3.62,13.47,67.35
sh605007,19.39,19.0,19.5,19.0,11462.0,0.99,19.2,2218.0,11.0,19.37,139.0,19.39,21.88,4.31,7.76,77.56
sh605008,19.3,19.04,19.5,18.81,25701.0,2.22,18.88,4934.0,68.0,19.28,184.0,19.3,36.7,6.85,12.43,123.98
sh605009,69.79,68.96,71.55,68.8,10310.0,1.23,68.94,7250.0,15.0,69.77,38.0,69.8,18.65,3.86,27.73,110.92
sh605018,13.58,13.4,13.65,13.26,22395.0,1.12,13.43,3023.0,68.0,13.57,59.0,13.59,25.7,2.98,5.66,56.59
sh605050,10.63,10.54,10.66,10.52,11710.0,0.28,10.6,1242.0,296.0,10.61,65.0,10.63,13.37,1.6,7.97,46.24
sh605058,23.33,23.16,23.36,23.0,7937.0,0.56,23.2,1843.0,15.0,23.32,20.0,23.34,23.86,2.51,8.34,33.34
sh605066,13.07,13.16,13.16,12.98,7654.0,-0.15,13.09,998.0,43.0,13.04,176.0,13.07,20.58,3.19,9.28,52.82
sh605068,35.15,35.02,35.45,34.0,5620.0,0.57,34.95,1970.0,4.0,35.13,30.0,35.18,22.7,3.53,14.59,58.35
sh605088,16.05,15.97,16.09,15.91,7489.0,0.31,16.0,1198.0,5.0,16.01,306.0,16.05,30.28,1.88,6.42,26.63
sh605099,44.92,43.01,44.98,42.82,13034.0,3.36,43.46,5771.0,139.0,44.9,117.0,44.92,40.81,10.49,18.01,180.69
sh605100,39.96,39.7,40.17,39.65,3197.0,0.48,39.77,1276.0,8.0,39.94,44.0,39.99,17.06,2.0,8.67,34.65
sh605108,19.36,19.16,19.56,19.15,11346.0,0.31,19.3,2201.0,51.0,19.34,27.0,19.36,28.23,2.72,12.58,50.34
sh605111,167.3,164.95,169.3,162.0,41094.0,-1.18,169.29,68448.0,27.0,167.29,4.0,167.31,124.69,19.19,59.26,237.03
sh605116,13.82,13.7,13.85,13.7,4422.0,0.22,13.79,610.0,9.0,13.8,58.0,13.82,39.64,4.05,5.67,55.42
sh605118,14.33,14.2,14.37,14.09,9369.0,0.92,14.2,1337.0,172.0,14.32,52.0,14.34,38.57,5.3,5.88,58.11
sh605123,73.11,71.0,73.56,70.0,10329.0,2.77,71.14,7363.0,2.0,72.79,2.0,73.11,39.77,5.01,19.74,78.96
sh605128,35.53,34.4,35.98,34.01,6735.0,3.28,34.4,2368.0,1.0,35.5,33.0,35.53,30.93,2.91,7.11,28.42
sh605136,29.26,29.02,29.57,28.69,16429.0,0.55,29.1,4808.0,69.0,29.24,59.0,29.26,34.4,5.08,11.71,117.52
sh605151,18.7,18.4,18.75,18.36,12718.0,1.41,18.44,2369.0,284.0,18.69,172.0,18.71,21.31,2.22,6.23,24.93
sh605158,8.31,8.2,8.35,8.2,16276.0,1.47,8.19,1349.0,169.0,8.3,267.0,8.32,14.05,2.11,10.63,42.5
sh605166,9.0,8.95,9.02,8.89,11384.0,0.56,8.95,1020.0,19.0,8.99,170.0,9.01,17.84,2.37,16.88,28.4
sh605168,152.48,148.1,153.5,148.1,4565.0,2.42,148.88,6876.0,1.0,152.35,6.0,152.48,28.29,6.9,46.24,106.24
sh605169,14.57,14.41,14.65,14.3,14645.0,1.11,14.41,2126.0,274.0,14.55,66.0,14.57,21.14,1.9,7.58,30.31
sh605177,32.37,32.32,32.48,32.03,5120.0,0.31,32.27,1653.0,57.0,32.36,82.0,32.38,27.9,2.14,9.19,36.77
sh605178,36.99,36.66,37.24,36.53,2374.0,0.24,36.9,879.0,7.0,37.02,11.0,37.14,31.05,1.77,9.18,36.71
sh605183,17.73,17.13,17.97,17.01,84093.0,2.78,17.25,14835.0,10.0,17.72,84.0,17.74,32.63,3.26,8.64,73.41
sh605188,8.87,8.84,8.88,8.77,11815.0,0.11,8.86,1043.0,37.0,8.86,292.0,8.88,53.35,4.0,4.4,43.96
sh605198,23.98,22.7,24.94,22.68,17188.0,5.78,22.67,4185.0,188.0,23.96,43.0,23.98,67.25,4.15,4.8,88.08
sh605199,27.23,26.89,27.44,26.47,32144.0,0.96,26.97,8685.0,8.0,27.22,79.0,27.24,84.98,12.38,10.92,108.95
sh605218,13.93,13.79,13.95,13.73,8631.0,0.94,13.8,1196.0,142.0,13.92,66.0,13.94,32.23,2.66,7.41,29.65
sh605222,20.85,20.22,20.93,20.08,39814.0,2.41,20.36,8199.0,65.0,20.82,73.0,20.85,17.0,2.86,10.43,83.52
sh605255,15.05,15.03,15.15,14.97,6967.0,0.27,15.01,1050.0,60.0,15.04,50.0,15.06,28.23,2.36,5.04,20.18
sh605258,31.4,31.17,31.6,31.04,5439.0,0.51,31.24,1706.0,84.0,31.39,2.0,31.42,29.3,2.59,6.91,27.63
sh605266,84.89,83.88,84.89,83.51,2641.0,1.04,84.02,2231.0,24.0,84.86,11.0,84.89,22.5,3.27,14.62,59.02
sh605288,101.83,101.11,102.1,101.11,2592.0,-1.1,102.96,2636.0,7.0,101.8,1.0,101.84,28.5,2.56,12.73,51.42
sh605299,19.01,19.23,19.5,18.91,50986.0,-2.66,19.53,9747.0,257.0,18.99,146.0,19.01,56.12,6.62,9.51,78.23
sh605318,14.71,14.63,14.75,14.58,6690.0,0.62,14.62,984.0,77.0,14.69,161.0,14.71,26.0,2.21,4.75,19.0
sh605333,13.53,13.55,13.6,13.43,7679.0,0.15,13.51,1036.0,8.0,13.52,210.0,13.54,70.55,7.12,5.43,54.26
sh605336,26.92,26.8,27.5,26.73,9926.0,-0.37,27.02,2688.0,139.0,26.87,84.0,26.92,17.92,2.19,9.48,38.23
sh605338,31.95,32.03,32.45,31.88,12523.0,-0.78,32.2,4018.0,87.0,31.94,14.0,31.96,45.04,4.93,19.81,79.24
sh605358,105.58,102.37,105.7,98.5,48069.0,1.52,104.0,49590.0,189.0,105.57,4.0,105.59,172.43,22.32,42.84,422.93
sh605366,12.21,12.22,12.34,12.05,47356.0,0.33,12.17,5778.0,283.0,12.2,62.0,12.22,34.34,2.52,10.13,40.54
sh605369,117.91,106.88,117.91,100.0,19086.0,10.0,107.19,21465.0,194.0,117.9,0.0,0.0,46.94,11.55,33.01,132.06
sh605376,80.46,79.4,81.45,77.8,21841.0,0.68,79.92,17455.0,3.0,80.41,8.0,80.46,115.26,15.01,52.62,210.48
sh605388,21.01,20.61,21.35,20.61,40635.0,0.82,20.84,8558.0,262.0,20.99,57.0,21.01,40.05,4.87,14.71,90.34
sh605399,21.84,21.03,22.02,20.83,83401.0,1.77,21.46,17950.0,107.0,21.82,32.0,21.84,23.79,3.47,10.05,40.19
sz000001,22.55,22.68,23.05,22.5,468945.0,-1.01,22.78,106391.0,2157.0,22.54,186.0,22.56,14.34,1.46,4376.0,4376.03
sz000002,24.04,24.2,24.48,23.97,598541.0,-1.8,24.48,144299.0,4197.0,24.03,8.0,24.05,6.72,1.24,2336.1,2792.9
sz000004,18.63,19.11,19.26,18.25,72333.0,-3.37,19.28,13453.0,205.0,18.62,5.0,18.64,47.23,2.1,21.45,30.75
sz000005,1.9,1.87,1.92,1.85,116492.0,1.06,1.88,2201.0,432.0,1.88,10042.0,1.9,-5.62,1.61,20.1,20.11
sz000006,4.86,4.89,4.9,4.82,76847.0,-0.41,4.88,3729.0,524.0,4.84,1028.0,4.86,6.52,0.89,65.61,65.61
sz000007,4.5,4.32,4.5,4.32,89644.0,4.9,4.29,4020.0,27682.0,4.49,0.0,0.0,-15.38,24.67,13.9,15.59
sz000008,2.19,2.18,2.19,2.17,75565.0,0.0,2.19,1650.0,14925.0,2.17,14230.0,2.19,-6.98,0.94,58.37,60.9
sz000009,18.53,17.81,18.81,17.59,1182918.0,2.04,18.16,217309.0,92.0,18.52,247.0,18.54,58.87,6.75,472.78,477.93
sz000010,3.92,3.92,3.94,3.9,26280.0,0.0,3.92,1028.0,1751.0,3.9,1940.0,3.92,60.51,6.51,20.47,32.14
sz000011,11.96,12.18,12.25,11.9,45039.0,-1.73,12.17,5392.0,424.0,11.94,349.0,11.96,8.28,1.93,62.97,71.28
sz000012,10.37,10.51,10.6,10.24,547597.0,0.48,10.32,56957.0,1257.0,10.35,102.0,10.37,25.65,3.04,203.04,318.43
sz000014,7.69,7.67,7.77,7.6,12999.0,-0.77,7.75,1000.0,114.0,7.68,222.0,7.7,-120.94,1.76,15.51,15.51
sz000016,6.37,6.5,6.51,6.3,226698.0,-2.9,6.56,14494.0,620.0,6.36,223.0,6.38,19.89,1.86,101.7,153.39
sz000017,3.61,3.57,3.63,3.55,59499.0,1.12,3.57,2137.0,222.0,3.59,770.0,3.61,477.74,186.08,10.94,19.9
sz000019,7.3,7.37,7.37,7.26,39934.0,-0.95,7.37,2912.0,2087.0,7.29,241.0,7.31,18.36,1.87,30.38,84.14
sz000020,9.78,9.8,9.87,9.71,6424.0,-0.2,9.8,629.0,38.0,9.77,1.0,9.79,216.4,8.1,17.72,27.69
sz000021,18.04,18.09,18.1,17.65,270237.0,-1.15,18.25,48247.0,482.0,18.02,243.0,18.04,28.85,3.13,265.31,281.53
sz000023,14.82,14.86,15.02,14.73,1775.0,-0.34,14.87,263.0,113.0,14.75,108.0,14.82,265.69,4.39,20.56,20.56
sz000025,14.85,14.81,14.98,14.74,16514.0,0.27,14.81,2447.0,751.0,14.83,37.0,14.85,86.33,4.84,58.33,64.01
sz000026,14.52,14.12,14.71,14.05,70711.0,2.98,14.1,10257.0,392.0,14.51,53.0,14.53,14.87,2.31,51.97,63.24
sz000027,9.04,9.19,9.19,8.93,691371.0,-2.27,9.25,62505.0,2969.0,9.03,2278.0,9.05,10.13,1.65,430.07,430.07
sz000028,36.89,36.67,36.97,36.58,13451.0,0.63,36.66,4946.0,26.0,36.88,188.0,36.9,10.66,1.13,135.66,157.94
sz000029,7.39,7.46,7.53,7.32,38150.0,-1.2,7.48,2821.0,168.0,7.37,97.0,7.39,21.35,1.97,65.89,74.76
sz000030,6.24,6.2,6.27,6.19,17476.0,0.32,6.22,1089.0,172.0,6.22,28.0,6.24,11.28,1.62,109.82,112.98
sz000031,3.61,3.66,3.68,3.6,57701.0,-1.63,3.67,2090.0,4533.0,3.59,141.0,3.61,-50.36,0.83,68.26,154.74
sz000032,18.38,18.49,18.55,18.34,7861.0,-0.65,18.5,1448.0,21.0,18.37,41.0,18.39,130.46,2.18,75.62,196.89
sz000034,21.83,21.7,22.01,21.14,224561.0,-1.09,22.07,48659.0,127.0,21.81,397.0,21.83,21.78,3.11,108.87,144.0
sz000035,4.47,4.53,4.58,4.46,54904.0,-1.54,4.54,2469.0,1821.0,4.46,2057.0,4.48,16.89,0.97,109.66,112.81
sz000036,4.75,4.84,4.88,4.71,216884.0,-3.06,4.9,10324.0,19869.0,4.74,1793.0,4.76,20.51,1.41,70.25,70.49
sz000037,8.25,8.33,8.36,8.2,25741.0,-0.96,8.33,2121.0,147.0,8.23,224.0,8.25,76.54,2.44,27.96,49.73
sz000038,11.17,11.25,11.33,11.16,12712.0,-0.8,11.26,1427.0,229.0,11.16,26.0,11.18,78.08,2.02,26.6,58.39
sz000039,18.3,18.1,18.47,17.88,211036.0,-0.6,18.41,38428.0,1628.0,18.29,62.0,18.31,8.77,1.6,280.77,657.89
sz000040,2.77,2.77,2.8,2.74,251159.0,0.0,2.77,6962.0,4311.0,2.76,2190.0,2.78,-3.92,0.34,29.37,41.19
sz000042,8.34,8.33,8.34,8.26,14750.0,0.12,8.33,1229.0,22.0,8.32,7.0,8.34,23.99,0.72,55.27,55.45
sz000045,9.98,9.35,10.2,9.35,171075.0,6.17,9.4,16965.0,6.0,9.96,708.0,9.98,58.87,1.81,45.61,50.55
sz000046,2.25,2.28,2.3,2.24,366473.0,-1.75,2.29,8286.0,21617.0,2.23,450.0,2.25,-2.51,0.71,116.86,116.91
sz000048,18.4,18.38,18.44,18.11,10633.0,0.93,18.23,1946.0,191.0,18.38,105.0,18.42,7.94,3.05,96.26,96.28
sz000049,47.99,45.65,48.44,45.35,137723.0,4.78,45.8,65565.0,426.0,47.97,311.0,47.99,19.04,4.86,142.82,144.18
sz000050,13.58,13.51,13.6,13.44,125194.0,-0.07,13.59,16934.0,413.0,13.57,375.0,13.59,19.73,0.98,283.23,333.76
sz000055,4.51,4.53,4.53,4.45,67795.0,-0.66,4.54,3042.0,544.0,4.5,1505.0,4.52,13.36,0.9,30.55,48.43
sz000056,2.74,2.72,2.77,2.71,104307.0,0.37,2.73,2859.0,3537.0,2.72,101.0,2.74,-10.7,0.68,24.76,32.18
sz000058,5.81,5.81,5.88,5.71,72484.0,-0.34,5.83,4189.0,198.0,5.8,1661.0,5.82,101.43,3.7,31.27,71.79
sz000059,7.92,7.55,7.93,7.33,352371.0,3.13,7.68,27233.0,1212.0,7.9,2085.0,7.92,7.26,0.91,126.68,126.68
sz000060,4.64,4.52,4.65,4.5,458748.0,2.2,4.54,21087.0,3531.0,4.62,6381.0,4.64,14.93,1.42,165.6,165.65
sz000061,5.47,5.52,5.54,5.45,37717.0,-0.91,5.52,2064.0,591.0,5.46,20.0,5.48,27.64,1.73,92.8,92.82
sz000062,17.14,17.01,17.14,16.58,130296.0,0.41,17.07,22013.0,371.0,17.13,127.0,17.15,24.29,3.23,179.04,179.27
sz000063,31.16,31.2,31.39,30.87,442400.0,-0.86,31.43,137510.0,1119.0,31.15,592.0,31.17,25.39,3.14,1201.96,1437.55
sz000065,8.11,7.99,8.19,7.94,84353.0,0.62,8.06,6799.0,166.0,8.1,760.0,8.12,8.22,1.15,54.99,62.81
sz000066,14.28,14.27,14.39,14.05,386362.0,-1.18,14.45,54965.0,3550.0,14.27,971.0,14.29,39.92,4.7,419.49,419.54
sz000068,2.68,2.65,2.7,2.65,48566.0,0.0,2.68,1298.0,2096.0,2.66,50.0,2.68,-16.43,7.98,26.98,26.98
sz000069,7.62,7.79,7.83,7.56,403170.0,-1.68,7.75,30794.0,70.0,7.61,515.0,7.63,4.9,0.83,537.69,624.98
sz000070,7.98,7.88,8.02,7.82,120215.0,0.38,7.95,9550.0,800.0,7.96,94.0,7.98,73.71,2.25,64.24,65.94
sz000078,3.26,3.26,3.27,3.23,107733.0,0.0,3.26,3500.0,181.0,3.25,4161.0,3.27,-32.47,1.5,85.45,89.68
sz000088,5.53,5.53,5.56,5.5,48102.0,-0.36,5.55,2655.0,1377.0,5.51,809.0,5.53,26.98,1.44,124.38,124.38
sz000089,7.85,7.81,7.86,7.8,53296.0,0.64,7.8,4178.0,232.0,7.84,2381.0,7.86,80.82,1.34,160.99,160.99
sz000090,5.46,5.5,5.52,5.45,84131.0,-1.09,5.52,4605.0,2461.0,5.45,381.0,5.47,7.15,1.18,102.01,102.02
sz000096,9.28,9.31,9.33,9.19,13421.0,-0.96,9.37,1240.0,26.0,9.26,146.0,9.28,34.9,1.73,47.41,49.0
sz000099,6.71,6.69,6.74,6.65,31137.0,0.0,6.71,2084.0,185.0,6.69,304.0,6.72,17.75,1.17,40.67,40.67
sz000100,7.97,7.8,8.01,7.76,4915329.0,0.89,7.9,387899.0,13464.0,7.95,34677.0,7.97,17.52,3.35,1028.71,1118.25
sz000150,4.29,4.24,4.36,4.21,238211.0,0.94,4.25,10232.0,1482.0,4.28,4509.0,4.3,-5.97,49.65,34.58,37.65
sz000151,7.34,7.3,7.37,7.28,14946.0,-0.14,7.35,1097.0,174.0,7.33,8.0,7.35,-8.39,2.8,19.56,24.76
sz000153,9.35,9.19,9.42,9.15,61279.0,1.08,9.25,5690.0,93.0,9.32,269.0,9.35,26.63,2.02,29.17,29.19
sz000155,15.14,14.05,15.75,13.72,1139105.0,5.43,14.36,170637.0,1098.0,15.13,4896.0,15.15,120.64,5.24,192.28,192.28
sz000156,7.55,7.57,7.57,7.52,39580.0,-0.26,7.57,2986.0,99.0,7.53,1975.0,7.55,17.0,1.02,96.66,139.9
sz000157,8.53,8.56,8.67,8.43,641269.0,0.12,8.52,54912.0,2117.0,8.51,2986.0,8.53,8.53,1.41,558.8,739.9
sz000158,9.86,9.82,9.99,9.68,998006.0,-1.99,10.06,97924.0,3648.0,9.85,1933.0,9.87,141.49,2.66,155.15,157.62
sz000159,6.17,6.1,6.18,6.03,86570.0,0.49,6.14,5278.0,442.0,6.15,130.0,6.17,19.72,1.32,29.66,29.66
sz000166,4.51,4.51,4.54,4.49,424414.0,-0.22,4.52,19156.0,1313.0,4.5,11196.0,4.52,13.76,1.25,1016.35,1129.3
sz000301,20.97,19.23,20.97,18.58,689984.0,10.02,19.06,136718.0,16505.0,20.96,0.0,0.0,140.67,5.74,363.16,1013.87
sz000333,70.39,68.95,71.95,68.61,559598.0,2.59,68.61,396197.0,408.0,70.38,455.0,70.4,17.18,4.66,4847.79,4960.93
sz000338,17.03,16.96,17.16,16.91,382038.0,0.12,17.01,65153.0,2052.0,17.01,66.0,17.03,14.17,2.15,722.81,1486.13
sz000400,12.5,12.33,12.53,12.33,68611.0,0.73,12.41,8543.0,975.0,12.49,199.0,12.51,17.13,1.46,126.03,126.04
sz000401,12.58,12.51,12.65,12.43,89845.0,0.0,12.58,11268.0,67.0,12.57,580.0,12.59,5.77,1.32,177.8,177.84
sz000402,6.83,6.85,6.85,6.77,116256.0,-0.44,6.86,7904.0,828.0,6.81,704.0,6.83,7.06,0.55,204.06,204.14
sz000403,32.63,31.76,32.79,31.06,21172.0,3.23,31.61,6820.0,61.0,32.61,18.0,32.63,109.93,4.02,159.21,238.96
sz000404,3.88,3.86,3.89,3.85,32567.0,0.0,3.88,1262.0,123.0,3.86,1337.0,3.88,23.52,0.83,26.95,27.0
sz000407,4.05,4.06,4.06,4.02,43045.0,-0.49,4.07,1741.0,200.0,4.04,988.0,4.06,12.99,1.37,35.47,35.64
sz000408,24.56,24.08,25.33,24.05,378850.0,0.99,24.32,93486.0,1169.0,24.55,288.0,24.57,65.18,6.01,116.29,489.67
sz000409,5.43,5.43,5.52,5.39,137499.0,-1.27,5.5,7473.0,993.0,5.41,712.0,5.43,31.45,5.51,22.03,27.74
sz000410,4.13,4.13,4.16,4.09,22364.0,0.0,4.13,919.0,8.0,4.1,631.0,4.13,-11.52,26.87,69.42,69.55
sz000411,13.13,13.08,13.18,13.02,12687.0,0.15,13.11,1664.0,81.0,13.11,121.0,13.13,19.84,1.94,27.22,32.69
sz000413,2.15,2.09,2.17,2.08,1100758.0,2.87,2.09,23562.0,25014.0,2.13,1616.0,2.15,-3.53,0.45,104.58,123.2
sz000415,2.38,2.4,2.44,2.37,164853.0,-1.65,2.42,3944.0,15440.0,2.37,461.0,2.39,-1.73,0.54,84.43,147.19
sz000416,3.98,3.98,4.04,3.95,33937.0,-0.75,4.01,1352.0,1727.0,3.96,464.0,3.98,73.41,2.39,21.16,21.17
sz000417,4.49,4.49,4.51,4.47,54485.0,-0.22,4.5,2446.0,2306.0,4.47,208.0,4.49,18.93,0.85,34.98,35.02
sz000419,4.48,4.52,4.52,4.44,86906.0,-1.54,4.55,3889.0,307.0,4.47,602.0,4.49,13.36,0.76,24.34,24.35
sz000420,3.46,3.42,3.59,3.42,276909.0,-0.29,3.47,9655.0,2631.0,3.45,1612.0,3.47,-34.56,2.43,68.15,75.02
sz000421,5.14,5.1,5.16,5.1,21370.0,0.0,5.14,1097.0,1395.0,5.13,1955.0,5.15,12.41,1.05,29.43,29.43
sz000422,8.92,8.94,9.14,8.73,286393.0,-0.45,8.96,25553.0,174.0,8.91,62.0,8.93,15.48,14.85,80.08,80.09
sz000423,34.76,34.68,35.02,34.42,44974.0,0.38,34.63,15631.0,8.0,34.75,42.0,34.77,120.41,2.32,227.28,227.34
sz000425,6.48,6.36,6.5,6.33,703343.0,1.89,6.36,45132.0,5393.0,6.46,4583.0,6.48,10.48,1.52,453.28,507.62
sz000426,7.93,7.7,7.93,7.62,228228.0,1.54,7.81,17811.0,291.0,7.92,1303.0,7.94,3338.58,2.77,116.99,145.69
sz000428,2.79,2.77,2.8,2.76,19806.0,0.36,2.78,550.0,237.0,2.77,1032.0,2.79,-5.91,1.45,28.43,28.43
sz000429,7.16,7.24,7.24,7.14,45763.0,-0.56,7.2,3284.0,506.0,7.14,6.0,7.16,11.23,1.79,93.29,149.7
sz000430,5.38,5.4,5.49,5.35,27455.0,-0.37,5.4,1485.0,543.0,5.36,75.0,5.38,-25.0,1.47,17.85,21.78
sz000488,8.22,8.17,8.26,8.12,368739.0,0.12,8.21,30216.0,4074.0,8.2,2617.0,8.22,9.12,1.25,136.39,245.3
sz000498,5.3,5.37,5.41,5.29,74153.0,-1.3,5.37,3951.0,194.0,5.29,73.0,5.31,6.01,0.95,27.2,82.52
sz000501,11.5,11.35,11.62,11.33,95644.0,0.97,11.39,10972.0,6.0,11.49,8.0,11.51,8.51,0.88,88.3,88.43
sz000502,5.72,5.69,5.78,5.62,9560.0,-0.17,5.73,546.0,13.0,5.7,42.0,5.72,-46.69,6.07,10.49,10.57
sz000503,7.27,7.26,7.4,7.23,43585.0,0.28,7.25,3185.0,949.0,7.26,98.0,7.28,-28.7,7.23,65.34,65.34
sz000504,20.33,20.11,20.34,20.0,13244.0,0.2,20.29,2676.0,16.0,20.27,134.0,20.33,591.34,230.24,63.16,63.34
sz000505,7.09,7.13,7.16,7.05,34519.0,-0.7,7.14,2446.0,985.0,7.08,258.0,7.1,26.6,1.88,43.92,51.54
sz000506,2.22,2.18,2.25,2.17,166393.0,1.83,2.18,3691.0,1833.0,2.21,3711.0,2.23,-4.04,4.05,20.62,20.62
sz000507,5.97,6.03,6.05,5.93,79547.0,-0.17,5.98,4756.0,542.0,5.96,123.0,5.99,16.72,1.05,49.58,54.91
sz000509,2.99,2.97,3.05,2.97,67507.0,0.67,2.97,2031.0,2320.0,2.97,442.0,2.99,114.23,20.03,24.68,32.09
sz000510,4.88,4.86,4.91,4.82,78416.0,0.0,4.88,3817.0,979.0,4.86,868.0,4.88,27.36,2.63,27.48,29.73
sz000513,43.53,43.34,44.06,43.06,103328.0,-0.8,43.88,45046.0,168.0,43.51,55.0,43.53,22.2,3.59,262.42,407.33
sz000514,3.36,3.36,3.38,3.35,15820.0,-0.3,3.37,532.0,645.0,3.35,1560.0,3.37,20.02,0.85,28.35,28.35
sz000516,17.68,17.65,17.94,17.28,331902.0,-0.62,17.79,58367.0,668.0,17.67,131.0,17.69,778.13,6.92,334.8,402.38
sz000517,2.62,2.66,2.67,2.62,78385.0,-1.87,2.67,2066.0,6534.0,2.61,233.0,2.63,4.43,1.01,64.8,83.42
sz000518,3.55,3.57,3.57,3.54,51266.0,-0.56,3.57,1819.0,7266.0,3.53,1741.0,3.55,983.07,5.82,36.55,36.55
sz000519,10.38,10.23,10.52,10.14,261213.0,0.39,10.34,27083.0,418.0,10.37,907.0,10.39,41.14,1.68,144.44,144.55
sz000520,3.34,3.33,3.39,3.32,58863.0,0.0,3.34,1973.0,4189.0,3.33,775.0,3.35,220.93,7.91,33.8,33.8
sz000521,3.35,3.34,3.38,3.34,77196.0,-0.3,3.36,2590.0,232.0,3.34,1491.0,3.36,18.44,0.73,29.23,34.99
sz000523,3.51,3.51,3.63,3.47,83904.0,-2.23,3.59,2963.0,984.0,3.5,27.0,3.52,-0.49,-0.84,22.01,22.03
sz000524,7.43,7.4,7.45,7.32,19046.0,0.27,7.41,1404.0,22.0,7.39,258.0,7.43,-21.23,2.17,49.79,49.8
sz000525,4.07,4.01,4.17,3.99,180598.0,-0.25,4.08,7385.0,417.0,4.06,1595.0,4.08,-16.96,0.59,23.38,23.64
sz000526,28.95,28.06,30.27,27.64,76222.0,3.17,28.06,22102.0,68.0,28.94,4.0,28.96,52.38,3.52,27.85,34.09
sz000528,7.97,7.9,8.0,7.89,151690.0,0.38,7.94,12060.0,1005.0,7.95,267.0,7.97,7.45,1.03,116.9,117.58
sz000529,5.45,5.37,5.46,5.36,14987.0,0.93,5.4,812.0,833.0,5.44,463.0,5.46,10.43,1.66,31.06,31.82
sz000530,3.94,3.86,3.96,3.8,113361.0,2.6,3.84,4428.0,400.0,3.93,1314.0,3.95,65.0,0.99,23.59,33.22
sz000531,7.86,7.82,7.88,7.79,19668.0,0.64,7.81,1542.0,389.0,7.85,143.0,7.87,10.81,1.07,53.85,53.85
sz000532,15.08,14.96,15.44,14.9,185108.0,-1.63,15.33,28001.0,633.0,15.07,293.0,15.09,31.58,5.28,51.81,51.98
sz000533,2.86,2.83,2.87,2.82,38743.0,0.7,2.84,1106.0,1670.0,2.85,1410.0,2.87,22.3,2.83,19.59,19.76
sz000534,12.76,12.69,12.85,12.53,25009.0,0.16,12.74,3167.0,175.0,12.74,12.0,12.76,83.47,5.91,62.72,63.16
sz000536,2.67,2.66,2.67,2.65,82939.0,0.0,2.67,2204.0,6997.0,2.65,6866.0,2.67,7.07,1.34,73.77,73.85
sz000537,5.25,5.3,5.31,5.22,29357.0,-0.19,5.26,1544.0,428.0,5.24,31.0,5.26,4.66,0.62,90.9,97.78
sz000538,108.97,108.51,109.5,107.5,80787.0,-0.76,109.8,87557.0,33.0,108.96,106.0,108.98,27.86,4.08,656.18,1391.99
sz000539,3.64,3.68,3.69,3.64,27186.0,-1.09,3.68,992.0,2104.0,3.63,403.0,3.65,11.31,0.71,92.96,191.11
sz000540,2.71,2.69,2.71,2.68,153939.0,0.37,2.7,4144.0,781.0,2.69,9559.0,2.71,32.65,1.03,188.91,189.84
sz000541,5.97,5.87,6.01,5.85,41349.0,1.36,5.89,2468.0,266.0,5.96,250.0,5.98,25.48,1.48,64.06,83.54
sz000543,3.74,3.75,3.76,3.73,109575.0,-0.27,3.75,4101.0,8422.0,3.73,14465.0,3.75,8.55,0.6,66.96,84.78
sz000544,6.09,6.08,6.12,6.08,15117.0,-0.33,6.11,922.0,71.0,6.08,446.0,6.1,11.36,0.96,59.36,59.36
sz000545,3.86,3.73,3.91,3.7,498055.0,2.39,3.77,19027.0,4396.0,3.84,167.0,3.86,-17.53,2.07,37.03,38.09
sz000546,6.59,6.6,6.71,6.59,27239.0,-0.15,6.6,1805.0,352.0,6.58,14.0,6.61,9.84,1.03,45.37,47.1
sz000547,17.44,17.29,17.7,17.14,178575.0,0.81,17.3,31152.0,749.0,17.42,35.0,17.44,32.1,3.25,214.79,279.99
sz000548,3.75,3.74,3.78,3.73,17069.0,0.27,3.74,641.0,436.0,3.73,2410.0,3.75,15.74,1.04,18.72,18.72
sz000550,23.69,23.25,23.87,22.95,74645.0,1.63,23.31,17609.0,453.0,23.68,786.0,23.7,26.95,1.82,122.82,204.5
sz000551,8.64,8.21,8.68,8.21,72075.0,4.85,8.24,6166.0,126.0,8.63,1089.0,8.65,25.41,1.79,34.57,34.57
sz000552,2.89,2.89,2.9,2.86,145698.0,-0.69,2.91,4194.0,1556.0,2.88,7639.0,2.9,14.43,0.85,66.0,66.09
sz000553,9.47,9.33,9.7,9.26,89870.0,2.6,9.23,8516.0,12.0,9.45,172.0,9.47,42.57,1.02,206.17,220.63
sz000554,4.6,4.55,4.61,4.53,31028.0,0.0,4.6,1419.0,2284.0,4.59,797.0,4.61,131.76,2.41,16.68,22.12
sz000555,14.01,14.08,14.12,13.94,67036.0,-0.99,14.15,9386.0,1426.0,13.99,184.0,14.01,28.19,2.48,135.36,136.81
sz000557,3.51,3.51,3.55,3.49,44899.0,0.29,3.5,1583.0,2042.0,3.5,1026.0,3.52,27.81,0.98,51.17,51.19
sz000558,2.7,2.71,2.72,2.65,101885.0,-0.74,2.72,2734.0,745.0,2.69,3020.0,2.71,-50.09,2.89,34.79,34.81
sz000559,5.39,5.3,5.45,5.26,244506.0,1.89,5.29,13141.0,20.0,5.38,5966.0,5.4,35.01,2.06,148.39,178.07
sz000560,4.33,4.43,4.47,4.15,468028.0,-3.78,4.5,20124.0,1496.0,4.32,1233.0,4.34,15.76,0.98,97.77,101.99
sz000561,6.44,6.41,6.44,6.36,23547.0,0.0,6.44,1509.0,561.0,6.42,1008.0,6.44,28.58,2.5,38.59,38.94
sz000563,3.17,3.16,3.19,3.16,77227.0,-0.31,3.18,2454.0,12832.0,3.16,1158.0,3.18,19.39,1.06,125.66,125.66
sz000564,2.59,2.63,2.63,2.56,167223.0,-1.89,2.64,4338.0,716.0,2.58,2858.0,2.6,-3.45,0.62,51.95,154.93
sz000565,5.38,5.39,5.42,5.33,24216.0,0.0,5.38,1302.0,479.0,5.36,463.0,5.38,29.97,1.92,23.33,23.33
sz000566,5.74,5.76,5.78,5.68,193971.0,-1.03,5.8,11060.0,251.0,5.72,1178.0,5.74,-11.82,2.1,66.89,74.47
sz000567,11.05,10.88,11.06,10.7,56305.0,1.56,10.88,6143.0,63.0,11.03,907.0,11.05,49.7,1.61,70.7,70.85
sz000568,227.65,226.7,230.68,224.11,105322.0,0.95,225.51,240368.0,3.0,227.63,106.0,227.65,51.58,13.22,3333.49,3334.51
sz000570,5.53,5.49,5.57,5.47,52242.0,0.55,5.5,2887.0,574.0,5.52,370.0,5.55,51.62,1.28,22.75,39.02
sz000571,2.0,2.01,2.03,1.99,42490.0,-0.5,2.01,852.0,1917.0,1.99,354.0,2.01,-4.92,3.55,16.13,16.28
sz000572,5.39,5.09,5.58,5.07,820425.0,3.85,5.19,43601.0,652.0,5.38,7347.0,5.4,-6.83,2.52,88.51,88.65
sz000573,3.16,3.2,3.27,3.14,96278.0,0.64,3.14,3067.0,713.0,3.15,2260.0,3.17,-43.76,1.26,19.99,20.17
sz000576,11.18,10.99,11.24,10.9,87037.0,1.64,11.0,9678.0,20.0,11.16,472.0,11.18,6.94,2.97,47.41,49.51
sz000581,20.81,20.47,20.82,20.45,88078.0,1.66,20.47,18209.0,315.0,20.8,417.0,20.82,6.81,1.19,170.01,209.96
sz000582,8.18,8.13,8.21,8.13,19126.0,0.25,8.16,1564.0,83.0,8.17,589.0,8.19,12.62,1.3,103.63,133.61
sz000584,6.67,6.65,6.7,6.58,41777.0,0.3,6.65,2778.0,552.0,6.66,435.0,6.68,1564.95,2.13,49.04,50.75
sz000585,1.7,1.69,1.71,1.67,36898.0,0.0,1.7,625.0,2865.0,1.69,1818.0,1.71,22.91,-7.81,10.36,14.85
sz000586,7.69,7.53,7.76,7.53,45746.0,0.79,7.63,3518.0,509.0,7.68,584.0,7.7,49.4,5.46,14.88,14.88
sz000587,1.74,1.78,1.78,1.72,71839.0,-2.25,1.78,1258.0,1356.0,1.73,90.0,1.75,13.72,15.01,21.11,36.95
sz000589,6.05,5.94,6.15,5.89,193966.0,1.51,5.96,11707.0,1405.0,6.03,850.0,6.05,4.8,1.0,46.92,57.86
sz000590,8.89,8.98,9.11,8.79,39261.0,-2.31,9.1,3493.0,1.0,8.88,275.0,8.9,62.06,3.2,21.28,21.29
sz000591,6.17,6.16,6.2,6.08,531006.0,-0.16,6.18,32582.0,3082.0,6.15,5015.0,6.17,16.11,1.3,125.69,185.54
sz000592,3.19,3.05,3.32,2.99,924761.0,3.91,3.07,29080.0,7186.0,3.17,2281.0,3.19,-31.45,2.05,61.05,61.62
sz000593,4.89,4.89,4.93,4.81,39621.0,-0.2,4.9,1933.0,23.0,4.88,1076.0,4.9,34.63,1.75,17.53,17.54
sz000595,3.19,3.2,3.25,3.17,60508.0,-0.93,3.22,1943.0,1514.0,3.17,1608.0,3.19,244.14,3.98,36.28,36.32
sz000596,239.08,235.7,242.58,233.0,18629.0,1.43,235.7,44506.0,1.0,239.02,3.0,239.08,59.24,11.92,917.11,1204.01
sz000597,5.0,4.99,5.06,4.99,50784.0,-0.2,5.01,2547.0,500.0,4.99,23.0,5.01,95.45,1.64,66.21,67.39
sz000598,5.11,5.13,5.14,5.1,62575.0,0.0,5.11,3200.0,758.0,5.1,155.0,5.12,11.44,1.24,152.6,152.6
sz000599,4.31,4.33,4.35,4.27,57409.0,-0.46,4.33,2470.0,249.0,4.3,57.0,4.32,46.34,1.05,35.2,35.2
sz000600,4.87,4.89,4.9,4.85,58030.0,-0.81,4.91,2827.0,498.0,4.86,350.0,4.88,10.78,0.72,53.09,87.25
sz000601,5.2,5.18,5.23,5.16,36752.0,-0.19,5.21,1910.0,1029.0,5.19,6.0,5.21,33.38,1.19,56.15,56.19
sz000603,13.29,13.31,13.45,13.1,135387.0,2.31,12.99,17957.0,59.0,13.28,1457.0,13.3,26.86,4.1,78.25,91.7
sz000605,5.27,5.33,5.33,5.27,17618.0,-0.94,5.32,931.0,966.0,5.26,145.0,5.28,77.99,0.92,17.69,18.59
sz000606,2.47,2.32,2.47,2.24,293188.0,5.11,2.35,7024.0,23787.0,2.46,0.0,0.0,-1.6,4.37,17.47,18.92
sz000607,3.6,3.59,3.61,3.58,17681.0,0.0,3.6,635.0,429.0,3.58,235.0,3.6,-12.41,2.68,31.85,36.64
sz000608,3.52,3.53,3.55,3.52,27055.0,-1.12,3.56,955.0,1400.0,3.51,295.0,3.53,22.3,0.84,26.39,26.4
sz000609,3.14,3.08,3.2,3.07,50218.0,0.96,3.11,1577.0,2149.0,3.13,38.0,3.15,-2.95,0.78,9.17,9.4
sz000610,10.12,10.03,10.25,9.99,92375.0,0.9,10.03,9371.0,136.0,10.1,1402.0,10.12,67.69,2.74,23.82,23.96
sz000611,4.2,4.01,4.2,3.94,97005.0,5.0,4.0,3955.0,16884.0,4.19,0.0,0.0,-39.05,3.68,13.41,14.19
sz000612,7.35,7.07,7.48,7.04,415305.0,2.51,7.17,30345.0,5086.0,7.34,4031.0,7.36,12.67,1.76,87.52,87.63
sz000613,3.73,3.68,3.74,3.63,53265.0,0.81,3.7,1969.0,718.0,3.71,1759.0,3.73,-168.23,19.99,9.95,13.58
sz000615,18.68,18.56,18.94,17.85,484220.0,-2.56,19.17,89084.0,1438.0,18.67,1172.0,18.69,-702.89,8.38,144.15,145.92
sz000616,1.92,1.91,1.93,1.9,86257.0,0.0,1.92,1652.0,7383.0,1.9,6156.0,1.92,9.34,0.58,27.46,27.46
sz000617,5.77,5.8,5.81,5.75,87767.0,-0.69,5.81,5063.0,881.0,5.75,1507.0,5.77,9.5,0.83,729.45,729.45
sz000619,5.16,5.16,5.19,5.13,14285.0,0.0,5.16,737.0,475.0,5.15,12.0,5.17,46.24,0.76,18.58,18.58
sz000620,2.57,2.59,2.6,2.51,153572.0,-0.77,2.59,3915.0,892.0,2.56,5141.0,2.58,-3.65,0.8,48.74,48.74
sz000622,3.49,3.45,3.53,3.44,40428.0,0.87,3.46,1413.0,516.0,3.48,1266.0,3.5,477.58,7.25,14.84,14.84
sz000623,15.3,15.25,15.31,15.22,60142.0,0.13,15.28,9183.0,415.0,15.29,695.0,15.31,10.04,0.77,177.5,177.95
sz000625,20.4,19.49,20.86,19.02,2665601.0,2.05,19.99,536409.0,13865.0,20.39,1825.0,20.41,43.8,2.83,1193.31,1553.55
sz000626,18.21,18.25,18.41,17.95,25966.0,-0.16,18.24,4714.0,2005.0,18.19,102.0,18.21,84.56,3.42,84.48,92.68
sz000627,3.61,3.62,3.64,3.58,72672.0,-0.55,3.63,2614.0,176.0,3.59,2248.0,3.61,42.42,0.83,161.1,178.36
sz000628,8.34,8.29,8.37,8.28,8226.0,0.12,8.33,684.0,28.0,8.32,183.0,8.35,11.72,1.95,16.02,29.38
sz000629,2.33,2.28,2.33,2.26,893463.0,1.75,2.29,20603.0,11530.0,2.31,42135.0,2.33,64.44,2.08,200.13,200.14
sz000630,2.91,2.85,2.92,2.83,1957450.0,1.39,2.87,56361.0,16472.0,2.89,28067.0,2.91,25.72,1.61,306.32,306.32
sz000631,3.1,3.17,3.18,3.09,59622.0,-2.52,3.18,1865.0,188.0,3.09,550.0,3.11,40.51,1.23,75.41,75.41
sz000632,3.57,3.59,3.62,3.57,21184.0,-0.83,3.6,761.0,992.0,3.56,158.0,3.59,34.5,1.18,16.62,16.62
sz000633,7.56,7.28,7.87,7.28,136834.0,2.02,7.41,10441.0,311.0,7.54,230.0,7.56,222.45,17.5,29.11,29.11
sz000635,11.54,11.52,11.63,11.15,102674.0,0.61,11.47,11664.0,26.0,11.52,870.0,11.54,22.89,1.29,34.98,34.98
sz000636,31.2,30.01,31.2,29.62,370669.0,2.46,30.45,113723.0,577.0,31.18,969.0,31.2,66.46,4.58,279.31,279.31
sz000637,3.9,3.89,3.94,3.89,34892.0,-0.51,3.92,1364.0,230.0,3.89,540.0,3.91,34.94,2.2,14.29,20.28
sz000638,5.32,5.24,5.46,5.24,79805.0,0.19,5.31,4265.0,618.0,5.31,167.0,5.33,319.34,13.11,16.46,16.46
sz000639,5.56,5.7,5.73,5.55,148883.0,-3.14,5.74,8394.0,1061.0,5.55,213.0,5.57,18.67,1.6,60.02,60.02
sz000650,9.3,9.72,9.83,8.99,1813376.0,-6.91,9.99,167691.0,998.0,9.28,2365.0,9.3,21.15,2.63,124.81,130.19
sz000651,50.19,49.83,51.08,49.83,364271.0,0.16,50.11,183796.0,2412.0,50.18,29.0,50.2,12.55,2.67,2995.56,3019.3
sz000652,4.16,4.17,4.19,4.15,88760.0,-0.24,4.17,3702.0,5263.0,4.15,1980.0,4.17,30.1,1.23,61.33,61.38
sz000655,10.68,10.47,10.87,10.47,246317.0,-1.39,10.83,26285.0,482.0,10.67,1033.0,10.69,21.45,2.23,63.58,63.58
sz000656,5.93,6.03,6.04,5.85,298927.0,-0.5,5.96,17647.0,4326.0,5.92,493.0,5.94,4.46,0.92,312.95,316.65
sz000657,11.91,11.43,12.17,11.11,845677.0,3.12,11.55,99335.0,169.0,11.89,22392.0,11.91,49.85,2.87,112.87,125.57
sz000659,3.54,3.34,3.58,3.32,255524.0,5.67,3.35,8932.0,948.0,3.52,581.0,3.54,-30.15,8.25,45.51,45.51
sz000661,364.54,357.01,367.64,355.0,41966.0,1.1,360.56,152956.0,56.0,364.53,44.0,364.55,43.67,12.85,1384.97,1475.37
sz000662,0.25,0.0,0.0,0.0,0.0,0.0,0.25,0.0,0.0,0.0,0.0,0.0,-0.05,0.42,2.73,2.73
sz000663,11.48,11.48,11.48,11.22,176887.0,5.03,10.93,20243.0,51.0,11.47,0.0,0.0,57.24,6.32,32.17,38.65
sz000665,3.93,3.92,3.94,3.91,39345.0,-0.25,3.94,1545.0,277.0,3.92,2860.0,3.94,-5.61,0.66,38.59,38.59
sz000666,7.93,7.98,8.0,7.88,30653.0,-0.88,8.0,2433.0,23.0,7.91,44.0,7.94,11.47,0.6,23.28,55.84
sz000667,1.7,1.7,1.7,1.68,332374.0,0.0,1.7,5625.0,4765.0,1.69,20688.0,1.71,78.3,0.59,41.6,41.94
sz000668,17.18,17.28,17.64,17.03,11834.0,0.0,17.18,2048.0,10.0,17.13,59.0,17.18,-131.79,2.7,25.2,25.23
sz000669,2.23,2.22,2.26,2.2,93067.0,-1.76,2.27,2073.0,3051.0,2.22,1262.0,2.24,16.48,1.18,15.17,15.17
sz000670,2.25,0.0,0.0,0.0,0.0,0.0,2.25,0.0,0.0,0.0,0.0,0.0,70.44,69.88,13.54,18.37
sz000671,4.91,4.98,5.03,4.87,127700.0,-1.8,5.0,6308.0,780.0,4.9,1283.0,4.92,3.86,0.79,199.18,203.29
sz000672,17.69,17.55,17.71,17.38,65025.0,0.63,17.58,11428.0,436.0,17.67,562.0,17.69,7.04,2.23,143.93,143.93
sz000673,1.95,1.9,1.98,1.85,178077.0,1.56,1.92,3422.0,663.0,1.93,4346.0,1.95,91.31,-9.29,15.4,15.4
sz000676,5.98,6.02,6.07,5.94,159396.0,-1.16,6.05,9543.0,2335.0,5.97,678.0,5.99,-2.81,2.09,69.33,76.34
sz000677,2.8,2.77,2.82,2.75,57576.0,1.08,2.77,1611.0,2441.0,2.78,1629.0,2.8,143.12,8.11,24.19,24.19
sz000678,5.15,5.2,5.21,5.08,23206.0,-1.53,5.23,1196.0,286.0,5.14,83.0,5.16,-43.5,2.17,23.67,23.67
sz000679,4.22,4.17,4.26,4.14,11735.0,1.2,4.17,494.0,188.0,4.2,279.0,4.22,18.13,2.41,15.04,15.04
sz000680,3.91,3.95,3.95,3.9,80694.0,-0.51,3.93,3162.0,2305.0,3.9,1050.0,3.92,34.74,1.37,41.33,58.76
sz000681,12.82,12.8,12.9,12.76,38736.0,-0.39,12.87,4965.0,223.0,12.81,99.0,12.83,58.38,2.81,76.12,89.81
sz000682,4.77,4.75,4.8,4.74,41868.0,-0.21,4.78,1994.0,182.0,4.75,1027.0,4.77,22.27,1.81,55.52,63.95
sz000683,5.26,5.09,5.32,5.06,1259659.0,0.57,5.23,65768.0,2307.0,5.24,2287.0,5.26,42.83,1.87,175.06,193.22
sz000685,8.09,8.08,8.1,8.05,38674.0,0.0,8.09,3122.0,676.0,8.07,2030.0,8.09,8.1,0.83,101.39,119.34
sz000686,8.17,8.14,8.22,8.14,76410.0,-0.12,8.18,6248.0,171.0,8.16,273.0,8.18,14.29,1.14,191.22,191.22
sz000687,2.3,2.2,2.3,2.11,200713.0,5.02,2.19,4504.0,16103.0,2.29,0.0,0.0,-1.63,-1.14,17.32,17.62
sz000688,8.82,8.72,8.84,8.66,41509.0,0.8,8.75,3649.0,215.0,8.8,64.0,8.82,58.84,4.32,100.31,100.31
sz000690,5.01,5.02,5.06,5.01,134565.0,-0.6,5.04,6768.0,3149.0,5.0,277.0,5.02,6.1,1.05,104.41,109.01
sz000691,5.25,5.24,5.26,5.19,29295.0,-0.19,5.26,1531.0,46.0,5.23,83.0,5.25,80.25,16.48,15.25,16.97
sz000692,3.45,3.51,3.53,3.43,27827.0,-0.29,3.46,964.0,2.0,3.44,679.0,3.46,-2.42,4.34,18.38,18.38
sz000695,6.51,6.28,6.58,6.28,48867.0,1.09,6.44,3148.0,1345.0,6.5,231.0,6.52,-96.19,4.08,14.43,14.46
sz000697,8.06,8.05,8.18,7.97,60931.0,0.12,8.05,4928.0,1009.0,8.05,29.0,8.07,-10.84,5.67,46.5,54.13
sz000698,6.12,6.24,6.25,6.04,601240.0,-8.79,6.71,36769.0,846.0,6.11,1007.0,6.13,6.12,1.16,48.08,50.15
sz000700,5.62,5.55,5.62,5.5,133624.0,1.26,5.55,7460.0,1081.0,5.6,3558.0,5.62,19.8,1.85,45.36,51.54
sz000701,5.51,5.52,5.57,5.45,31020.0,-0.54,5.54,1709.0,210.0,5.5,42.0,5.52,208.54,4.89,22.4,29.7
sz000702,4.89,4.91,4.92,4.87,17475.0,-0.2,4.9,855.0,208.0,4.88,909.0,4.9,42.33,2.29,13.04,13.04
sz000703,12.66,12.56,12.97,12.32,409294.0,-1.09,12.8,51217.0,243.0,12.65,1390.0,12.67,13.44,1.97,427.71,466.1
sz000705,7.23,7.28,7.31,7.21,21998.0,-0.69,7.28,1595.0,84.0,7.22,117.0,7.24,26.0,1.36,20.39,24.16
sz000707,4.36,4.2,4.36,4.16,151154.0,5.06,4.15,6525.0,12052.0,4.35,0.0,0.0,-5.16,-6.18,20.24,20.24
sz000708,21.72,20.88,21.85,20.54,84340.0,4.98,20.69,18042.0,71.0,21.7,20.0,21.72,16.46,4.09,273.49,1096.24
sz000709,2.46,2.43,2.48,2.42,533149.0,0.82,2.44,13087.0,23378.0,2.45,10458.0,2.47,13.39,0.52,261.18,261.22
sz000710,28.38,28.47,29.04,28.21,22854.0,-1.36,28.77,6518.0,44.0,28.37,19.0,28.39,59.37,4.18,84.31,100.64
sz000711,2.72,2.65,2.75,2.64,128525.0,1.87,2.67,3475.0,426.0,2.7,48.0,2.72,-1.16,1.27,22.35,27.84
sz000712,16.99,16.56,17.15,16.56,200044.0,0.89,16.84,33889.0,336.0,16.97,793.0,16.99,523.34,4.46,129.63,152.23
sz000713,9.22,9.2,9.38,9.11,318873.0,-1.28,9.34,29286.0,392.0,9.21,1230.0,9.23,131.13,3.28,51.53,56.61
sz000715,4.65,4.69,4.72,4.6,21810.0,-0.64,4.68,1013.0,5.0,4.63,817.0,4.65,13.49,1.23,19.3,19.33
sz000716,3.24,3.25,3.27,3.23,46669.0,-0.61,3.26,1513.0,811.0,3.23,1890.0,3.25,51.62,0.88,21.68,24.11
sz000717,4.48,4.43,4.5,4.4,301525.0,1.36,4.42,13429.0,4712.0,4.46,529.0,4.48,5.69,1.15,108.39,108.39
sz000718,8.13,7.94,8.48,7.89,1098227.0,1.5,8.01,90167.0,1551.0,8.12,2572.0,8.14,23.53,2.84,186.11,246.72
sz000719,6.52,6.53,6.55,6.52,12965.0,-0.31,6.54,847.0,156.0,6.51,414.0,6.53,7.11,0.77,43.5,66.71
sz000720,4.04,4.02,4.05,3.98,48562.0,0.75,4.01,1952.0,156.0,4.03,319.0,4.05,18.64,1.88,52.1,52.1
sz000721,4.28,4.24,4.3,4.21,62511.0,0.71,4.25,2672.0,2428.0,4.26,1374.0,4.28,148.56,3.64,18.66,21.36
sz000722,6.93,7.03,7.04,6.91,44865.0,-1.28,7.02,3113.0,29.0,6.92,517.0,6.94,37.09,1.07,32.17,32.17
sz000723,7.5,7.51,7.56,7.38,841463.0,-1.06,7.58,62772.0,3315.0,7.49,1107.0,7.51,22.9,3.01,283.06,320.57
sz000725,6.17,6.13,6.18,6.06,5236191.0,0.16,6.16,320951.0,32634.0,6.15,39618.0,6.17,22.25,2.27,2069.23,2147.06
sz000726,6.1,6.08,6.11,6.04,32143.0,0.33,6.08,1953.0,202.0,6.08,137.0,6.1,78.79,0.7,34.24,53.83
sz000727,2.53,2.54,2.58,2.51,244153.0,-1.17,2.56,6180.0,4410.0,2.51,2059.0,2.53,8.56,6.64,86.51,114.6
sz000728,7.68,7.65,7.71,7.64,107862.0,0.13,7.67,8276.0,395.0,7.67,1783.0,7.69,23.58,1.09,329.57,335.14
sz000729,7.07,7.06,7.12,7.03,98891.0,0.43,7.04,6992.0,967.0,7.05,331.0,7.07,59.62,1.52,177.43,199.27
sz000731,5.5,5.43,5.51,5.41,78504.0,0.55,5.47,4291.0,788.0,5.48,726.0,5.5,21.92,1.11,32.53,32.53
sz000732,2.35,2.43,2.49,2.31,781091.0,-1.26,2.38,18692.0,825.0,2.33,1987.0,2.35,-1.22,0.41,58.42,58.49
sz000733,62.39,56.61,62.87,56.51,179332.0,9.17,57.15,108689.0,111.0,62.37,292.0,62.4,43.31,5.16,321.19,321.19
sz000735,7.92,7.91,7.98,7.87,84409.0,-0.5,7.96,6668.0,1059.0,7.9,1144.0,7.92,73.22,2.16,91.15,91.2
sz000736,6.19,6.23,6.23,6.14,9732.0,-0.64,6.23,602.0,34.0,6.18,340.0,6.2,18.97,1.47,43.05,43.05
sz000737,9.08,9.14,9.15,8.93,74829.0,-0.87,9.16,6754.0,1065.0,9.07,410.0,9.09,483.14,9.83,49.83,49.83
sz000738,19.22,18.8,19.44,18.7,123651.0,1.75,18.89,23716.0,19.0,19.21,169.0,19.23,53.76,3.59,220.19,220.19
sz000739,27.51,27.12,27.96,26.81,93643.0,1.44,27.12,25795.0,80.0,27.5,20.0,27.53,36.88,7.5,324.18,324.21
sz000750,4.09,4.08,4.11,4.08,271843.0,-0.24,4.1,11127.0,1695.0,4.08,15012.0,4.1,37.18,1.24,222.68,222.68
sz000751,3.31,3.29,3.33,3.26,161283.0,0.3,3.3,5314.0,285.0,3.3,7850.0,3.32,18.42,1.61,46.67,46.67
sz000752,7.74,7.59,7.74,7.1,199291.0,5.02,7.37,15050.0,4833.0,7.73,0.0,0.0,66.39,47.11,20.41,20.41
sz000753,2.64,2.64,2.64,2.61,29357.0,0.0,2.64,771.0,1600.0,2.62,626.0,2.64,19.49,1.06,26.18,26.18
sz000755,3.32,3.34,3.35,3.3,35059.0,-0.9,3.35,1163.0,812.0,3.3,1153.0,3.32,13.96,1.29,15.58,15.58
sz000756,8.43,8.52,8.55,8.39,24650.0,-1.06,8.52,2081.0,547.0,8.41,34.0,8.43,15.61,1.57,36.38,52.89
sz000757,3.85,3.84,3.86,3.82,29156.0,0.26,3.84,1120.0,335.0,3.83,439.0,3.85,31.83,1.51,19.68,25.59
sz000758,4.96,4.82,5.01,4.79,618837.0,2.27,4.85,30509.0,6816.0,4.94,3548.0,4.96,239.68,2.08,97.68,97.68
sz000759,5.2,5.19,5.21,5.17,8526.0,0.19,5.19,442.0,612.0,5.19,669.0,5.21,16.4,1.14,35.39,35.41
sz000760,0.25,0.25,0.26,0.24,478368.0,-3.85,0.26,1194.0,93019.0,0.23,1862.0,0.25,-1.21,-7.16,1.64,1.93
sz000761,4.33,4.22,4.33,4.19,256210.0,2.36,4.23,10931.0,3042.0,4.31,1516.0,4.33,18.84,0.82,150.9,168.22
sz000762,31.1,29.0,31.98,28.8,1034994.0,1.9,30.52,318628.0,823.0,31.09,85.0,31.11,-2436.0,7.95,161.97,161.97
sz000766,4.9,4.89,4.93,4.81,64469.0,-0.41,4.92,3132.0,133.0,4.87,295.0,4.91,-15.23,2.08,34.64,47.36
sz000767,3.22,3.23,3.25,3.18,241797.0,-1.23,3.26,7751.0,4574.0,3.2,209.0,3.22,66.68,1.26,93.77,99.08
sz000768,24.64,23.8,24.91,23.66,298905.0,2.67,24.0,73129.0,433.0,24.63,721.0,24.65,84.37,4.48,682.19,682.19
sz000776,14.41,14.41,14.49,14.37,193840.0,0.28,14.37,27975.0,1034.0,14.4,407.0,14.42,10.45,1.13,852.97,1098.2
sz000777,11.27,11.55,11.57,11.25,56764.0,-2.42,11.55,6450.0,12.0,11.26,217.0,11.28,37.03,2.76,43.21,43.57
sz000778,3.71,3.68,3.72,3.67,139956.0,0.27,3.7,5173.0,5414.0,3.69,1193.0,3.71,7.85,0.66,144.13,148.06
sz000779,9.04,9.1,9.1,8.98,3849.0,-0.22,9.06,347.0,30.0,9.03,92.0,9.05,11.19,1.61,15.82,34.38
sz000780,5.84,5.82,5.9,5.8,27519.0,0.0,5.84,1609.0,2723.0,5.82,889.0,5.84,-7.74,2.0,59.24,59.24
sz000782,3.92,4.0,4.01,3.87,125022.0,-1.51,3.98,4897.0,318.0,3.9,927.0,3.92,20.26,1.42,20.7,20.7
sz000783,7.12,7.11,7.15,7.08,142033.0,0.14,7.11,10118.0,3368.0,7.1,5022.0,7.12,16.68,1.37,393.73,393.73
sz000785,6.15,6.26,6.28,6.12,140539.0,-1.28,6.23,8670.0,2119.0,6.14,86.0,6.16,23.26,2.44,46.76,401.54
sz000786,38.74,37.2,39.06,36.88,177411.0,3.72,37.35,68151.0,84.0,38.72,398.0,38.74,19.55,4.04,654.52,654.52
sz000788,6.65,6.61,6.68,6.58,45167.0,-0.45,6.68,2993.0,324.0,6.64,940.0,6.66,76.33,3.0,39.63,39.63
sz000789,11.78,11.7,11.9,11.7,64784.0,-0.08,11.79,7623.0,562.0,11.77,1446.0,11.79,6.05,1.56,93.93,93.93
sz000790,5.71,5.69,5.77,5.63,210390.0,-0.7,5.75,12001.0,4261.0,5.69,409.0,5.71,82.21,3.84,35.19,35.19
sz000791,4.19,4.23,4.23,4.17,77744.0,-1.18,4.24,3257.0,1200.0,4.18,146.0,4.2,12.24,0.87,56.97,56.97
sz000792,8.84,0.0,0.0,0.0,0.0,0.0,8.84,0.0,0.0,0.0,0.0,0.0,23.37,9.76,479.92,480.27
sz000793,2.63,2.63,2.66,2.6,307316.0,-0.75,2.65,8061.0,8849.0,2.62,5753.0,2.64,-2.52,1.9,51.57,52.53
sz000795,5.31,5.17,5.38,5.1,412664.0,2.71,5.17,21783.0,386.0,5.3,6097.0,5.32,52.66,2.53,60.08,60.2
sz000796,8.46,8.47,8.57,8.37,51424.0,-0.24,8.48,4368.0,723.0,8.45,919.0,8.47,-9.33,8.01,67.9,67.93
sz000797,3.05,3.04,3.06,3.02,46806.0,0.66,3.03,1424.0,1041.0,3.04,3452.0,3.06,17.47,0.89,47.77,47.92
sz000798,7.72,7.7,7.82,7.7,33782.0,-0.77,7.78,2612.0,421.0,7.71,408.0,7.73,-15.38,4.18,24.66,24.66
sz000799,262.16,250.98,265.5,247.0,93515.0,4.4,251.1,243326.0,24.0,262.15,3.0,262.18,128.4,27.26,851.83,851.83
sz000800,10.74,10.65,10.79,10.64,86962.0,0.37,10.7,9309.0,539.0,10.72,107.0,10.74,11.68,1.89,82.11,499.48
sz000801,6.57,6.64,6.69,6.55,89604.0,-1.35,6.66,5912.0,56.0,6.56,106.0,6.58,70.53,2.6,67.2,67.2
sz000802,4.93,4.89,5.04,4.86,35329.0,0.0,4.93,1743.0,1033.0,4.92,472.0,4.94,-4.55,2.09,35.06,35.29
sz000803,17.68,16.11,17.68,15.7,95285.0,10.02,16.07,15979.0,18968.0,17.67,0.0,0.0,48.34,5.48,22.58,33.78
sz000806,3.37,3.37,3.46,3.33,89900.0,0.6,3.35,3045.0,2767.0,3.35,1463.0,3.37,57.08,57.31,23.57,37.07
sz000807,12.05,11.64,12.2,11.48,455230.0,0.5,11.99,54348.0,572.0,12.03,201.0,12.05,26.86,3.01,339.09,376.95
sz000809,1.95,1.96,1.97,1.94,27838.0,0.0,1.95,544.0,2589.0,1.93,1116.0,1.95,-26.62,0.53,16.08,16.08
sz000810,8.41,8.38,8.49,8.33,51564.0,0.0,8.41,4331.0,298.0,8.39,977.0,8.41,19.3,2.17,86.19,89.42
sz000811,11.96,11.19,12.11,11.07,427740.0,6.22,11.26,50156.0,283.0,11.94,578.0,11.96,30.89,2.0,89.2,89.2
sz000812,3.49,3.39,3.53,3.38,216695.0,2.35,3.41,7507.0,2991.0,3.47,2085.0,3.49,114.76,1.66,26.8,26.83
sz000813,4.25,4.22,4.26,4.19,120843.0,0.0,4.25,5101.0,2467.0,4.24,2935.0,4.26,37.04,1.73,94.34,95.26
sz000815,5.07,5.06,5.08,5.03,30884.0,0.0,5.07,1561.0,1203.0,5.05,462.0,5.07,71.19,1.64,35.25,35.25
sz000816,2.9,2.79,2.99,2.78,666785.0,3.94,2.79,19357.0,6092.0,2.88,5492.0,2.9,64.99,1.96,38.75,41.31
sz000818,29.43,27.68,29.55,27.46,218779.0,6.32,27.68,62942.0,455.0,29.42,405.0,29.44,57.28,6.69,199.3,200.89
sz000819,6.42,6.37,6.44,6.33,28157.0,0.16,6.41,1799.0,67.0,6.41,518.0,6.43,39.89,2.29,19.21,19.21
sz000820,3.6,3.55,3.6,3.51,84328.0,4.96,3.43,3015.0,29846.0,3.59,0.0,0.0,-6.79,-0.95,10.36,22.94
sz000821,8.86,8.61,9.06,8.56,167397.0,2.43,8.65,14780.0,537.0,8.84,182.0,8.86,51.51,1.89,42.21,55.19
sz000822,7.94,7.77,8.06,7.58,639552.0,-1.98,8.1,49945.0,195.0,7.92,1855.0,7.94,-42.69,2.29,71.07,71.07
sz000823,11.05,10.99,11.07,10.88,79837.0,0.09,11.04,8773.0,102.0,11.03,906.0,11.05,17.07,1.58,59.33,59.34
sz000825,6.93,6.81,6.95,6.81,917699.0,0.29,6.91,63162.0,1873.0,6.92,8586.0,6.94,11.44,1.16,392.31,394.75
sz000826,5.43,5.43,5.45,5.39,34733.0,-0.18,5.44,1882.0,272.0,5.42,2538.0,5.44,-4.43,0.65,77.45,77.68
sz000828,11.26,11.18,11.35,11.11,87300.0,0.18,11.24,9790.0,109.0,11.25,288.0,11.27,11.24,1.51,117.05,117.05
sz000829,8.51,8.33,8.75,8.25,464629.0,2.04,8.34,39564.0,2236.0,8.49,766.0,8.51,68.83,3.6,87.12,87.24
sz000830,19.07,18.95,19.1,18.61,422073.0,-0.26,19.12,80024.0,2030.0,19.06,296.0,19.08,20.1,2.54,279.19,363.15
sz000831,24.75,22.59,25.6,22.18,1453620.0,5.77,23.4,348001.0,5239.0,24.74,3010.0,24.76,65.87,9.47,242.77,242.77
sz000833,4.48,4.5,4.52,4.45,24058.0,-0.44,4.5,1078.0,357.0,4.47,485.0,4.49,31.65,1.04,16.94,29.94
sz000835,2.76,2.79,2.98,2.75,191350.0,-2.82,2.84,5557.0,1722.0,2.74,2661.0,2.76,-3.98,-1.47,8.36,9.02
sz000836,2.34,2.36,2.38,2.34,64817.0,-1.27,2.37,1527.0,4545.0,2.33,55.0,2.35,-99.8,2.35,28.27,28.28
sz000837,7.2,7.21,7.37,7.16,40012.0,-0.41,7.23,2899.0,172.0,7.19,137.0,7.21,20.17,2.24,49.9,49.92
sz000838,2.73,2.78,2.79,2.71,64445.0,-1.8,2.78,1763.0,5579.0,2.71,1317.0,2.73,26.32,1.57,23.1,30.04
sz000839,2.08,2.09,2.1,2.07,154913.0,-0.48,2.09,3225.0,11884.0,2.07,9555.0,2.09,-3.04,1.4,81.53,81.53
sz000848,10.92,11.33,11.39,10.61,473893.0,-3.53,11.32,51727.0,542.0,10.91,193.0,10.93,25.47,5.84,117.54,117.54
sz000850,3.66,3.67,3.68,3.65,42073.0,-0.27,3.67,1541.0,5773.0,3.64,359.0,3.66,9.42,0.81,34.53,34.54
sz000851,6.52,6.55,6.59,6.45,156086.0,-1.21,6.6,10150.0,666.0,6.51,677.0,6.53,-123.11,1.71,57.28,75.61
sz000852,4.72,4.76,4.78,4.67,84078.0,-2.07,4.82,3962.0,714.0,4.71,623.0,4.73,159.28,2.02,36.7,36.7
sz000856,6.57,6.61,6.67,6.57,14919.0,-0.61,6.61,986.0,90.0,6.56,372.0,6.58,270.89,4.35,14.91,14.91
sz000858,284.59,280.0,285.0,278.88,174544.0,2.65,277.25,493654.0,12.0,284.53,4.0,284.59,51.2,11.62,11046.17,11046.67
sz000859,6.05,6.02,6.1,5.93,187033.0,-0.98,6.11,11252.0,71.0,6.04,1054.0,6.06,27.85,2.17,44.73,54.21
sz000860,40.04,39.94,40.48,39.68,88057.0,0.15,39.98,35276.0,92.0,40.02,112.0,40.04,67.47,3.69,297.0,297.0
sz000861,2.05,2.06,2.07,2.04,129262.0,-0.49,2.06,2654.0,11824.0,2.04,7703.0,2.06,226.08,1.25,44.44,47.67
sz000862,5.59,5.53,5.61,5.4,233647.0,0.72,5.55,12868.0,2449.0,5.57,987.0,5.59,37.85,1.45,28.03,39.47
sz000863,3.23,3.28,3.28,3.22,34652.0,0.0,3.23,1125.0,893.0,3.22,1172.0,3.25,11.95,0.88,38.29,39.57
sz000868,4.37,4.19,4.4,4.16,478633.0,5.05,4.16,20569.0,1378.0,4.36,5399.0,4.38,25.78,6.3,30.4,32.05
sz000869,36.0,36.65,36.83,35.93,37247.0,-1.23,36.45,13531.0,106.0,35.98,8.0,36.0,47.17,2.34,163.25,246.77
sz000875,5.36,5.54,5.61,5.34,628077.0,-1.29,5.43,33924.0,2134.0,5.35,300.0,5.37,23.36,1.43,115.04,149.56
sz000876,13.84,14.0,14.11,13.78,381627.0,-1.42,14.04,52840.0,759.0,13.82,2525.0,13.84,18.05,1.68,598.58,623.52
sz000877,13.93,13.98,14.12,13.8,150594.0,-1.49,14.14,20931.0,186.0,13.91,350.0,13.93,8.94,1.43,122.6,146.09
sz000878,13.0,12.84,13.02,12.75,174459.0,0.0,13.0,22523.0,107.0,12.99,1576.0,13.01,55.1,2.7,213.44,220.96
sz000880,7.53,7.57,7.61,7.5,7250.0,-0.4,7.56,547.0,473.0,7.51,14.0,7.53,21.73,1.57,12.21,24.95
sz000881,10.19,10.16,10.22,10.02,37130.0,0.49,10.14,3757.0,524.0,10.18,331.0,10.2,27.01,1.62,74.24,96.34
sz000882,1.74,1.74,1.75,1.72,112864.0,0.58,1.73,1962.0,8977.0,1.73,21939.0,1.75,34.77,0.65,47.63,47.63
sz000883,4.62,4.7,4.7,4.57,360202.0,-2.12,4.72,16620.0,8646.0,4.6,6517.0,4.62,11.21,1.02,300.53,300.64
sz000885,9.5,9.44,9.6,9.37,28243.0,1.06,9.4,2677.0,883.0,9.48,355.0,9.5,6.71,1.26,61.0,61.0
sz000886,4.48,4.49,4.5,4.45,33543.0,-0.22,4.49,1501.0,1334.0,4.47,2751.0,4.49,38.18,1.56,43.54,44.3
sz000887,12.37,11.71,12.49,11.61,554749.0,8.99,11.35,67832.0,154.0,12.36,2093.0,12.38,26.65,1.74,150.7,151.02
sz000888,6.19,6.25,6.27,6.18,64189.0,-1.12,6.26,3988.0,125.0,6.18,36.0,6.2,55.69,1.35,32.62,32.62
sz000889,3.9,3.94,3.94,3.88,92985.0,-1.02,3.94,3627.0,3954.0,3.88,346.0,3.9,62.64,1.55,33.92,36.52
sz000890,5.68,5.71,5.85,5.66,39798.0,-1.73,5.78,2279.0,603.0,5.66,95.0,5.68,43.63,121.37,21.56,23.83
sz000892,2.78,2.85,2.86,2.76,86860.0,-2.46,2.85,2431.0,1780.0,2.76,1686.0,2.78,-3.49,1.44,14.94,27.27
sz000893,18.75,18.17,18.77,17.92,90800.0,1.3,18.51,16771.0,407.0,18.74,231.0,18.76,194.35,3.8,75.63,141.92
sz000895,30.95,31.2,31.59,30.88,108396.0,-1.43,31.4,33633.0,125.0,30.94,64.0,30.96,17.21,5.53,460.79,1072.31
sz000897,2.07,2.07,2.08,2.06,49233.0,-0.48,2.08,1015.0,5939.0,2.05,4960.0,2.07,20.67,2.32,33.48,33.48
sz000898,4.28,4.2,4.3,4.17,509784.0,2.15,4.19,21629.0,727.0,4.27,1901.0,4.29,12.56,0.74,339.89,402.54
sz000899,4.93,5.02,5.02,4.88,46270.0,-1.79,5.02,2285.0,1264.0,4.92,252.0,4.94,16.91,0.98,48.1,48.1
sz000900,4.12,4.13,4.16,4.11,29059.0,-0.24,4.13,1203.0,1618.0,4.11,1207.0,4.13,7.09,0.6,62.52,62.53
sz000901,8.39,8.27,8.45,8.24,78820.0,1.08,8.3,6596.0,1825.0,8.37,504.0,8.39,-11.47,1.53,66.97,66.97
sz000902,15.99,14.91,16.01,14.75,281455.0,7.46,14.88,44070.0,657.0,15.97,1537.0,15.99,18.91,2.97,189.69,208.59
sz000903,3.89,3.8,3.93,3.79,283772.0,1.83,3.82,10996.0,2347.0,3.88,5251.0,3.9,29.85,1.31,76.66,76.66
sz000905,6.64,6.65,6.67,6.61,22144.0,-0.3,6.66,1470.0,66.0,6.63,3.0,6.65,24.73,1.18,35.26,41.51
sz000906,11.88,11.72,12.08,11.61,86003.0,1.45,11.71,10162.0,205.0,11.86,35.0,11.88,12.9,2.85,79.05,80.12
sz000908,4.97,4.82,5.19,4.8,565387.0,3.11,4.82,28205.0,3725.0,4.95,5727.0,4.97,-4.63,9.23,35.95,43.72
sz000909,7.07,7.09,7.13,7.05,18996.0,-0.28,7.09,1346.0,539.0,7.06,1215.0,7.08,72.94,1.78,27.39,32.09
sz000910,11.87,11.82,11.95,11.78,35190.0,0.34,11.83,4175.0,30.0,11.85,67.0,11.87,8.64,1.16,64.95,64.98
sz000911,9.41,9.73,9.74,9.4,98824.0,-5.05,9.91,9382.0,449.0,9.4,185.0,9.42,82.27,24.04,30.5,30.5
sz000912,4.2,4.16,4.22,4.14,55962.0,0.48,4.18,2348.0,2328.0,4.19,1060.0,4.21,16.6,1.2,65.86,65.86
sz000913,17.91,17.72,18.2,17.68,38650.0,0.67,17.79,6946.0,90.0,17.9,94.0,17.92,28.74,2.9,81.23,81.23
sz000915,29.3,29.62,29.62,28.82,52864.0,0.17,29.25,15474.0,32.0,29.2,47.0,29.3,19.61,3.47,68.61,68.66
sz000917,4.99,5.01,5.03,4.97,51803.0,-0.4,5.01,2588.0,351.0,4.98,110.0,5.0,-5.41,0.7,70.72,70.74
sz000918,4.66,4.72,4.74,4.59,164916.0,-2.1,4.76,7695.0,370.0,4.64,82.0,4.66,-7.59,3.94,84.08,84.08
sz000919,7.15,7.1,7.19,7.1,48200.0,-0.14,7.16,3441.0,247.0,7.14,714.0,7.16,28.21,1.25,35.98,36.04
sz000920,8.57,7.95,8.57,7.95,164428.0,10.01,7.79,13681.0,53453.0,8.56,0.0,0.0,30.5,3.07,36.15,36.17
sz000921,14.19,13.77,14.26,13.6,62359.0,3.05,13.77,8786.0,190.0,14.18,273.0,14.2,11.03,1.94,128.01,193.37
sz000922,6.92,6.85,6.92,6.83,26591.0,0.73,6.87,1828.0,403.0,6.9,985.0,6.92,9.98,1.63,40.3,41.47
sz000923,19.39,19.02,19.49,18.86,70323.0,0.31,19.33,13505.0,165.0,19.38,207.0,19.4,10.01,1.63,121.75,126.56
sz000925,7.57,7.55,7.72,7.5,96717.0,-0.92,7.64,7320.0,204.0,7.55,233.0,7.57,17.09,1.66,39.92,41.21
sz000926,4.34,4.36,4.38,4.34,31663.0,-0.91,4.38,1378.0,2522.0,4.33,1368.0,4.35,15.72,0.37,41.09,41.77
sz000927,3.75,3.8,3.82,3.73,100558.0,-3.1,3.87,3790.0,905.0,3.73,331.0,3.75,22.54,3.27,59.82,226.89
sz000928,9.44,9.49,9.65,9.18,321671.0,-0.94,9.53,30094.0,608.0,9.43,1463.0,9.45,16.57,2.13,118.63,118.63
sz000929,11.3,11.36,11.71,11.21,156057.0,-1.48,11.47,17825.0,6.0,11.29,262.0,11.31,-1269.82,3.18,20.99,20.99
sz000930,9.14,9.09,9.16,9.05,152257.0,0.11,9.13,13872.0,1291.0,9.12,1491.0,9.14,20.11,1.6,88.15,170.53
sz000931,6.78,6.75,6.78,6.71,25989.0,0.3,6.76,1752.0,176.0,6.76,505.0,6.78,141.43,3.02,50.59,51.06
sz000932,6.7,6.41,6.74,6.39,1134523.0,3.72,6.46,74879.0,311.0,6.69,3756.0,6.71,6.03,1.21,361.56,441.33
sz000933,9.61,9.37,9.68,9.28,551205.0,0.52,9.56,52582.0,4408.0,9.6,1633.0,9.62,23.86,2.82,214.44,216.32
sz000935,17.67,18.0,18.38,16.88,386451.0,-1.67,17.97,68070.0,31.0,17.65,3485.0,17.67,14.06,2.64,134.9,134.9
sz000936,6.87,6.9,6.91,6.78,125049.0,-0.87,6.93,8553.0,743.0,6.86,267.0,6.88,324.59,1.24,60.83,60.87
sz000937,3.85,3.89,3.9,3.82,203613.0,-1.79,3.92,7826.0,961.0,3.84,3598.0,3.86,18.92,0.69,111.9,136.04
sz000938,23.16,22.7,23.32,22.35,421932.0,0.7,23.0,96834.0,569.0,23.15,607.0,23.17,33.75,2.36,662.39,662.39
sz000948,12.49,12.42,12.7,12.33,81910.0,0.24,12.46,10200.0,260.0,12.47,231.0,12.49,39.83,2.12,41.78,47.61
sz000949,8.49,8.32,8.55,8.16,725203.0,2.78,8.26,60966.0,637.0,8.47,1035.0,8.49,35.81,2.41,106.74,124.53
sz000950,4.96,5.0,5.0,4.95,49878.0,-0.8,5.0,2477.0,2014.0,4.95,510.0,4.97,9.83,0.97,85.72,86.47
sz000951,26.18,25.75,26.4,25.75,37699.0,1.28,25.85,9867.0,33.0,26.17,26.0,26.19,9.9,1.64,175.69,219.7
sz000952,7.66,7.66,7.72,7.63,11263.0,-0.13,7.67,862.0,39.0,7.65,244.0,7.67,26.13,1.95,23.7,26.58
sz000953,4.88,4.83,4.96,4.81,16818.0,-0.2,4.89,821.0,646.0,4.87,33.0,4.89,64.44,10.36,15.61,17.87
sz000955,5.13,5.09,5.14,5.07,53850.0,0.2,5.12,2752.0,1207.0,5.11,142.0,5.13,19.61,3.4,27.58,27.62
sz000957,6.05,6.01,6.07,5.99,29104.0,0.33,6.03,1756.0,562.0,6.04,846.0,6.06,-179.04,1.31,35.87,35.87
sz000958,4.17,4.22,4.23,4.17,65799.0,-0.95,4.21,2752.0,3602.0,4.16,232.0,4.18,16.95,1.32,45.96,224.49
sz000959,5.39,5.35,5.42,5.31,195902.0,0.75,5.35,10517.0,196.0,5.38,2466.0,5.4,13.69,0.99,272.58,360.34
sz000960,16.82,16.57,16.93,16.4,339360.0,-0.65,16.93,56592.0,416.0,16.81,115.0,16.83,28.89,2.12,280.69,280.69
sz000961,5.96,6.02,6.05,5.92,285118.0,-1.32,6.04,16999.0,1280.0,5.95,4077.0,5.97,3.19,0.77,227.09,228.0
sz000962,10.02,9.59,10.04,9.5,139750.0,4.38,9.6,13736.0,151.0,10.0,4.0,10.02,62.92,3.59,44.17,44.17
sz000963,42.07,41.6,42.44,41.21,248082.0,1.2,41.57,104024.0,116.0,42.06,165.0,42.08,30.28,4.95,736.12,736.14
sz000965,2.6,2.62,2.62,2.59,34920.0,-0.76,2.62,907.0,8632.0,2.58,2315.0,2.6,-63.26,0.54,28.86,28.86
sz000966,11.46,11.63,11.88,11.2,1194710.0,-1.38,11.62,137156.0,5790.0,11.44,1705.0,11.46,67.21,3.13,127.01,292.19
sz000967,6.74,6.75,6.75,6.7,58218.0,0.6,6.7,3912.0,5617.0,6.73,1139.0,6.75,15.29,1.27,136.38,213.19
sz000968,6.36,6.33,6.38,6.26,36704.0,-0.16,6.37,2316.0,448.0,6.34,446.0,6.36,48.56,1.38,61.53,61.53
sz000969,9.03,8.81,9.12,8.67,613851.0,2.5,8.81,54689.0,274.0,9.01,1429.0,9.03,60.44,2.0,90.38,92.65
sz000970,10.4,9.9,10.6,9.85,714197.0,4.52,9.95,73663.0,717.0,10.38,3211.0,10.4,66.15,2.39,110.78,110.78
sz000971,2.62,2.59,2.63,2.58,48253.0,0.38,2.61,1254.0,1908.0,2.6,3534.0,2.62,22.66,2.3,21.05,27.47
sz000972,2.0,1.99,2.05,1.96,70668.0,-0.5,2.01,1410.0,2453.0,1.98,72.0,2.0,-5.65,9.89,15.43,15.43
sz000973,4.42,4.2,4.51,4.16,360890.0,4.74,4.22,15779.0,1495.0,4.4,4773.0,4.42,48.04,1.79,42.76,42.76
sz000975,10.01,9.91,10.04,9.82,288907.0,-0.99,10.11,28705.0,577.0,10.0,391.0,10.02,21.9,2.92,248.86,277.95
sz000976,5.72,5.61,5.81,5.59,183526.0,2.14,5.6,10478.0,15.0,5.7,186.0,5.72,19.75,1.84,91.21,91.27
sz000977,26.86,26.77,26.98,26.58,156158.0,-0.37,26.96,41833.0,296.0,26.85,134.0,26.87,24.85,3.11,390.14,390.47
sz000978,5.54,5.51,5.58,5.46,63495.0,0.36,5.52,3516.0,600.0,5.53,568.0,5.55,-7.85,1.58,19.95,19.95
sz000980,6.4,6.37,6.8,6.27,698568.0,-3.03,6.6,45111.0,3051.0,6.38,3557.0,6.4,-1.22,-2.77,79.74,129.77
sz000981,2.04,2.01,2.05,2.0,92183.0,0.49,2.03,1873.0,3532.0,2.02,2834.0,2.04,-9.43,1.66,52.52,82.17
sz000982,2.51,2.33,2.51,2.29,1430973.0,10.09,2.28,34912.0,319316.0,2.5,0.0,0.0,255.83,9.8,106.97,106.97
sz000983,8.07,8.11,8.16,7.88,882076.0,-2.77,8.3,70594.0,1125.0,8.06,2195.0,8.08,14.65,1.67,330.59,330.59
sz000985,11.94,11.9,11.97,11.83,4355.0,-0.25,11.97,519.0,20.0,11.93,13.0,11.96,45.01,2.7,15.48,15.48
sz000987,12.12,12.1,12.22,12.08,57614.0,-0.16,12.14,6989.0,75.0,12.11,323.0,12.13,20.11,1.4,323.27,333.65
sz000988,23.22,22.69,23.36,22.5,124305.0,2.25,22.71,28698.0,14.0,23.17,2.0,23.22,34.54,3.46,233.38,233.48
sz000989,10.41,10.51,10.6,10.27,275391.0,-2.44,10.67,28807.0,890.0,10.39,49.0,10.41,31.15,2.4,61.37,90.5
sz000990,14.22,13.6,14.3,13.4,335022.0,9.05,13.04,46587.0,2858.0,14.2,976.0,14.22,21.39,1.06,178.18,178.18
sz000993,10.1,9.98,10.5,9.67,466166.0,0.1,10.09,46516.0,3545.0,10.08,39.0,10.1,-63.97,2.44,44.41,46.25
sz000995,27.68,27.15,28.38,26.87,173143.0,0.44,27.56,48079.0,162.0,27.67,703.0,27.69,137.95,37.93,49.11,49.11
sz000996,9.11,9.03,9.15,9.01,22713.0,-0.11,9.12,2070.0,790.0,9.1,149.0,9.12,468.23,6.51,31.43,31.43
sz000997,16.44,16.2,16.49,16.08,138791.0,0.06,16.43,22576.0,58.0,16.43,984.0,16.45,36.91,2.79,168.67,169.67
sz000998,16.48,16.62,16.78,16.36,222160.0,-1.02,16.65,36636.0,523.0,16.46,297.0,16.48,163.84,3.93,175.0,217.04
sz000999,25.9,26.09,26.22,25.75,75028.0,-0.61,26.06,19459.0,60.0,25.89,19.0,25.94,14.76,1.77,253.4,253.54
sz001696,7.69,7.62,7.81,7.58,139175.0,-0.13,7.7,10726.0,61.0,7.68,62.0,7.7,14.25,2.06,67.61,88.05
sz001872,16.57,16.43,16.71,16.36,16614.0,0.55,16.48,2749.0,312.0,16.56,230.0,16.58,13.01,0.84,98.4,318.54
sz001896,8.35,8.47,8.51,8.25,427768.0,-2.79,8.59,35743.0,4982.0,8.34,636.0,8.36,33.62,1.57,96.07,96.07
sz001914,16.34,16.31,16.55,16.26,42428.0,-1.39,16.57,6941.0,1129.0,16.31,12.0,16.34,35.19,2.09,108.97,173.26
sz001965,7.13,7.2,7.27,7.0,106993.0,-1.11,7.21,7602.0,114.0,7.11,86.0,7.13,10.54,0.9,137.81,440.51
sz001979,11.46,11.67,11.76,11.39,292944.0,-1.63,11.65,33727.0,306.0,11.44,992.0,11.46,7.33,1.12,907.82,908.0
sz002001,28.23,28.41,28.6,28.21,129931.0,-1.29,28.6,36829.0,50.0,28.22,52.0,28.24,19.15,3.56,719.32,727.88
sz002002,3.86,3.86,3.9,3.81,792420.0,-1.03,3.9,30547.0,2169.0,3.85,6809.0,3.87,13.02,1.39,116.01,116.16
sz002003,6.99,7.03,7.11,6.93,104718.0,0.0,6.99,7346.0,21.0,6.98,238.0,7.0,12.97,2.4,45.2,54.23
sz002004,5.9,5.88,5.97,5.87,205278.0,-0.34,5.92,12130.0,1140.0,5.89,284.0,5.91,16.92,1.25,107.33,116.82
sz002005,1.83,1.75,1.85,1.74,360554.0,3.98,1.76,6560.0,7346.0,1.82,2933.0,1.84,-5.64,1.89,30.96,32.29
sz002006,8.25,7.95,8.29,7.83,124935.0,3.0,8.01,10224.0,304.0,8.23,323.0,8.25,72.69,3.96,37.55,37.55
sz002007,36.6,36.88,37.0,36.3,154467.0,-1.61,37.2,56574.0,535.0,36.59,104.0,36.61,41.25,9.17,575.64,667.72
sz002008,37.6,38.48,38.63,37.0,300936.0,-2.84,38.7,114324.0,1221.0,37.59,483.0,37.61,33.38,4.26,373.76,401.22
sz002009,13.08,12.4,13.35,12.21,404338.0,4.06,12.57,51873.0,470.0,13.06,260.0,13.08,45.11,2.48,48.39,48.47
sz002010,8.3,8.34,8.52,8.21,420799.0,-0.72,8.36,35043.0,552.0,8.28,2.0,8.3,15.49,1.86,243.86,254.93
sz002011,5.64,5.76,5.81,5.58,145355.0,-2.08,5.76,8231.0,32.0,5.62,580.0,5.64,-5.84,3.58,51.67,51.73
sz002012,5.44,5.38,5.46,5.37,46574.0,0.37,5.42,2530.0,1880.0,5.43,77.0,5.45,23.6,1.83,25.38,25.44
sz002013,9.59,9.63,9.81,9.5,664886.0,-0.42,9.63,63999.0,1222.0,9.57,399.0,9.59,30.52,2.94,372.54,372.55
sz002014,8.58,8.5,8.6,8.47,10127.0,0.7,8.52,865.0,26.0,8.57,167.0,8.59,14.02,2.44,43.02,44.1
sz002015,9.61,10.0,10.28,9.45,405397.0,-3.03,9.91,39281.0,3453.0,9.6,2684.0,9.62,14.99,2.29,49.29,129.97
sz002016,6.36,6.4,6.4,6.33,14092.0,-0.78,6.41,895.0,302.0,6.33,85.0,6.36,6.63,1.24,43.68,51.46
sz002017,10.91,11.0,11.05,10.88,78425.0,-1.53,11.08,8570.0,149.0,10.9,231.0,10.92,129.97,3.46,48.56,48.71
sz002019,16.42,16.29,16.43,16.12,53537.0,0.43,16.35,8727.0,164.0,16.41,98.0,16.43,26.07,2.37,138.83,202.64
sz002020,8.52,8.45,8.52,8.45,38828.0,0.24,8.5,3294.0,258.0,8.5,726.0,8.52,10.39,1.75,59.7,71.38
sz002021,2.21,2.18,2.27,2.16,166696.0,-2.21,2.26,3693.0,2158.0,2.2,2788.0,2.22,-24.48,2.38,15.19,15.2
sz002022,17.27,17.15,17.35,17.11,62055.0,-0.46,17.35,10688.0,14.0,17.26,274.0,17.28,9.19,2.67,88.78,88.89
sz002023,13.53,13.21,13.88,13.04,333537.0,-0.15,13.55,45087.0,999.0,13.51,315.0,13.53,115.6,3.06,92.5,102.39
sz002024,6.43,6.34,6.74,6.22,1708585.0,4.55,6.15,110895.0,2578.0,6.42,7125.0,6.44,-18.32,0.77,487.95,598.64
sz002025,50.2,47.5,50.78,47.18,53641.0,5.68,47.5,26402.0,15.0,50.18,38.0,50.2,44.91,6.26,215.31,215.36
sz002026,13.8,13.73,13.96,13.54,180359.0,-0.14,13.82,24861.0,135.0,13.78,1411.0,13.8,18.38,2.22,58.39,58.41
sz002027,8.45,8.31,8.57,8.31,1087666.0,0.6,8.4,91836.0,11622.0,8.44,3665.0,8.46,23.25,7.38,1240.28,1240.28
sz002028,29.42,29.31,29.67,29.07,78342.0,0.41,29.3,23029.0,105.0,29.41,113.0,29.43,19.95,3.37,173.6,224.54
sz002029,6.77,6.83,6.95,6.7,123729.0,0.45,6.74,8426.0,1159.0,6.76,87.0,6.78,16.21,0.86,48.99,51.16
sz002030,19.88,19.61,20.1,19.55,175283.0,0.76,19.73,34974.0,545.0,19.87,115.0,19.89,8.23,5.17,272.58,279.01
sz002031,1.79,1.8,1.81,1.78,98150.0,-0.56,1.8,1758.0,9061.0,1.78,18115.0,1.8,-24.57,1.35,33.87,39.37
sz002032,63.0,61.12,63.0,61.12,11393.0,2.71,61.34,7101.0,4.0,62.95,186.0,63.0,25.17,7.88,383.14,514.61
sz002033,6.09,6.2,6.22,6.08,55664.0,-1.77,6.2,3411.0,283.0,6.08,97.0,6.1,40.8,1.37,33.46,33.46
sz002034,15.66,15.7,15.8,15.6,24792.0,-1.01,15.82,3888.0,125.0,15.65,3.0,15.68,11.33,1.46,65.43,65.99
sz002035,7.03,7.01,7.07,6.99,70944.0,0.14,7.02,4991.0,67.0,7.02,204.0,7.04,13.92,1.96,55.08,61.11
sz002036,14.34,13.35,14.38,13.32,719708.0,5.91,13.54,101113.0,312.0,14.31,105.0,14.34,86.42,4.12,150.02,152.46
sz002037,6.14,6.14,6.2,6.11,20444.0,-0.49,6.17,1258.0,141.0,6.13,246.0,6.16,16.47,0.87,20.1,29.94
sz002038,10.0,9.99,10.07,9.89,92807.0,0.2,9.98,9244.0,34.0,9.99,82.0,10.01,26.01,2.06,85.17,102.73
sz002039,14.09,14.2,14.2,14.06,17782.0,-0.77,14.2,2510.0,506.0,14.08,205.0,14.1,9.87,1.38,43.03,43.03
sz002040,5.94,5.97,6.02,5.93,14915.0,-0.34,5.96,889.0,670.0,5.93,486.0,5.95,20.99,1.03,28.75,28.75
sz002041,16.46,16.01,16.58,15.94,285751.0,1.6,16.2,46600.0,444.0,16.44,1625.0,16.46,113.78,4.97,144.85,144.85
sz002042,5.01,4.87,5.03,4.85,133629.0,3.09,4.86,6614.0,947.0,4.99,1462.0,5.01,-26.94,1.32,76.06,76.12
sz002043,9.97,9.97,10.02,9.86,74734.0,-0.3,10.0,7431.0,950.0,9.95,240.0,9.97,14.47,4.66,72.2,77.24
sz002044,8.92,8.92,9.0,8.82,452112.0,-0.78,8.99,40265.0,24692.0,8.91,2106.0,8.93,47.92,4.63,341.33,349.15
sz002045,13.9,13.48,13.92,13.05,293143.0,2.81,13.52,39415.0,320.0,13.88,418.0,13.9,27.65,3.23,64.94,65.11
sz002046,8.47,8.42,8.5,8.35,34874.0,0.0,8.47,2942.0,167.0,8.45,205.0,8.47,31.15,1.57,35.14,44.41
sz002047,3.38,3.4,3.41,3.36,152361.0,-1.17,3.42,5149.0,1695.0,3.37,3117.0,3.39,39.93,1.08,45.14,45.34
sz002048,20.86,20.65,21.2,20.65,125911.0,-0.67,21.0,26280.0,53.0,20.84,187.0,20.86,12.97,1.27,116.5,130.63
sz002049,170.36,153.0,170.36,152.0,172498.0,10.0,154.87,283854.0,12289.0,170.35,0.0,0.0,109.97,19.86,1033.78,1033.78
sz002050,23.69,22.88,23.8,22.58,236237.0,3.0,23.0,55399.0,52.0,23.67,660.0,23.69,52.82,8.92,837.42,850.85
sz002051,6.39,6.38,6.43,6.36,37640.0,0.0,6.39,2409.0,519.0,6.37,3924.0,6.39,-205.51,0.75,71.08,79.07
sz002052,1.86,1.81,1.88,1.79,71146.0,3.33,1.8,1306.0,269.0,1.85,587.0,1.87,-9.38,6.04,13.87,13.87
sz002053,7.8,7.7,7.85,7.62,33971.0,0.78,7.74,2626.0,342.0,7.78,354.0,7.8,28.9,1.39,43.55,59.36
sz002054,10.87,10.9,11.15,10.76,59971.0,-0.09,10.88,6555.0,261.0,10.86,74.0,10.9,41.95,2.2,33.64,52.41
sz002055,12.0,11.91,12.12,11.85,91676.0,-1.07,12.13,10996.0,842.0,11.99,287.0,12.01,47.44,2.9,51.27,56.26
sz002056,13.98,13.34,14.2,13.19,758656.0,4.02,13.44,105236.0,468.0,13.96,294.0,13.98,19.21,3.9,224.26,227.41
sz002057,7.18,7.04,7.24,6.97,250867.0,2.87,6.98,17922.0,1161.0,7.17,2123.0,7.19,28.59,1.96,41.31,53.58
sz002058,9.01,8.91,9.31,8.86,7200.0,0.33,8.98,654.0,68.0,9.0,34.0,9.02,481.04,7.44,12.89,12.92
sz002059,5.41,5.43,5.49,5.38,80118.0,-1.46,5.49,4347.0,353.0,5.39,263.0,5.41,28.75,2.25,39.54,54.77
sz002060,3.49,3.49,3.5,3.46,98944.0,-0.29,3.5,3448.0,2270.0,3.48,3492.0,3.5,15.16,1.25,41.95,41.96
sz002061,5.29,5.32,5.33,5.29,29304.0,-0.75,5.33,1554.0,1397.0,5.28,1198.0,5.32,6.72,0.85,72.77,72.77
sz002062,4.17,4.21,4.25,4.15,47502.0,-1.18,4.22,1985.0,968.0,4.16,436.0,4.18,10.84,1.3,40.26,45.97
sz002063,7.57,7.49,7.62,7.4,152122.0,0.66,7.52,11414.0,2177.0,7.56,1693.0,7.58,38.06,3.78,92.24,100.15
sz002064,14.59,14.49,14.73,14.05,644132.0,0.76,14.48,92587.0,1448.0,14.58,2793.0,14.6,18.54,5.3,285.14,676.03
sz002065,7.72,7.76,7.76,7.66,149607.0,-0.39,7.75,11519.0,294.0,7.7,2271.0,7.72,47.63,2.4,216.76,240.52
sz002066,10.08,10.0,10.35,10.0,31305.0,0.2,10.06,3184.0,167.0,10.07,63.0,10.09,45.14,4.71,23.28,23.28
sz002067,3.65,3.65,3.68,3.63,96201.0,0.0,3.65,3514.0,2140.0,3.64,119.0,3.66,11.14,0.86,37.84,42.87
sz002068,7.76,7.51,7.83,7.5,343887.0,2.78,7.55,26560.0,136.0,7.75,325.0,7.77,15.37,1.81,56.41,57.8
sz002069,3.36,3.32,3.4,3.32,44228.0,-0.88,3.39,1491.0,1907.0,3.35,436.0,3.37,-86.38,-85.06,22.9,23.89
sz002071,0.31,0.0,0.0,0.0,0.0,0.0,0.31,0.0,0.0,0.0,0.0,0.0,-0.63,-0.15,1.63,1.63
sz002072,5.07,5.06,5.15,5.06,11107.0,-1.17,5.13,567.0,117.0,5.06,66.0,5.08,-4.32,-4.94,7.75,8.92
sz002073,4.76,4.7,4.76,4.69,85666.0,0.85,4.72,4056.0,237.0,4.75,1297.0,4.77,31.9,1.04,44.46,44.46
sz002074,47.3,43.56,47.3,43.04,545072.0,10.0,43.0,250155.0,73448.0,47.29,0.0,0.0,369.41,5.54,557.48,605.7
sz002075,11.57,0.0,0.0,0.0,0.0,0.0,11.57,0.0,0.0,0.0,0.0,0.0,32.89,4.88,255.32,255.32
sz002076,2.04,1.97,2.07,1.96,101528.0,2.51,1.99,2042.0,2071.0,2.02,540.0,2.04,35.85,52.99,14.93,15.89
sz002077,7.38,7.28,7.39,7.13,117106.0,0.54,7.34,8521.0,75.0,7.37,717.0,7.39,42.89,1.44,40.17,42.83
sz002078,13.05,12.74,13.18,12.71,262193.0,2.59,12.72,34072.0,609.0,13.04,2318.0,13.06,13.56,2.0,340.96,342.52
sz002079,11.36,11.11,11.47,11.01,304651.0,0.89,11.26,34413.0,316.0,11.35,2131.0,11.37,71.78,4.08,82.53,91.78
sz002080,28.25,27.72,29.2,27.21,612543.0,1.99,27.7,173323.0,258.0,28.23,450.0,28.25,19.83,3.97,474.07,474.07
sz002081,7.92,7.97,8.0,7.89,100186.0,-0.38,7.95,7927.0,908.0,7.9,850.0,7.92,8.46,1.26,208.95,212.52
sz002082,11.81,12.02,12.06,11.77,19535.0,-1.25,11.96,2321.0,124.0,11.8,415.0,11.82,27.58,2.95,28.11,73.01
sz002083,4.36,4.37,4.37,4.33,59891.0,-0.23,4.37,2602.0,317.0,4.34,2425.0,4.36,18.47,1.09,39.47,39.59
sz002084,5.32,5.29,5.36,5.29,38544.0,-0.19,5.33,2052.0,1699.0,5.31,922.0,5.33,16.4,1.82,32.05,32.35
sz002085,5.54,5.59,5.59,5.51,124128.0,-0.54,5.57,6882.0,1130.0,5.52,715.0,5.54,19.81,2.28,115.75,121.15
sz002086,1.79,1.79,1.83,1.78,69721.0,-0.56,1.8,1257.0,1179.0,1.78,3247.0,1.8,-3.83,0.96,11.16,13.54
sz002087,3.38,3.37,3.39,3.37,40869.0,-0.29,3.39,1380.0,4471.0,3.36,41.0,3.38,19.45,0.64,27.57,27.61
sz002088,21.22,21.16,21.56,20.86,28152.0,-0.42,21.31,5989.0,98.0,21.2,60.0,21.25,17.32,3.51,68.06,76.75
sz002089,2.54,2.54,2.54,2.54,14467.0,4.96,2.42,367.0,108435.0,2.53,0.0,0.0,-12.41,3.43,30.03,34.92
sz002090,8.62,8.38,8.63,8.3,39827.0,4.11,8.28,3385.0,262.0,8.6,514.0,8.62,39.99,2.73,34.43,34.85
sz002091,9.69,9.35,9.78,8.94,804412.0,-1.42,9.83,75763.0,293.0,9.68,3362.0,9.7,15.46,1.68,146.69,151.51
sz002092,10.47,10.37,10.53,10.27,849649.0,1.06,10.36,88452.0,1286.0,10.45,1275.0,10.47,26.45,1.15,224.73,224.73
sz002093,6.14,6.17,6.2,6.12,27253.0,-0.81,6.19,1674.0,187.0,6.13,262.0,6.15,78.25,1.81,61.56,61.86
sz002094,4.8,4.37,4.8,4.37,379875.0,10.09,4.36,17707.0,42355.0,4.79,0.0,0.0,-8.28,1.35,33.14,33.16
sz002095,13.69,13.65,13.82,13.53,8815.0,0.15,13.67,1206.0,338.0,13.66,5.0,13.72,91.76,3.77,34.46,34.6
sz002096,7.78,7.71,7.84,7.67,24554.0,0.26,7.76,1907.0,1074.0,7.76,334.0,7.78,78.46,1.43,28.85,28.89
sz002097,7.93,7.91,7.96,7.89,83093.0,-0.5,7.97,6585.0,119.0,7.92,1362.0,7.94,11.86,1.57,77.34,86.22
sz002098,6.08,6.04,6.14,6.0,22478.0,0.16,6.07,1361.0,210.0,6.07,160.0,6.09,9.62,2.61,21.77,21.77
sz002099,8.05,8.32,8.35,7.99,221136.0,-3.82,8.37,17924.0,83.0,8.03,872.0,8.05,47.95,2.2,129.45,130.31
sz002100,8.63,8.67,8.74,8.58,60333.0,-0.46,8.67,5202.0,277.0,8.62,153.0,8.64,5.51,1.53,92.88,92.88
sz002101,8.39,7.91,8.41,7.91,143768.0,4.35,8.04,11865.0,843.0,8.38,1241.0,8.4,16.59,0.98,44.37,44.47
sz002102,2.32,2.31,2.37,2.3,173493.0,-0.43,2.33,4050.0,3919.0,2.3,5730.0,2.33,64.36,1.81,45.58,61.11
sz002103,4.33,4.34,4.39,4.31,47590.0,-0.92,4.37,2063.0,949.0,4.31,422.0,4.33,-10.8,2.91,18.25,23.13
sz002104,5.71,5.79,5.79,5.69,50728.0,-1.21,5.78,2903.0,95.0,5.7,1019.0,5.72,264.24,2.07,33.58,39.79
sz002105,8.06,7.98,8.09,7.95,23705.0,0.5,8.02,1902.0,118.0,8.04,22.0,8.06,12.85,4.16,29.7,29.7
sz002106,10.77,10.71,10.8,10.66,87116.0,-0.28,10.8,9359.0,613.0,10.75,309.0,10.77,14.3,1.7,75.84,76.02
sz002107,7.72,7.75,7.8,7.62,53223.0,-1.28,7.82,4091.0,449.0,7.71,109.0,7.73,24.01,6.29,43.49,44.56
sz002108,6.25,5.64,6.25,5.57,2010655.0,10.04,5.68,121857.0,6379.0,6.24,0.0,0.0,23.19,2.56,88.62,88.62
sz002109,4.9,4.85,4.92,4.81,202509.0,0.2,4.89,9851.0,12156.0,4.89,2516.0,4.91,15.88,1.28,51.59,51.59
sz002110,7.2,7.15,7.25,7.07,349511.0,1.84,7.07,25048.0,2087.0,7.19,1813.0,7.21,6.07,0.88,176.51,176.51
sz002111,18.68,17.83,18.75,17.78,103153.0,4.18,17.93,19034.0,2.0,18.67,378.0,18.69,17.63,2.16,62.92,71.33
sz002112,7.18,7.14,7.31,7.14,23858.0,0.28,7.16,1722.0,175.0,7.16,73.0,7.18,45.16,3.56,14.27,14.47
sz002113,1.64,1.67,1.68,1.63,231577.0,-2.38,1.68,3824.0,5384.0,1.62,6988.0,1.64,9.25,6.2,15.8,24.77
sz002114,6.6,6.51,6.64,6.48,82958.0,0.46,6.57,5460.0,241.0,6.59,138.0,6.61,-97.44,1.47,21.34,21.34
sz002115,5.65,5.71,5.73,5.62,55472.0,-1.05,5.71,3143.0,1244.0,5.63,191.0,5.65,49.68,1.61,32.6,40.51
sz002116,6.2,6.2,6.22,6.15,4318.0,-0.16,6.21,267.0,234.0,6.19,190.0,6.21,37.94,1.85,25.81,25.89
sz002117,8.06,7.96,8.08,7.87,46683.0,1.26,7.96,3744.0,276.0,8.04,50.0,8.06,25.84,3.12,43.97,43.98
sz002118,2.78,2.85,2.86,2.77,323593.0,-2.8,2.86,9062.0,9821.0,2.77,1192.0,2.79,-5.11,0.98,35.6,35.61
sz002119,15.95,15.41,16.3,15.2,340743.0,3.77,15.37,54131.0,387.0,15.93,91.0,15.95,60.28,6.02,58.62,59.86
sz002120,14.45,13.35,14.45,13.35,243777.0,9.97,13.14,34586.0,36950.0,14.44,0.0,0.0,32.29,2.86,406.05,419.45
sz002121,4.59,4.46,4.62,4.45,166805.0,2.0,4.5,7597.0,1545.0,4.58,1643.0,4.6,48.95,4.64,48.87,64.64
sz002122,2.73,2.78,2.8,2.73,43263.0,-1.8,2.78,1189.0,305.0,2.72,2507.0,2.74,18.71,2.02,32.43,32.81
sz002123,17.28,16.91,17.5,16.8,169293.0,0.12,17.26,29002.0,3303.0,17.26,1081.0,17.28,122.09,3.15,114.97,140.27
sz002124,6.8,6.84,6.93,6.74,463806.0,-2.02,6.94,31595.0,21390.0,6.79,2305.0,6.81,4.22,1.42,97.74,125.07
sz002125,8.21,7.9,8.28,7.9,340703.0,2.75,7.99,27667.0,708.0,8.19,1663.0,8.21,131.13,2.91,48.71,51.68
sz002126,10.14,10.1,10.16,10.01,139519.0,0.0,10.14,14079.0,926.0,10.13,238.0,10.15,24.07,1.99,76.67,80.32
sz002127,11.42,10.39,11.42,10.39,1893888.0,10.02,10.38,211417.0,45001.0,11.41,0.0,0.0,23.49,5.89,224.68,280.35
sz002128,10.16,10.18,10.2,10.04,148086.0,-1.07,10.27,14973.0,1194.0,10.14,284.0,10.16,9.3,1.04,179.57,195.23
sz002129,39.19,36.4,39.8,36.02,906367.0,6.67,36.74,348483.0,1617.0,39.18,2536.0,39.2,86.25,6.07,1148.02,1188.6
sz002130,6.4,6.34,6.42,6.3,170329.0,0.31,6.38,10864.0,1284.0,6.39,3576.0,6.41,15.83,2.39,79.86,80.63
sz002131,2.33,2.33,2.34,2.31,482136.0,0.0,2.33,11194.0,20003.0,2.31,61907.0,2.33,3.77,1.27,134.85,157.39
sz002132,3.66,3.57,3.67,3.54,343949.0,1.67,3.6,12433.0,4833.0,3.64,3196.0,3.66,27.77,1.62,45.87,45.99
sz002133,2.95,2.94,2.96,2.94,30033.0,-0.34,2.96,886.0,426.0,2.94,3594.0,2.96,7.64,0.62,22.71,22.84
sz002134,8.27,8.27,8.34,8.15,11018.0,0.0,8.27,912.0,10.0,8.26,74.0,8.28,290.77,5.09,20.33,20.33
sz002135,7.6,7.54,7.75,7.43,173816.0,-0.13,7.61,13199.0,219.0,7.59,112.0,7.61,24.32,1.75,72.85,78.61
sz002136,16.01,15.48,16.18,15.14,220313.0,2.76,15.58,34677.0,683.0,15.99,122.0,16.01,47.88,4.49,34.3,34.42
sz002137,5.92,5.88,5.97,5.86,53635.0,0.51,5.89,3175.0,379.0,5.91,799.0,5.93,173.18,2.33,22.46,34.19
sz002138,39.25,38.0,39.45,37.52,143469.0,2.32,38.36,55734.0,185.0,39.23,363.0,39.25,46.2,6.49,278.03,316.48
sz002139,18.17,17.63,18.32,17.41,379319.0,0.39,18.1,68306.0,2249.0,18.15,365.0,18.17,31.69,4.71,172.81,224.99
sz002140,7.31,7.31,7.38,7.26,35091.0,-0.68,7.36,2565.0,77.0,7.29,522.0,7.31,18.0,1.68,38.98,39.86
sz002141,4.05,3.95,4.13,3.91,268789.0,1.25,4.0,10872.0,142.0,4.04,204.0,4.06,-8.5,5.83,45.95,45.95
sz002142,37.86,38.0,38.58,37.4,214640.0,-0.32,37.98,81167.0,165.0,37.83,295.0,37.86,14.41,2.1,2244.44,2274.63
sz002144,9.29,9.28,9.33,9.23,19292.0,0.32,9.26,1791.0,580.0,9.28,497.0,9.3,22.95,0.93,12.98,16.42
sz002145,14.22,13.2,14.42,13.07,680249.0,6.36,13.37,93738.0,407.0,14.2,1561.0,14.22,48.64,4.84,226.25,292.03
sz002146,5.61,5.65,5.69,5.61,114404.0,-1.23,5.68,6445.0,3069.0,5.6,53.0,5.62,3.24,0.5,218.41,243.93
sz002147,3.72,3.39,3.72,3.39,243380.0,5.08,3.54,8817.0,3241.0,3.71,0.0,0.0,-2.17,-10.5,19.98,68.0
sz002148,4.38,4.41,4.44,4.36,44499.0,-0.68,4.41,1954.0,250.0,4.36,174.0,4.38,138.1,2.2,20.15,24.78
sz002149,14.97,14.38,15.12,14.3,134482.0,3.17,14.51,19965.0,886.0,14.95,234.0,14.97,58.76,2.91,63.68,73.09
sz002150,5.88,5.88,5.91,5.86,8610.0,-0.17,5.89,507.0,83.0,5.87,100.0,5.89,15.69,1.54,20.88,20.96
sz002151,41.2,41.0,41.32,40.7,43490.0,0.39,41.04,17866.0,248.0,41.19,217.0,41.21,124.93,4.91,162.85,209.18
sz002152,12.29,12.25,12.33,12.15,360017.0,-1.6,12.49,44063.0,525.0,12.28,1924.0,12.3,40.21,2.94,294.25,305.21
sz002153,22.54,22.57,22.7,22.36,39037.0,-0.88,22.74,8789.0,31.0,22.53,163.0,22.55,-526.04,4.01,198.08,338.0
sz002154,6.75,6.94,6.99,6.57,716638.0,-3.57,7.0,48693.0,1093.0,6.74,362.0,6.76,17.04,2.46,74.92,82.19
sz002155,7.92,7.89,7.93,7.84,88096.0,-0.38,7.95,6948.0,677.0,7.91,700.0,7.93,28.2,1.83,95.18,95.2
sz002156,23.7,23.5,23.95,22.83,588341.0,-1.13,23.97,137870.0,426.0,23.68,2082.0,23.7,62.22,3.25,314.93,314.98
sz002157,11.47,11.5,11.61,11.24,359584.0,-1.12,11.6,40952.0,1246.0,11.45,442.0,11.47,7.15,1.7,264.39,361.11
sz002158,26.3,25.01,26.48,24.63,90642.0,4.32,25.21,23259.0,151.0,26.29,661.0,26.31,34.44,6.41,139.58,140.67
sz002159,10.93,10.97,10.99,10.83,4200.0,0.18,10.91,458.0,1.0,10.91,110.0,10.93,20.48,1.38,15.09,19.38
sz002160,4.16,4.08,4.18,4.06,242148.0,1.22,4.11,10019.0,628.0,4.14,10310.0,4.16,52.91,1.07,30.18,33.1
sz002161,5.19,5.2,5.24,5.13,55820.0,-0.57,5.22,2901.0,237.0,5.18,1131.0,5.2,-9.85,2.68,36.99,38.39
sz002162,5.34,5.32,5.42,5.27,106191.0,-0.37,5.36,5693.0,1018.0,5.32,332.0,5.34,76.42,4.05,45.57,49.48
sz002163,16.91,16.49,17.05,16.42,58776.0,1.74,16.62,9906.0,73.0,16.9,7.0,16.94,83.17,16.33,135.88,135.88
sz002164,5.26,5.25,5.34,5.22,53958.0,-0.94,5.31,2838.0,494.0,5.25,337.0,5.27,1.88,4.33,24.93,27.99
sz002165,4.7,4.7,4.74,4.65,39096.0,-0.21,4.71,1833.0,682.0,4.68,36.0,4.7,23.12,1.68,27.92,28.3
sz002166,7.7,7.51,7.72,7.51,36167.0,2.12,7.54,2766.0,30.0,7.69,1053.0,7.71,47.69,2.44,34.82,43.52
sz002167,7.25,6.9,7.4,6.83,429939.0,2.84,7.05,30713.0,979.0,7.24,183.0,7.26,-48.94,5.07,41.19,55.93
sz002168,4.52,4.37,4.58,4.37,174809.0,2.96,4.39,7840.0,1054.0,4.5,1101.0,4.52,-3.55,4.56,35.84,36.25
sz002169,10.91,10.65,11.08,10.46,471044.0,0.55,10.85,50947.0,1246.0,10.89,1804.0,10.91,6.47,2.14,83.3,85.95
sz002170,3.88,3.82,3.91,3.8,98931.0,1.04,3.84,3821.0,328.0,3.87,3954.0,3.89,42.97,1.73,26.9,34.41
sz002171,8.93,8.72,8.98,8.58,328523.0,2.29,8.73,28944.0,895.0,8.91,988.0,8.93,24.37,2.15,111.07,119.1
sz002172,4.86,4.88,4.95,4.83,273206.0,-0.41,4.88,13358.0,10.0,4.85,1704.0,4.87,-12.53,3.82,37.56,37.74
sz002173,6.96,6.82,7.04,6.75,54938.0,2.81,6.77,3791.0,272.0,6.94,788.0,6.96,-10.45,1.52,25.82,31.57
sz002174,16.58,16.68,16.89,16.43,204708.0,-1.43,16.82,33946.0,444.0,16.56,919.0,16.58,-41.8,2.97,133.12,151.85
sz002175,2.65,2.64,2.74,2.59,314621.0,-2.57,2.72,8316.0,1198.0,2.63,292.0,2.65,-1.82,-2.13,19.97,19.98
sz002176,10.42,10.15,10.99,9.8,2928445.0,4.3,9.99,303366.0,6274.0,10.41,2111.0,10.43,165.61,10.83,177.72,177.8
sz002177,7.18,7.11,7.25,7.05,320018.0,0.28,7.16,22852.0,632.0,7.16,2136.0,7.18,65.07,3.29,54.65,54.65
sz002178,3.58,3.53,3.62,3.49,123886.0,0.56,3.56,4393.0,3113.0,3.56,1648.0,3.58,-9.57,4.62,25.46,25.5
sz002179,79.49,74.68,80.15,74.1,103006.0,5.44,75.39,80689.0,34.0,79.48,2733.0,79.5,46.02,8.73,848.94,874.35
sz002180,31.33,30.99,31.8,30.02,170853.0,-0.92,31.62,52743.0,13.0,31.29,372.0,31.33,123.56,3.83,316.1,337.28
sz002181,4.27,4.26,4.28,4.25,20775.0,0.23,4.26,886.0,1043.0,4.25,300.0,4.27,15.47,1.16,48.44,49.58
sz002182,13.11,11.9,13.11,11.78,395176.0,9.98,11.92,50363.0,18541.0,13.1,0.0,0.0,30.14,3.0,69.23,84.75
sz002183,5.57,5.65,5.66,5.53,165607.0,-0.54,5.6,9221.0,410.0,5.56,30.0,5.58,58.3,1.96,118.2,118.23
sz002184,11.86,11.57,11.98,11.54,64592.0,1.72,11.66,7606.0,490.0,11.85,540.0,11.87,29.09,3.84,27.24,41.74
sz002185,15.87,15.3,15.96,15.1,1663222.0,2.06,15.55,258372.0,1752.0,15.85,3774.0,15.87,47.22,4.94,434.71,434.84
sz002186,10.36,10.28,10.4,10.25,15855.0,0.19,10.34,1639.0,417.0,10.33,22.0,10.36,-14.5,2.8,31.91,31.96
sz002187,7.84,7.88,7.93,7.81,21332.0,-0.51,7.88,1674.0,229.0,7.82,284.0,7.84,30.42,0.99,26.85,48.42
sz002188,3.7,3.93,3.94,3.67,98844.0,-1.33,3.75,3818.0,10.0,3.68,1492.0,3.7,-11.3,-10.96,8.91,10.82
sz002189,16.21,16.06,16.22,15.99,20519.0,0.81,16.08,3309.0,60.0,16.2,33.0,16.22,24.18,2.86,36.09,42.55
sz002190,27.53,26.69,27.7,26.26,125854.0,4.24,26.41,34162.0,72.0,27.51,888.0,27.53,76.07,3.94,98.76,98.76
sz002191,11.74,11.47,11.91,11.47,456649.0,0.95,11.63,53409.0,287.0,11.72,2802.0,11.74,19.99,2.43,169.42,171.98
sz002192,97.88,88.42,97.9,85.01,220351.0,9.98,89.0,206008.0,1.0,97.82,113.0,97.88,955.4,44.47,253.63,254.15
sz002193,6.03,5.98,6.04,5.95,14167.0,0.67,5.99,851.0,223.0,6.01,16.0,6.03,553.44,0.59,15.73,15.78
sz002194,12.18,12.12,12.25,11.95,72077.0,0.5,12.12,8728.0,463.0,12.17,406.0,12.19,35.04,3.92,59.53,82.38
sz002195,2.02,2.03,2.03,2.01,654608.0,-0.98,2.04,13208.0,6897.0,2.01,45791.0,2.03,-12.82,1.28,113.81,115.64
sz002196,7.95,7.82,8.05,7.76,127303.0,1.27,7.85,10032.0,185.0,7.93,501.0,7.95,-6.48,2.52,33.64,39.71
sz002197,7.44,7.46,7.49,7.32,58208.0,-0.27,7.46,4310.0,150.0,7.43,804.0,7.45,204.02,1.58,32.37,38.33
sz002198,9.56,10.38,10.45,9.44,477263.0,-7.72,10.36,46640.0,2296.0,9.54,909.0,9.56,187.12,7.02,48.52,48.52
sz002199,7.97,7.45,8.09,7.45,145807.0,5.84,7.53,11418.0,152.0,7.95,2302.0,7.97,116.3,4.7,19.4,19.4
sz002200,5.67,5.41,5.73,5.41,31770.0,3.85,5.46,1807.0,266.0,5.66,225.0,5.68,-18.91,10.07,9.74,10.44
sz002201,17.21,16.8,17.49,16.67,206203.0,1.41,16.97,35422.0,246.0,17.2,324.0,17.22,181.1,8.11,79.9,80.1
sz002202,12.06,11.86,12.16,11.72,556015.0,1.6,11.87,66638.0,396.0,12.05,2919.0,12.07,16.76,1.59,409.25,509.54
sz002203,10.38,10.39,10.43,10.2,61794.0,-0.1,10.39,6396.0,330.0,10.36,378.0,10.38,26.15,2.19,193.28,204.16
sz002204,3.67,3.69,3.7,3.66,102714.0,-1.08,3.71,3773.0,3409.0,3.65,565.0,3.67,86.36,1.08,70.88,70.88
sz002205,7.11,7.1,7.13,7.06,14243.0,-0.14,7.12,1010.0,205.0,7.1,147.0,7.12,155.85,1.58,13.21,13.21
sz002206,6.13,6.1,6.26,6.02,198743.0,0.16,6.12,12185.0,176.0,6.12,3.0,6.14,22.87,2.69,59.05,74.97
sz002207,6.24,6.16,6.42,6.16,73788.0,-1.11,6.31,4602.0,580.0,6.22,126.0,6.24,-144.81,12.57,14.82,16.35
sz002208,8.12,8.14,8.24,8.02,163021.0,-0.85,8.19,13193.0,759.0,8.11,877.0,8.13,7.36,1.14,50.53,65.23
sz002209,7.13,6.93,7.14,6.93,41342.0,2.15,6.98,2933.0,60.0,7.11,570.0,7.13,42.92,2.2,11.02,13.92
sz002210,2.78,2.81,2.86,2.76,143149.0,-1.07,2.81,4022.0,2844.0,2.76,377.0,2.78,0.87,56.73,73.93,73.98
sz002211,5.13,5.03,5.21,5.01,77110.0,1.38,5.06,3949.0,219.0,5.12,958.0,5.14,43.61,2.94,15.91,22.19
sz002212,18.1,18.21,18.25,17.95,66188.0,-0.82,18.25,11987.0,355.0,18.09,25.0,18.12,46.46,2.37,208.83,214.67
sz002213,13.54,13.68,13.68,13.3,15925.0,-1.02,13.68,2157.0,36.0,13.53,250.0,13.55,286.26,7.38,27.89,27.89
sz002214,18.74,18.52,18.82,18.31,28548.0,1.19,18.52,5321.0,160.0,18.73,29.0,18.75,29.8,4.5,80.27,112.3
sz002215,5.21,5.21,5.26,5.17,47685.0,-0.95,5.26,2487.0,1192.0,5.19,36.0,5.21,25.88,1.97,37.33,47.61
sz002216,17.81,17.69,18.13,17.63,87301.0,-0.28,17.86,15555.0,565.0,17.8,375.0,17.82,22.82,4.89,112.23,156.58
sz002217,3.57,3.56,3.61,3.55,192313.0,-0.28,3.58,6871.0,3321.0,3.55,3211.0,3.57,-3.55,1.24,111.14,111.26
sz002218,5.43,5.2,5.5,5.17,997795.0,3.04,5.27,53590.0,3571.0,5.42,8419.0,5.44,41.36,2.12,66.01,67.13
sz002219,3.48,3.51,3.59,3.46,118185.0,-1.69,3.54,4137.0,3365.0,3.46,951.0,3.48,-94.8,75.0,64.17,64.91
sz002221,10.75,10.72,10.81,10.67,62732.0,-0.46,10.8,6730.0,473.0,10.74,520.0,10.76,13.48,1.68,164.66,177.27
sz002222,16.26,15.78,16.36,15.5,187934.0,2.26,15.9,30111.0,80.0,16.25,182.0,16.27,44.33,6.48,68.77,69.51
sz002223,41.43,37.3,41.45,37.15,453475.0,9.95,37.68,183897.0,5784.0,41.42,400.0,41.44,22.62,5.73,348.42,415.33
sz002224,4.77,4.65,4.79,4.65,61036.0,2.14,4.67,2902.0,1772.0,4.75,136.0,4.77,22.15,1.52,25.88,34.8
sz002225,4.22,4.2,4.22,4.19,19800.0,0.0,4.22,832.0,541.0,4.2,2829.0,4.22,14.1,1.43,34.26,42.64
sz002226,5.23,5.05,5.56,5.03,251569.0,2.95,5.08,13328.0,1371.0,5.22,1243.0,5.24,16.47,1.41,70.16,91.45
sz002227,17.7,16.7,17.94,16.58,73301.0,5.55,16.77,12873.0,415.0,17.69,29.0,17.71,390.92,4.77,38.99,39.05
sz002228,3.72,3.72,3.74,3.7,39060.0,0.0,3.72,1456.0,2126.0,3.71,130.0,3.73,14.65,1.33,45.93,46.08
sz002229,6.37,6.3,6.4,6.26,36103.0,0.47,6.34,2288.0,93.0,6.35,113.0,6.37,58.69,1.88,31.74,31.74
sz002230,64.26,63.05,64.65,62.55,276585.0,0.71,63.81,176199.0,76.0,64.25,14.0,64.27,87.43,11.53,1333.67,1429.23
sz002231,5.41,5.41,5.47,5.37,26693.0,-0.55,5.44,1446.0,398.0,5.39,29.0,5.41,-12.46,4.42,19.3,19.3
sz002232,12.87,12.8,13.1,12.46,309599.0,0.63,12.79,39487.0,772.0,12.86,149.0,12.88,41.09,4.08,52.58,52.58
sz002233,10.35,10.37,10.49,10.33,69635.0,-0.48,10.4,7230.0,283.0,10.34,477.0,10.36,6.82,1.21,123.36,123.4
sz002234,14.83,15.18,15.25,14.75,41586.0,-1.79,15.1,6189.0,163.0,14.82,142.0,14.84,94.94,1.61,30.57,51.75
sz002235,4.81,4.91,4.92,4.79,142505.0,-1.84,4.9,6878.0,3229.0,4.8,336.0,4.82,-4.56,2.25,26.37,27.88
sz002236,20.75,20.16,20.93,20.1,293152.0,2.52,20.24,60500.0,66.0,20.74,413.0,20.76,15.81,3.12,405.41,621.58
sz002237,11.82,11.79,11.85,11.71,63262.0,-0.51,11.88,7452.0,18.0,11.81,576.0,11.83,32.94,1.8,107.61,135.7
sz002238,6.1,6.14,6.17,6.08,27675.0,-1.13,6.17,1692.0,358.0,6.08,1014.0,6.1,28.95,2.27,48.96,48.96
sz002239,3.94,3.73,4.0,3.73,1515956.0,4.23,3.78,59409.0,8668.0,3.92,4260.0,3.94,-49.92,2.36,123.37,127.78
sz002240,35.97,32.87,35.97,31.97,550539.0,10.0,32.7,191861.0,52349.0,35.96,0.0,0.0,143.13,8.1,250.49,269.67
sz002241,42.61,42.0,43.12,41.3,751467.0,0.09,42.57,318920.0,1209.0,42.59,1054.0,42.61,41.36,6.31,1268.6,1455.69
sz002242,32.78,31.98,32.95,31.8,26043.0,3.18,31.77,8472.0,6.0,32.76,55.0,32.78,25.83,5.63,250.56,251.43
sz002243,9.18,9.14,9.28,9.05,37781.0,-0.11,9.19,3466.0,309.0,9.17,215.0,9.19,18.83,1.92,50.34,111.13
sz002244,4.25,4.26,4.26,4.22,64894.0,0.0,4.25,2753.0,658.0,4.24,4448.0,4.26,5.4,0.73,114.43,132.24
sz002245,21.88,21.32,22.39,21.12,601389.0,2.53,21.34,131553.0,1493.0,21.87,236.0,21.89,52.99,7.43,212.01,226.64
sz002246,7.18,7.07,7.22,7.07,28441.0,0.98,7.11,2043.0,144.0,7.17,1312.0,7.19,34.2,1.49,39.42,39.42
sz002247,2.88,2.93,2.96,2.87,209212.0,-2.7,2.96,6068.0,2782.0,2.87,1033.0,2.89,12.11,3.95,17.02,24.51
sz002248,6.61,6.67,6.95,6.6,78681.0,-0.6,6.65,5298.0,1095.0,6.59,646.0,6.61,-29.05,37.84,19.61,20.33
sz002249,4.9,4.81,4.92,4.78,389194.0,1.66,4.82,19004.0,1934.0,4.89,7128.0,4.91,55.03,1.33,82.51,115.91
sz002250,25.95,25.98,26.29,25.5,37132.0,-0.19,26.0,9601.0,37.0,25.9,12.0,25.95,103.81,3.92,238.28,239.58
sz002251,7.47,7.54,7.59,7.45,62331.0,-1.19,7.56,4669.0,101.0,7.45,3000.0,7.47,56.12,0.95,64.53,64.53
sz002252,7.28,7.27,7.32,7.19,259164.0,-0.27,7.3,18772.0,319.0,7.26,88.0,7.28,34.1,1.93,361.98,490.73
sz002253,16.37,16.29,16.41,15.86,110688.0,-0.55,16.46,17835.0,265.0,16.36,324.0,16.38,53.0,2.61,33.95,36.93
sz002254,20.69,20.0,20.76,19.9,239747.0,5.03,19.7,49042.0,284.0,20.67,122.0,20.69,36.74,4.48,87.48,141.6
sz002255,4.37,4.34,4.37,4.3,49200.0,0.46,4.35,2134.0,339.0,4.36,1678.0,4.38,4.43,1.26,28.15,36.81
sz002256,2.98,2.92,3.05,2.91,620773.0,2.41,2.91,18489.0,3967.0,2.96,6173.0,2.98,118.99,3.43,41.46,56.1
sz002258,23.84,23.73,24.45,23.49,115839.0,-0.63,23.99,27645.0,137.0,23.82,22.0,23.84,16.71,3.21,124.62,125.23
sz002259,3.51,3.41,3.58,3.41,26282.0,0.29,3.5,921.0,864.0,3.5,173.0,3.52,17.14,34.24,26.41,26.41
sz002260,3.15,0.0,0.0,0.0,0.0,0.0,3.15,0.0,0.0,0.0,0.0,0.0,-85.19,2.25,8.35,17.54
sz002261,10.11,9.94,10.21,9.8,879258.0,-1.56,10.27,88265.0,277.0,10.1,834.0,10.12,223.3,4.36,95.42,111.29
sz002262,15.21,14.93,15.26,14.86,35808.0,1.26,15.02,5412.0,151.0,15.2,1.0,15.22,20.2,3.66,133.58,153.25
sz002263,2.86,2.77,2.9,2.76,488656.0,2.88,2.78,13914.0,3875.0,2.84,1670.0,2.86,24.65,2.19,53.72,53.72
sz002264,4.22,4.23,4.26,4.21,19130.0,-0.24,4.23,810.0,808.0,4.21,1.0,4.23,17.76,2.64,28.24,28.89
sz002265,6.7,6.72,6.77,6.63,11530.0,-0.15,6.71,773.0,36.0,6.68,66.0,6.7,-51.55,2.44,20.45,21.34
sz002266,4.94,4.96,4.98,4.91,131015.0,-0.2,4.95,6465.0,97.0,4.92,2879.0,4.94,14.45,3.3,138.69,265.27
sz002267,6.88,6.85,6.91,6.85,14084.0,0.29,6.86,968.0,80.0,6.87,104.0,6.89,19.61,1.17,76.51,76.51
sz002268,19.25,19.1,19.31,18.75,81718.0,0.47,19.16,15596.0,1364.0,19.24,137.0,19.26,73.69,3.45,161.07,162.91
sz002269,3.32,3.21,3.44,3.21,1239919.0,1.84,3.26,41098.0,9891.0,3.31,4554.0,3.33,-16.08,6.38,83.42,83.42
sz002270,4.66,4.68,4.68,4.64,23920.0,-0.64,4.69,1113.0,406.0,4.65,326.0,4.67,22.61,1.35,35.38,35.38
sz002271,54.57,53.45,55.5,52.88,149566.0,2.46,53.26,82034.0,138.0,54.56,31.0,54.58,38.75,4.57,949.73,1377.11
sz002272,5.3,5.27,5.36,5.27,77621.0,-0.19,5.31,4120.0,48.0,5.29,494.0,5.31,26.52,1.63,17.5,23.13
sz002273,13.81,13.57,13.85,13.32,385260.0,0.95,13.68,52602.0,1177.0,13.79,557.0,13.81,36.57,3.07,162.97,168.16
sz002274,11.14,11.1,11.44,10.87,594533.0,-0.36,11.18,66445.0,183.0,11.13,1775.0,11.15,21.65,3.54,104.49,106.09
sz002275,13.53,13.4,13.66,13.4,17898.0,0.0,13.53,2424.0,79.0,13.52,97.0,13.55,26.81,2.82,72.85,79.85
sz002276,6.66,6.56,6.7,6.56,52868.0,0.45,6.63,3513.0,678.0,6.65,983.0,6.67,25.31,1.58,68.95,68.96
sz002277,3.4,3.38,3.42,3.37,55526.0,0.0,3.4,1884.0,3949.0,3.38,1698.0,3.4,22.28,0.68,47.4,47.4
sz002278,5.82,5.87,5.94,5.82,20981.0,-0.85,5.87,1233.0,465.0,5.81,133.0,5.83,61.13,1.92,19.62,21.18
sz002279,5.08,5.19,5.19,5.04,71959.0,-1.55,5.16,3656.0,288.0,5.07,1167.0,5.09,35.92,4.2,32.59,36.13
sz002280,6.72,6.72,6.72,6.55,593225.0,9.98,6.11,39734.0,137775.0,6.71,0.0,0.0,110.71,7.47,118.37,146.3
sz002281,23.56,23.01,23.7,22.9,73255.0,1.64,23.18,17058.0,228.0,23.55,167.0,23.57,26.31,3.14,156.41,164.34
sz002282,11.17,11.05,11.32,11.03,35269.0,0.27,11.14,3941.0,10.0,11.13,285.0,11.17,36.57,1.88,35.74,60.76
sz002283,5.39,5.39,5.46,5.37,78485.0,-0.37,5.41,4244.0,2520.0,5.37,183.0,5.39,10.34,1.19,53.46,61.21
sz002284,8.19,8.17,8.24,8.0,206402.0,0.37,8.16,16726.0,379.0,8.17,1612.0,8.19,95.44,2.43,56.19,60.42
sz002285,6.4,6.35,6.5,6.26,361759.0,0.95,6.34,23110.0,1531.0,6.38,9.0,6.4,44.63,2.61,128.88,130.15
sz002286,9.85,9.81,9.97,9.8,58858.0,-0.3,9.88,5805.0,381.0,9.84,84.0,9.86,81.43,2.29,36.37,36.37
sz002287,27.2,27.0,27.35,26.72,32969.0,-0.29,27.28,8919.0,280.0,27.19,29.0,27.22,31.33,5.57,143.6,144.26
sz002288,8.5,8.4,8.65,8.13,865680.0,-1.16,8.6,73115.0,1610.0,8.49,589.0,8.51,93.22,4.89,78.99,79.19
sz002289,9.86,9.6,10.2,9.48,77133.0,1.65,9.7,7620.0,89.0,9.85,55.0,9.87,-91.46,9.42,26.1,27.63
sz002290,8.1,7.85,8.2,7.84,31165.0,2.4,7.91,2518.0,48.0,8.09,1142.0,8.11,24.45,4.13,17.53,19.66
sz002291,19.91,18.19,20.06,18.01,328961.0,9.16,18.24,64320.0,16.0,19.9,233.0,19.92,178.66,4.37,122.38,148.09
sz002292,6.39,6.28,6.41,6.08,214338.0,1.59,6.29,13332.0,767.0,6.38,1418.0,6.4,-22.6,2.68,52.02,86.72
sz002293,13.49,13.45,13.72,13.39,33020.0,-0.37,13.54,4464.0,451.0,13.46,18.0,13.49,16.03,2.8,110.72,111.65
sz002294,29.55,29.4,30.28,29.18,36163.0,0.41,29.43,10762.0,11.0,29.52,89.0,29.55,500.41,4.34,309.0,329.43
sz002295,6.95,6.79,6.99,6.74,23601.0,1.91,6.82,1633.0,85.0,6.91,152.0,6.95,22.62,1.4,17.39,17.42
sz002296,6.82,6.77,6.84,6.74,21069.0,0.0,6.82,1435.0,511.0,6.8,169.0,6.82,26.37,1.68,23.01,26.57
sz002297,7.54,7.33,7.56,7.31,106004.0,2.17,7.38,7924.0,1045.0,7.52,512.0,7.54,106.35,2.55,35.54,35.54
sz002298,7.08,7.09,7.13,7.04,69983.0,-0.98,7.15,4956.0,450.0,7.07,59.0,7.09,17.11,1.08,39.89,52.4
sz002299,22.18,22.87,23.07,22.05,142164.0,-2.93,22.85,31716.0,429.0,22.16,856.0,22.18,19.43,2.87,271.77,276.01
sz002300,5.57,5.59,5.59,5.54,19938.0,0.54,5.54,1108.0,30.0,5.55,718.0,5.57,17.58,2.36,36.57,36.58
sz002301,9.56,9.65,9.71,9.45,31743.0,-0.83,9.64,3037.0,451.0,9.55,50.0,9.57,34.43,1.97,70.05,70.17
sz002302,7.9,7.92,7.96,7.87,37586.0,-0.38,7.93,2967.0,300.0,7.88,241.0,7.9,10.04,1.28,99.73,99.73
sz002303,3.46,3.45,3.47,3.44,42694.0,0.0,3.46,1473.0,132.0,3.45,3201.0,3.47,28.16,1.13,31.83,52.98
sz002304,202.39,206.5,207.0,201.05,70131.0,-2.25,207.04,142517.0,403.0,202.38,5.0,202.4,41.54,7.2,2524.85,3049.99
sz002305,1.99,2.0,2.01,1.98,104327.0,-1.0,2.01,2078.0,4971.0,1.98,9892.0,2.0,52.05,0.89,34.48,34.51
sz002306,3.09,3.09,3.14,3.07,25933.0,-0.32,3.1,804.0,520.0,3.08,769.0,3.1,-306.73,51.93,24.89,25.96
sz002307,4.52,4.54,4.56,4.51,27157.0,-0.88,4.56,1230.0,1545.0,4.51,5.0,4.53,92.38,1.58,21.46,54.64
sz002308,4.23,4.21,4.24,4.2,35497.0,0.0,4.23,1498.0,1003.0,4.22,2100.0,4.24,229.59,1.66,38.33,38.33
sz002309,5.96,5.95,6.05,5.86,200996.0,0.0,5.96,11957.0,1576.0,5.94,260.0,5.96,-1.92,0.92,41.62,51.96
sz002310,3.31,3.34,3.35,3.31,87706.0,-0.9,3.34,2910.0,1359.0,3.3,621.0,3.32,-16.97,0.77,83.45,88.89
sz002311,77.78,78.13,78.99,77.35,60346.0,-0.42,78.11,46991.0,79.0,77.77,407.0,77.79,44.15,9.23,1289.31,1292.05
sz002312,10.37,9.46,10.37,9.3,1203961.0,9.97,9.43,120430.0,16747.0,10.36,0.0,0.0,23.71,3.09,137.34,182.92
sz002313,11.1,11.22,11.33,11.04,24596.0,-1.77,11.3,2734.0,46.0,11.08,36.0,11.1,-7.91,1.54,41.5,41.56
sz002314,3.21,3.21,3.23,3.19,33471.0,-0.62,3.23,1074.0,3508.0,3.2,873.0,3.22,6.66,0.95,42.95,86.92
sz002315,17.67,17.34,17.78,17.32,23993.0,0.51,17.58,4222.0,40.0,17.66,2.0,17.68,25.32,2.52,31.85,53.98
sz002316,5.22,5.2,5.27,5.17,99811.0,-0.76,5.26,5196.0,5376.0,5.2,146.0,5.22,-4.35,9.32,15.32,20.52
sz002317,8.59,8.7,8.75,8.47,126244.0,-1.94,8.76,10817.0,397.0,8.58,184.0,8.6,-16.56,1.99,61.25,69.96
sz002318,11.4,11.3,11.41,11.06,110351.0,1.15,11.27,12416.0,859.0,11.38,662.0,11.41,13.35,2.5,108.7,111.4
sz002319,14.37,14.59,14.98,14.3,81636.0,-0.21,14.4,11867.0,32.0,14.34,838.0,14.37,274.01,20.58,28.74,28.74
sz002320,5.78,5.76,5.79,5.73,50513.0,0.17,5.77,2906.0,373.0,5.76,760.0,5.78,44.34,3.18,128.83,128.83
sz002321,3.03,3.02,3.08,3.0,112386.0,-1.3,3.07,3415.0,1246.0,3.01,1032.0,3.03,-1.81,1.1,16.09,16.19
sz002322,10.36,10.54,10.67,10.29,44547.0,-3.0,10.68,4632.0,63.0,10.35,4.0,10.37,16.51,1.42,38.78,41.09
sz002323,3.34,3.33,3.47,3.26,33158.0,-0.89,3.37,1118.0,65.0,3.33,347.0,3.35,-67.54,51.94,10.77,24.91
sz002324,11.35,11.31,11.51,11.28,73488.0,-0.44,11.4,8356.0,115.0,11.33,379.0,11.35,27.57,4.15,71.79,115.1
sz002325,2.46,2.48,2.5,2.45,46083.0,-1.6,2.5,1137.0,4612.0,2.44,1455.0,2.46,-9.0,1.14,23.69,31.22
sz002326,21.62,19.72,22.38,19.66,823219.0,6.19,20.36,172328.0,2.0,21.61,430.0,21.63,141.74,5.54,144.87,189.51
sz002327,7.67,7.6,7.68,7.58,13165.0,0.92,7.6,1005.0,23.0,7.65,39.0,7.67,11.9,1.97,37.33,63.44
sz002328,4.96,4.86,5.02,4.84,113963.0,1.22,4.9,5645.0,1027.0,4.94,2785.0,4.96,24.2,1.45,27.92,38.28
sz002329,4.92,5.06,5.1,4.92,155217.0,-2.77,5.06,7730.0,992.0,4.91,2265.0,4.93,-47.56,2.02,26.23,41.21
sz002330,5.59,5.6,5.6,5.55,11476.0,0.0,5.59,640.0,313.0,5.57,25.0,5.59,94.79,2.04,28.05,28.19
sz002331,11.33,10.78,11.38,10.71,84862.0,4.23,10.87,9458.0,253.0,11.32,501.0,11.34,-23.16,2.4,43.38,46.67
sz002332,12.05,12.19,12.19,11.88,77277.0,-0.74,12.14,9282.0,88.0,12.03,92.0,12.05,21.76,2.72,115.98,119.2
sz002333,5.47,5.32,5.48,5.28,25019.0,3.01,5.31,1350.0,46.0,5.45,479.0,5.47,67.63,1.99,23.39,35.7
sz002334,5.95,5.76,6.04,5.72,485195.0,2.59,5.8,28812.0,1209.0,5.93,2090.0,5.95,26.62,2.54,37.66,44.83
sz002335,25.6,25.22,26.3,24.03,411488.0,0.0,25.6,102524.0,220.0,25.59,45.0,25.63,26.36,3.7,101.15,118.16
sz002336,4.61,4.55,4.62,4.54,7178.0,0.66,4.58,329.0,55.0,4.6,2.0,4.62,-27.45,1.49,17.2,20.28
sz002337,3.08,3.07,3.08,3.04,29907.0,0.33,3.07,917.0,580.0,3.06,1124.0,3.09,-18.9,1.65,18.1,18.13
sz002338,19.05,18.87,19.15,18.8,22790.0,-0.68,19.18,4330.0,725.0,19.04,24.0,19.06,80.52,5.03,45.72,45.72
sz002339,6.13,6.14,6.17,6.09,30152.0,-0.33,6.15,1845.0,183.0,6.11,90.0,6.13,34.86,1.76,29.52,31.37
sz002340,10.35,9.7,10.54,9.62,5139252.0,6.05,9.76,525962.0,10042.0,10.33,5758.0,10.35,85.63,3.66,492.87,495.09
sz002341,5.21,4.91,5.34,4.88,845958.0,5.68,4.93,44009.0,579.0,5.2,7643.0,5.22,-4.83,1.64,49.85,60.03
sz002342,4.54,4.49,4.61,4.48,230415.0,0.22,4.53,10506.0,2087.0,4.53,2565.0,4.55,129.07,1.77,40.01,43.58
sz002343,4.97,4.95,5.02,4.95,40396.0,-0.2,4.98,2013.0,498.0,4.96,436.0,4.98,-6.69,2.14,23.54,23.6
sz002344,4.02,4.01,4.03,4.0,30837.0,0.0,4.02,1239.0,2466.0,4.0,1805.0,4.02,22.85,0.66,51.52,51.57
sz002345,5.5,5.53,5.57,5.45,163777.0,-0.9,5.55,9000.0,921.0,5.49,2433.0,5.51,18.6,1.48,48.66,49.8
sz002346,19.9,20.59,20.59,19.0,373027.0,4.57,19.03,74525.0,951.0,19.89,168.0,19.91,39.64,4.35,78.53,87.87
sz002347,4.49,4.47,4.52,4.41,60848.0,0.67,4.46,2722.0,53.0,4.47,748.0,4.49,59.08,1.76,14.22,20.07
sz002348,2.39,2.37,2.42,2.35,216174.0,0.84,2.37,5173.0,79.0,2.38,5313.0,2.4,-11.48,3.04,20.42,22.64
sz002349,5.16,5.2,5.27,5.14,131811.0,-1.53,5.24,6832.0,196.0,5.15,212.0,5.17,37.92,1.99,42.34,43.12
sz002350,5.58,5.52,5.62,5.46,74092.0,0.0,5.58,4105.0,676.0,5.57,944.0,5.59,40.13,1.67,29.98,30.26
sz002351,13.47,13.38,13.51,13.27,46793.0,0.15,13.45,6288.0,10.0,13.46,529.0,13.48,39.26,6.09,66.27,119.76
sz002352,66.81,65.0,67.31,64.82,167590.0,2.71,65.05,110872.0,650.0,66.8,89.0,66.82,56.06,5.55,2999.98,3044.16
sz002353,45.04,45.36,46.39,43.6,97454.0,-3.14,46.5,43754.0,22.0,45.02,2.0,45.04,24.7,3.79,272.39,431.42
sz002354,3.74,3.74,3.78,3.69,85546.0,0.0,3.74,3186.0,808.0,3.73,64.0,3.75,25.67,2.22,54.43,62.2
sz002355,7.18,6.82,7.3,6.75,236264.0,3.01,6.97,16634.0,113.0,7.17,511.0,7.19,-14.01,1.81,44.31,44.56
sz002356,3.3,3.38,3.45,3.27,93039.0,-2.94,3.4,3116.0,1154.0,3.28,1296.0,3.3,-3.5,-0.74,17.37,17.42
sz002357,5.34,5.4,5.49,5.25,126618.0,-2.38,5.47,6757.0,358.0,5.33,322.0,5.35,17.95,1.3,16.74,16.74
sz002358,3.17,2.98,3.17,2.97,228001.0,4.97,3.02,7088.0,35797.0,3.16,0.0,0.0,-2.98,0.83,28.86,29.47
sz002359,0.3,0.3,0.31,0.29,282535.0,-3.23,0.31,838.0,30873.0,0.28,21873.0,0.3,-0.23,0.36,2.49,3.26
sz002360,8.17,7.95,8.24,7.88,95769.0,2.51,7.97,7797.0,858.0,8.15,1058.0,8.17,19.03,2.66,25.18,32.54
sz002361,4.77,4.78,4.8,4.72,51269.0,0.0,4.77,2442.0,456.0,4.76,237.0,4.78,39.55,2.3,31.89,39.95
sz002362,20.3,20.26,20.8,19.88,46146.0,-0.34,20.37,9292.0,157.0,20.29,126.0,20.31,41.55,3.27,36.31,49.62
sz002363,4.98,4.96,5.0,4.9,81488.0,-1.19,5.04,4034.0,153.0,4.96,819.0,4.98,47.84,0.96,20.7,20.72
sz002364,8.33,8.32,8.36,8.21,42524.0,0.12,8.32,3525.0,361.0,8.32,522.0,8.34,36.65,2.15,43.65,46.94
sz002365,9.73,9.67,9.8,9.62,32448.0,0.31,9.7,3148.0,534.0,9.71,16.0,9.73,26.44,1.62,23.66,28.67
sz002366,3.54,3.57,3.57,3.51,93319.0,0.28,3.53,3306.0,1499.0,3.53,5677.0,3.55,-2.07,3.96,21.4,30.69
sz002367,8.6,8.61,8.62,8.55,27521.0,-0.81,8.67,2362.0,314.0,8.59,769.0,8.61,12.75,2.41,45.1,68.6
sz002368,20.78,20.7,20.98,20.51,68840.0,-0.72,20.93,14295.0,526.0,20.77,131.0,20.79,32.17,3.59,119.73,120.45
sz002369,5.6,5.6,5.65,5.56,49862.0,0.0,5.6,2796.0,734.0,5.59,519.0,5.61,-5.31,2.38,32.24,32.3
sz002370,5.16,5.16,5.3,5.08,187622.0,-0.39,5.18,9769.0,1885.0,5.14,1452.0,5.16,98.39,6.4,23.91,27.69
sz002371,308.29,281.0,312.5,275.0,97375.0,6.67,289.0,290604.0,6.0,308.28,3.0,308.38,262.4,22.33,1416.39,1530.73
sz002372,20.0,20.2,20.35,19.7,64543.0,-0.79,20.16,12868.0,100.0,19.99,13.0,20.01,26.12,8.67,284.22,318.42
sz002373,16.33,16.14,16.34,15.96,133420.0,1.05,16.16,21570.0,457.0,16.31,252.0,16.33,23.35,2.17,200.45,258.16
sz002374,2.7,2.7,2.75,2.66,193253.0,0.0,2.7,5209.0,1334.0,2.69,1729.0,2.71,-20.02,1.08,26.41,29.37
sz002375,7.24,7.29,7.35,7.23,95496.0,-1.76,7.37,6948.0,777.0,7.23,78.0,7.25,29.26,1.16,96.36,97.02
sz002376,8.97,8.87,9.01,8.85,42914.0,0.9,8.89,3830.0,129.0,8.96,282.0,8.98,30.79,1.81,57.44,59.72
sz002377,3.3,3.3,3.42,3.29,36753.0,0.61,3.28,1218.0,220.0,3.29,764.0,3.31,-0.99,1.39,30.23,30.24
sz002378,10.45,9.7,10.68,9.6,721877.0,4.81,9.97,73835.0,806.0,10.43,7034.0,10.45,104.08,5.69,95.61,96.58
sz002379,3.35,3.3,3.39,3.26,147967.0,1.82,3.29,4948.0,1125.0,3.34,3295.0,3.36,-22.19,2.24,31.03,31.03
sz002380,14.05,14.08,14.18,13.89,28674.0,-0.92,14.18,4021.0,59.0,14.04,163.0,14.06,26.29,1.5,19.88,33.72
sz002381,8.15,8.12,8.18,8.09,22340.0,0.37,8.12,1816.0,245.0,8.14,392.0,8.16,10.49,1.84,26.24,33.54
sz002382,20.1,20.05,20.2,19.93,140182.0,0.65,19.97,28099.0,94.0,20.09,405.0,20.11,6.07,1.68,201.33,202.35
sz002383,7.62,7.75,7.78,7.6,118469.0,-2.18,7.79,9084.0,1508.0,7.61,5.0,7.63,-5.44,3.49,43.99,56.72
sz002384,20.02,19.78,20.25,19.6,274699.0,0.65,19.89,54864.0,467.0,20.01,116.0,20.03,21.84,2.57,278.33,342.32
sz002385,7.39,7.5,7.68,7.32,1243530.0,-2.12,7.55,92440.0,2301.0,7.38,2548.0,7.4,16.27,2.74,214.9,306.04
sz002386,10.6,10.11,10.88,9.9,606964.0,3.31,10.26,63463.0,212.0,10.59,788.0,10.61,32.44,1.6,82.74,82.77
sz002387,10.62,10.72,10.77,10.45,159514.0,-1.03,10.73,16933.0,319.0,10.6,667.0,10.62,4043.63,0.99,145.2,145.25
sz002388,5.49,5.54,5.57,5.48,31063.0,-1.61,5.58,1713.0,676.0,5.47,838.0,5.49,37.69,2.26,26.53,28.02
sz002389,20.13,19.8,20.5,19.8,147884.0,0.9,19.95,29830.0,61.0,20.11,154.0,20.13,66.18,2.89,174.71,190.44
sz002390,9.36,8.75,9.43,8.7,244700.0,6.12,8.82,22322.0,686.0,9.35,601.0,9.37,73.34,2.92,145.58,189.75
sz002391,6.89,6.9,6.93,6.85,34617.0,-0.58,6.93,2381.0,2.0,6.87,229.0,6.89,22.41,1.05,31.86,45.05
sz002392,4.2,4.23,4.23,4.19,74552.0,-0.71,4.23,3134.0,378.0,4.19,1867.0,4.21,10.69,1.18,37.4,50.0
sz002393,18.95,18.87,19.09,18.85,8101.0,-0.21,18.99,1536.0,40.0,18.93,25.0,18.95,331.9,0.8,34.58,34.58
sz002394,8.09,8.11,8.12,8.08,8702.0,-0.25,8.11,705.0,149.0,8.08,240.0,8.11,7.2,0.74,26.13,26.92
sz002395,11.39,11.36,11.44,11.28,4636.0,0.26,11.36,527.0,129.0,11.37,17.0,11.39,51.42,3.49,30.55,30.55
sz002396,21.79,21.7,22.08,21.51,93192.0,-0.41,21.88,20324.0,256.0,21.78,154.0,21.8,24.22,3.0,127.1,127.1
sz002397,4.02,4.0,4.04,3.99,46405.0,-0.5,4.04,1864.0,980.0,4.01,1047.0,4.03,62.52,1.7,19.23,30.48
sz002398,7.24,7.27,7.31,7.16,46638.0,-0.41,7.27,3387.0,113.0,7.22,81.0,7.24,13.32,1.63,40.3,52.16
sz002399,15.39,15.55,15.56,15.36,22090.0,-0.39,15.45,3410.0,569.0,15.37,132.0,15.39,24.75,1.96,191.94,225.82
sz002400,5.16,5.11,5.21,5.09,322194.0,0.39,5.14,16614.0,2855.0,5.15,7231.0,5.17,-9.77,2.01,87.06,89.96
sz002401,11.9,11.96,11.99,11.79,25452.0,-0.58,11.97,3032.0,112.0,11.89,418.0,11.91,24.24,3.13,35.98,36.91
sz002402,25.8,25.41,25.98,25.19,305314.0,1.57,25.4,78148.0,293.0,25.78,3556.0,25.8,53.33,7.73,206.86,235.82
sz002403,7.6,7.67,7.72,7.5,51888.0,-2.19,7.77,3936.0,270.0,7.59,141.0,7.61,17.44,1.18,23.99,26.62
sz002404,6.09,6.07,6.12,6.05,34609.0,0.0,6.09,2108.0,476.0,6.08,963.0,6.1,22.21,2.09,27.95,35.18
sz002405,14.04,14.0,14.24,13.81,339717.0,-0.43,14.1,47650.0,1475.0,14.03,2036.0,14.05,-113.53,2.74,271.96,320.27
sz002406,6.58,6.54,6.62,6.5,69404.0,0.0,6.58,4571.0,410.0,6.56,897.0,6.58,11.48,1.24,32.65,41.07
sz002407,40.24,39.35,41.3,38.55,808920.0,-0.59,40.48,325187.0,3883.0,40.22,1060.0,40.24,219.2,7.4,236.69,308.31
sz002408,12.07,11.86,12.16,11.75,339562.0,1.34,11.91,40551.0,1761.0,12.06,760.0,12.08,16.68,2.43,234.9,240.92
sz002409,84.0,80.08,84.66,78.65,72255.0,3.13,81.45,59277.0,3.0,83.98,77.0,84.0,92.86,8.2,248.1,388.8
sz002410,67.07,64.2,67.11,64.15,73460.0,4.49,64.19,48374.0,27.0,67.05,268.0,67.07,224.85,12.62,664.57,796.13
sz002411,6.12,5.76,6.26,5.76,773618.0,3.55,5.91,46874.0,467.0,6.1,2514.0,6.12,-9.56,1.08,93.78,93.78
sz002412,6.14,6.13,6.18,6.09,31138.0,-0.16,6.15,1908.0,441.0,6.13,155.0,6.15,26.88,1.89,30.31,30.9
sz002413,6.69,6.55,6.72,6.5,206709.0,1.52,6.59,13628.0,2508.0,6.68,3151.0,6.7,48.82,1.79,71.99,85.51
sz002414,25.5,25.34,25.64,25.19,124321.0,0.28,25.43,31637.0,831.0,25.48,572.0,25.5,55.38,8.46,446.02,598.37
sz002415,61.77,60.49,62.22,60.15,260907.0,1.9,60.62,160402.0,111.0,61.75,128.0,61.77,41.02,11.9,5029.88,5766.73
sz002416,11.59,11.11,11.83,10.96,306190.0,4.32,11.11,35311.0,168.0,11.58,1473.0,11.6,19.73,2.83,141.71,143.63
sz002417,6.35,6.31,6.39,6.26,24621.0,0.16,6.34,1556.0,524.0,6.33,108.0,6.35,183.34,6.78,14.96,17.14
sz002418,3.67,3.26,3.67,3.26,981776.0,9.88,3.34,34766.0,64960.0,3.66,0.0,0.0,56.22,2.86,41.68,41.71
sz002419,6.54,6.57,6.58,6.5,32922.0,-0.46,6.57,2149.0,5.0,6.51,259.0,6.54,21.2,1.21,78.48,78.5
sz002420,4.6,4.58,4.65,4.56,16779.0,0.22,4.59,773.0,108.0,4.59,699.0,4.62,23.24,3.11,18.02,18.45
sz002421,3.74,3.73,3.75,3.68,165496.0,0.27,3.73,6150.0,3707.0,3.72,937.0,3.74,20.85,2.34,66.26,71.98
sz002422,19.64,19.58,19.7,19.51,69242.0,-0.15,19.67,13596.0,485.0,19.63,37.0,19.65,28.48,2.08,212.41,279.95
sz002423,8.88,8.93,9.01,8.75,27184.0,-1.0,8.97,2404.0,238.0,8.85,21.0,8.88,19.25,1.18,44.67,204.6
sz002424,7.1,7.1,7.16,7.02,91275.0,-0.14,7.11,6481.0,837.0,7.09,135.0,7.11,76.93,2.54,66.45,100.2
sz002425,9.05,9.1,9.21,9.03,199064.0,-0.11,9.06,18095.0,1108.0,9.04,821.0,9.06,45.19,1.67,73.58,86.58
sz002426,3.25,3.25,3.25,3.16,776075.0,-0.31,3.26,24928.0,14422.0,3.23,6447.0,3.25,170.98,2.45,95.66,111.85
sz002427,5.81,5.81,5.99,5.8,10254.0,0.0,5.81,601.0,654.0,5.79,9.0,5.81,-3.47,-387.33,25.39,25.45
sz002428,13.33,12.75,13.55,12.66,469565.0,2.93,12.95,62234.0,1638.0,13.31,973.0,13.33,235.78,5.92,85.89,87.06
sz002429,5.82,5.75,5.87,5.71,340233.0,0.34,5.8,19662.0,2583.0,5.8,654.0,5.82,12.99,2.22,261.68,263.47
sz002430,35.06,33.03,35.18,32.7,103044.0,7.05,32.75,35410.0,170.0,35.05,45.0,35.07,33.45,5.27,337.89,338.19
sz002431,2.88,2.89,2.9,2.88,36643.0,-0.35,2.89,1057.0,2746.0,2.87,1031.0,2.89,33.75,0.97,42.0,42.83
sz002432,7.38,7.32,7.38,7.27,26726.0,0.96,7.31,1957.0,1194.0,7.36,596.0,7.38,15.07,1.6,31.94,35.32
sz002433,4.59,4.7,4.76,4.5,445676.0,-3.57,4.76,20445.0,4947.0,4.58,1109.0,4.6,-66.9,0.68,34.17,35.19
sz002434,8.83,8.46,8.9,8.43,231909.0,3.88,8.5,20374.0,1427.0,8.82,2180.0,8.84,17.75,1.9,118.24,118.32
sz002435,5.28,5.32,5.35,5.26,123865.0,-0.56,5.31,6548.0,1068.0,5.26,1013.0,5.28,22.7,1.25,63.34,65.26
sz002436,11.91,11.2,11.99,11.03,987603.0,6.53,11.18,114442.0,1697.0,11.89,454.0,11.91,30.36,5.73,151.53,177.21
sz002437,2.55,2.56,2.57,2.55,79260.0,-0.78,2.57,2028.0,17487.0,2.54,340.0,2.56,-23.69,3.0,55.51,56.05
sz002438,11.14,11.21,11.34,10.99,55744.0,-1.5,11.31,6221.0,1839.0,11.12,92.0,11.14,22.45,2.46,50.62,54.11
sz002439,29.17,28.69,29.26,28.21,101416.0,1.57,28.72,29345.0,47.0,29.15,97.0,29.17,33.7,4.63,211.06,272.33
sz002440,8.87,8.89,8.92,8.86,34227.0,-0.22,8.89,3043.0,728.0,8.86,138.0,8.89,13.9,1.15,84.06,102.05
sz002441,8.14,8.12,8.17,8.02,57499.0,0.25,8.12,4648.0,128.0,8.13,566.0,8.15,14.85,1.07,32.47,44.33
sz002442,7.84,7.49,7.84,7.48,242199.0,9.96,7.13,18589.0,128907.0,7.83,0.0,0.0,24.57,2.7,37.54,38.39
sz002443,6.4,6.4,6.41,6.36,73459.0,-0.31,6.42,4689.0,370.0,6.38,1865.0,6.4,5.38,1.13,33.2,33.31
sz002444,31.74,30.93,32.1,30.6,90490.0,3.09,30.79,28665.0,3.0,31.71,4.0,31.74,25.46,3.68,343.28,362.93
sz002445,2.63,2.67,2.69,2.63,197601.0,-1.13,2.66,5239.0,5953.0,2.62,660.0,2.64,12.84,3.33,60.91,62.9
sz002446,6.55,6.56,6.59,6.39,306171.0,-1.5,6.65,19785.0,1195.0,6.53,2435.0,6.55,27.36,1.93,54.54,59.52
sz002447,1.95,1.94,1.96,1.93,88724.0,0.0,1.95,1724.0,40.0,1.94,7636.0,1.96,-53.95,8.91,27.8,27.83
sz002448,6.44,6.26,6.55,6.22,532252.0,2.22,6.3,34220.0,1001.0,6.42,2172.0,6.44,22.06,1.39,30.72,38.84
sz002449,10.11,10.05,10.19,9.94,143264.0,-0.79,10.19,14428.0,272.0,10.09,163.0,10.11,64.34,1.75,61.87,62.53
sz002450,0.2,0.0,0.0,0.0,0.0,0.0,0.2,0.0,0.0,0.0,0.0,0.0,-0.22,-0.07,6.49,7.08
sz002451,6.42,6.4,6.52,6.38,28140.0,-0.47,6.45,1815.0,273.0,6.41,655.0,6.44,144.84,3.99,28.17,28.2
sz002452,5.35,5.38,5.4,5.33,12092.0,-0.37,5.37,646.0,166.0,5.34,386.0,5.36,12.83,1.97,22.47,28.59
sz002453,6.31,6.44,6.45,6.21,129332.0,-2.32,6.46,8145.0,334.0,6.3,980.0,6.32,87.13,3.08,36.05,49.12
sz002454,5.36,5.36,5.39,5.31,47832.0,-0.56,5.39,2557.0,607.0,5.35,91.0,5.37,12.32,0.93,33.52,33.69
sz002455,8.42,7.58,8.42,7.53,819853.0,10.07,7.65,67741.0,21977.0,8.41,0.0,0.0,37.51,3.36,34.89,44.6
sz002456,8.69,8.71,8.74,8.6,290116.0,-0.57,8.74,25188.0,2384.0,8.68,2471.0,8.7,-11.66,3.11,231.85,234.17
sz002457,9.1,9.19,9.3,8.96,179775.0,-1.19,9.21,16285.0,299.0,9.09,651.0,9.11,14.65,1.49,30.47,30.48
sz002458,9.85,9.92,9.98,9.82,42045.0,-0.71,9.92,4144.0,612.0,9.83,137.0,9.85,1188.57,3.0,66.63,97.8
sz002459,48.88,44.45,48.88,42.0,255401.0,9.99,44.44,118729.0,33193.0,48.87,0.0,0.0,56.68,5.27,311.5,780.85
sz002460,142.32,135.5,143.41,131.2,484647.0,4.65,135.99,676403.0,884.0,142.31,8.0,142.33,137.03,16.89,1223.17,2045.82
sz002461,10.71,10.63,10.76,10.56,60704.0,0.37,10.67,6505.0,36.0,10.7,548.0,10.72,38.3,2.71,237.05,237.05
sz002462,13.23,13.19,13.29,13.19,7475.0,0.15,13.21,990.0,59.0,13.22,12.0,13.24,11.08,1.07,33.07,38.59
sz002463,14.9,14.92,14.93,14.7,169047.0,-0.93,15.04,25053.0,705.0,14.88,631.0,14.9,19.04,3.92,256.78,256.93
sz002464,3.14,3.33,3.4,3.09,620115.0,-3.09,3.24,20184.0,2020.0,3.13,6004.0,3.15,-4.83,-3.44,16.38,16.38
sz002465,9.22,9.21,9.23,9.13,140911.0,-0.11,9.23,12930.0,340.0,9.21,1610.0,9.23,35.27,2.2,207.75,212.47
sz002466,70.19,67.05,72.0,65.7,1032441.0,1.02,69.48,716591.0,1091.0,70.18,861.0,70.2,-65.56,20.99,1033.84,1036.78
sz002467,4.27,4.3,4.3,4.25,70950.0,0.23,4.26,3033.0,1832.0,4.26,1500.0,4.28,21.32,2.74,50.36,58.32
sz002468,7.54,7.39,7.67,7.38,137656.0,1.48,7.43,10421.0,1190.0,7.53,716.0,7.55,-103.47,1.33,112.5,115.42
sz002469,5.78,5.2,5.78,5.2,224324.0,10.1,5.25,12807.0,234886.0,5.77,0.0,0.0,8.9,1.74,29.96,37.5
sz002470,1.8,1.84,1.84,1.8,655431.0,-4.76,1.89,11880.0,0.0,0.0,34705.0,1.8,-1.76,0.94,52.14,59.15
sz002471,2.95,3.05,3.07,2.93,177154.0,-3.28,3.05,5275.0,6081.0,2.94,1873.0,2.96,60.39,2.69,37.32,37.41
sz002472,17.72,16.05,17.72,15.87,403044.0,9.99,16.11,70245.0,27994.0,17.71,0.0,0.0,107.31,3.54,111.78,134.78
sz002473,6.77,6.7,6.83,6.43,15649.0,0.0,6.77,1030.0,101.0,6.67,642.0,6.77,-6.0,-60.5,10.83,10.83
sz002474,6.27,6.27,6.31,6.21,54547.0,-0.79,6.32,3413.0,210.0,6.26,25.0,6.28,54.56,2.46,29.98,39.01
sz002475,45.32,44.9,46.25,44.51,683087.0,-0.18,45.4,310938.0,75.0,45.31,4.0,45.33,41.99,11.03,3183.8,3188.46
sz002476,4.1,4.06,4.12,4.02,37565.0,0.99,4.06,1531.0,1135.0,4.09,273.0,4.11,305.82,3.05,25.09,25.09
sz002478,4.65,4.52,4.65,4.52,75310.0,3.79,4.48,3469.0,135.0,4.64,1892.0,4.66,101.4,0.99,27.82,42.77
sz002479,6.2,6.37,6.37,6.19,125164.0,-1.9,6.32,7800.0,715.0,6.19,252.0,6.21,13.64,1.41,53.15,53.63
sz002480,4.09,4.1,4.1,4.07,19584.0,-0.24,4.1,800.0,135.0,4.08,2040.0,4.1,-183.76,1.18,26.31,31.46
sz002481,11.49,11.09,11.59,11.03,84321.0,4.26,11.02,9606.0,373.0,11.47,128.0,11.49,37.44,5.33,126.33,142.87
sz002482,2.75,2.76,2.77,2.72,176254.0,-1.08,2.78,4839.0,5452.0,2.73,2847.0,2.75,-6.2,0.68,42.06,42.28
sz002483,4.8,4.75,4.81,4.75,62393.0,0.42,4.78,2989.0,676.0,4.78,99.0,4.8,13.4,1.13,41.44,45.23
sz002484,15.38,15.47,15.57,14.95,175756.0,-1.41,15.6,26764.0,32.0,15.37,20.0,15.4,30.58,3.26,118.69,126.7
sz002485,4.35,4.37,4.4,4.34,11212.0,0.0,4.35,489.0,337.0,4.34,584.0,4.36,-405.16,1.09,23.66,23.66
sz002486,2.87,2.85,2.88,2.85,37154.0,0.0,2.87,1066.0,2665.0,2.85,2756.0,2.87,139.42,2.55,23.88,23.88
sz002487,7.24,7.32,7.32,7.2,46950.0,-1.36,7.34,3400.0,559.0,7.23,476.0,7.25,8.19,1.62,39.28,40.23
sz002488,6.09,5.99,6.09,5.94,68105.0,1.16,6.02,4095.0,315.0,6.08,1655.0,6.1,-102.36,1.6,47.64,61.02
sz002489,3.46,3.43,3.47,3.42,45635.0,0.87,3.43,1577.0,527.0,3.45,4505.0,3.47,17.2,2.08,65.1,75.28
sz002490,5.08,5.1,5.15,5.04,114313.0,-0.97,5.13,5803.0,635.0,5.06,1391.0,5.08,-1305.79,2.43,27.51,40.53
sz002491,3.78,3.79,3.8,3.76,45670.0,-1.05,3.82,1726.0,1805.0,3.76,664.0,3.78,67.16,1.68,44.25,47.27
sz002492,5.34,5.35,5.35,5.3,20666.0,-0.37,5.36,1102.0,1069.0,5.32,480.0,5.34,16.45,1.55,21.26,21.63
sz002493,17.74,17.72,18.0,17.55,534299.0,-2.85,18.26,94720.0,1390.0,17.73,292.0,17.75,20.64,4.53,1669.9,1796.27
sz002494,3.76,3.78,3.8,3.71,41584.0,0.0,3.76,1559.0,610.0,3.74,243.0,3.76,-4.23,0.94,11.09,14.5
sz002495,2.28,2.27,2.29,2.26,47886.0,0.0,2.28,1091.0,3540.0,2.26,4046.0,2.28,88.83,1.79,16.28,21.33
sz002496,3.03,3.04,3.09,3.01,156404.0,-1.3,3.07,4756.0,2640.0,3.01,1112.0,3.03,-20.03,1.85,31.06,45.68
sz002497,26.5,25.09,27.13,24.65,988108.0,5.62,25.09,259502.0,1143.0,26.49,817.0,26.51,77.15,5.64,247.82,305.43
sz002498,3.51,3.52,3.53,3.5,72439.0,-0.57,3.53,2542.0,1138.0,3.5,5413.0,3.52,19.03,2.05,116.77,116.77
sz002499,6.38,6.38,6.38,6.38,5303.0,-5.06,6.72,338.0,0.0,0.0,44966.0,6.38,94.07,24.75,12.06,12.06
sz002500,6.59,6.57,6.6,6.53,76715.0,0.3,6.57,5047.0,1232.0,6.57,3732.0,6.59,35.49,1.42,236.57,236.57
sz002501,2.66,2.68,2.73,2.64,94611.0,-1.85,2.71,2536.0,2310.0,2.65,995.0,2.67,1.84,4.6,92.31,94.43
sz002502,4.08,4.08,4.12,4.04,59210.0,-0.49,4.1,2412.0,552.0,4.06,129.0,4.08,432.44,2.68,33.98,37.54
sz002503,1.52,1.5,1.53,1.48,618967.0,0.66,1.51,9324.0,10283.0,1.51,26107.0,1.53,-2.37,1.4,38.65,47.01
sz002504,1.76,1.74,1.82,1.73,148330.0,-1.12,1.78,2625.0,2923.0,1.75,587.0,1.77,-34.8,3.28,7.29,18.05
sz002505,2.34,2.3,2.35,2.29,457510.0,1.74,2.3,10637.0,30292.0,2.33,57423.0,2.35,294.91,2.58,128.36,149.16
sz002506,4.09,4.08,4.26,3.91,3975961.0,0.99,4.05,161873.0,3663.0,4.08,9841.0,4.1,-9.25,5.75,207.57,239.49
sz002507,36.69,35.7,36.93,35.4,66882.0,1.97,35.98,24378.0,48.0,36.68,213.0,36.7,39.97,4.72,285.95,325.67
sz002508,47.7,43.75,48.0,43.5,154991.0,7.38,44.42,72820.0,30.0,47.65,506.0,47.7,25.51,5.7,445.95,452.68
sz002510,4.15,4.09,4.19,4.07,234717.0,0.97,4.11,9709.0,500.0,4.14,2592.0,4.16,-5.31,1.94,38.65,39.07
sz002511,24.45,24.83,25.09,24.32,419357.0,-1.73,24.88,103075.0,60.0,24.43,2094.0,24.45,32.28,6.44,313.72,320.77
sz002512,3.61,3.63,3.65,3.56,153744.0,-1.63,3.67,5531.0,3583.0,3.59,633.0,3.61,-48.93,3.31,30.86,41.41
sz002513,5.08,5.03,5.12,5.01,26363.0,0.99,5.03,1335.0,148.0,5.06,295.0,5.08,54.89,1.49,15.97,17.28
sz002514,4.49,4.38,4.57,4.37,228484.0,1.35,4.43,10283.0,448.0,4.48,1476.0,4.5,-6.43,3.99,18.21,24.88
sz002515,4.66,4.66,4.69,4.65,37813.0,-0.43,4.68,1764.0,1681.0,4.65,1247.0,4.67,64.62,3.36,40.9,45.59
sz002516,5.3,5.04,5.38,5.01,314860.0,3.52,5.12,16453.0,430.0,5.28,2777.0,5.3,36.04,2.31,50.51,77.95
sz002517,4.34,4.39,4.4,4.32,92041.0,-1.14,4.39,3992.0,837.0,4.33,1821.0,4.35,31.44,3.17,67.43,93.42
sz002518,16.06,15.9,16.15,15.61,158636.0,-0.19,16.09,25331.0,232.0,16.04,601.0,16.06,25.4,3.37,90.8,93.54
sz002519,4.07,4.03,4.08,4.02,120379.0,0.49,4.05,4877.0,1253.0,4.06,3743.0,4.08,25.56,1.59,41.15,45.85
sz002520,8.0,7.7,8.25,7.66,546429.0,2.56,7.8,43942.0,2308.0,7.98,567.0,8.0,49.07,2.08,44.14,60.43
sz002521,6.68,6.71,6.74,6.56,60336.0,0.15,6.67,4023.0,85.0,6.67,1671.0,6.69,14.01,0.94,28.32,33.05
sz002522,6.38,6.46,6.51,6.34,127976.0,-1.09,6.45,8197.0,1221.0,6.37,895.0,6.39,30.66,3.06,54.61,57.79
sz002523,2.26,2.25,2.28,2.25,33488.0,0.44,2.25,757.0,3301.0,2.24,1654.0,2.26,45.07,1.49,31.57,32.02
sz002524,13.74,13.56,13.95,13.4,119269.0,0.73,13.64,16409.0,838.0,13.73,309.0,13.75,102.33,20.39,67.65,70.95
sz002526,2.03,2.04,2.04,2.02,100329.0,-0.49,2.04,2036.0,8744.0,2.02,24609.0,2.04,41.57,1.31,35.75,36.19
sz002527,7.98,7.87,8.12,7.85,104855.0,0.5,7.94,8373.0,188.0,7.97,594.0,7.99,38.7,1.89,39.0,49.7
sz002528,3.97,4.03,4.03,3.93,59468.0,-0.25,3.98,2358.0,501.0,3.94,2177.0,3.97,65.21,1.27,41.54,47.59
sz002529,11.26,10.5,11.99,10.25,567467.0,3.3,10.9,63132.0,2226.0,11.25,376.0,11.27,2803.68,3.43,29.28,29.28
sz002530,9.89,10.11,10.27,9.4,379437.0,-3.98,10.3,37214.0,427.0,9.88,273.0,9.9,-5.99,3.7,62.99,77.06
sz002531,8.46,8.33,8.53,8.25,269139.0,0.83,8.39,22638.0,1141.0,8.44,1472.0,8.46,10.79,2.15,149.66,152.49
sz002532,8.32,8.12,8.5,8.1,588855.0,1.46,8.2,48869.0,3414.0,8.3,675.0,8.32,15.31,2.02,100.62,387.04
sz002533,5.2,5.23,5.23,5.17,24514.0,-0.57,5.23,1272.0,249.0,5.19,952.0,5.21,11.88,1.18,31.12,38.18
sz002534,15.08,14.55,15.33,14.54,79410.0,4.87,14.38,11915.0,432.0,15.06,533.0,15.08,21.25,3.52,111.11,111.47
sz002535,1.81,1.78,1.83,1.78,117213.0,1.12,1.79,2118.0,1303.0,1.8,6284.0,1.82,40.1,1.82,10.3,14.51
sz002536,7.89,7.86,7.97,7.74,152802.0,-0.63,7.94,12005.0,592.0,7.88,719.0,7.9,22.78,1.8,37.17,39.51
sz002537,5.31,5.35,5.38,5.28,138090.0,-1.3,5.38,7333.0,2376.0,5.29,667.0,5.31,23.88,1.63,62.34,62.34
sz002538,7.61,6.89,7.61,6.89,372035.0,9.97,6.92,28040.0,31298.0,7.6,0.0,0.0,16.87,1.43,53.27,54.76
sz002539,9.45,8.93,9.5,8.86,298073.0,5.7,8.94,27514.0,725.0,9.43,622.0,9.45,15.37,2.79,62.03,95.45
sz002540,4.77,4.77,4.8,4.74,25343.0,-0.42,4.79,1209.0,340.0,4.76,829.0,4.78,15.17,1.3,42.7,60.6
sz002541,60.6,60.2,60.8,59.08,46850.0,-0.49,60.9,28138.0,102.0,60.59,41.0,60.62,33.86,5.57,225.84,318.21
sz002542,2.96,2.98,2.98,2.95,98252.0,0.0,2.96,2907.0,6016.0,2.94,733.0,2.96,28.25,1.37,42.96,53.45
sz002543,7.48,7.45,7.49,7.42,13885.0,0.4,7.45,1037.0,37.0,7.47,935.0,7.49,8.72,1.4,47.19,55.62
sz002544,13.06,13.2,13.2,12.89,65238.0,-1.58,13.27,8493.0,576.0,13.04,193.0,13.06,55.92,2.52,73.99,89.24
sz002545,7.76,7.64,7.82,7.64,133706.0,0.78,7.7,10354.0,191.0,7.75,2005.0,7.77,31.08,1.24,83.81,96.54
sz002546,3.74,3.72,3.74,3.7,24013.0,0.54,3.72,893.0,1641.0,3.72,1351.0,3.74,16.97,1.01,29.5,31.19
sz002547,4.33,4.3,4.4,4.25,285555.0,-0.46,4.35,12341.0,880.0,4.32,4087.0,4.34,-4.79,3.06,33.43,48.84
sz002548,5.68,5.74,5.77,5.66,37899.0,-1.22,5.75,2155.0,412.0,5.67,218.0,5.69,47.17,1.52,30.57,39.23
sz002549,8.14,8.12,8.18,8.05,46318.0,-0.37,8.17,3758.0,815.0,8.13,533.0,8.15,60.44,5.26,50.49,50.77
sz002550,4.07,4.07,4.1,4.06,22248.0,-0.25,4.08,906.0,190.0,4.06,1605.0,4.08,-99.58,2.62,37.77,52.09
sz002551,5.33,5.27,5.34,5.25,58530.0,1.14,5.27,3105.0,448.0,5.31,343.0,5.33,25.23,1.43,30.96,43.72
sz002552,11.6,11.57,11.6,11.45,8292.0,0.87,11.5,955.0,36.0,11.59,11.0,11.61,407.54,5.28,26.95,35.52
sz002553,10.49,10.48,10.67,10.41,56121.0,-0.47,10.54,5911.0,551.0,10.48,768.0,10.5,9.19,3.53,24.58,36.51
sz002554,2.84,2.87,2.87,2.8,174566.0,-1.05,2.87,4940.0,3966.0,2.83,5072.0,2.85,-35.08,1.76,24.35,38.25
sz002555,22.18,21.77,22.35,21.58,190501.0,1.7,21.81,42005.0,706.0,22.16,368.0,22.18,22.89,5.42,325.96,491.92
sz002556,10.69,10.61,10.87,10.48,131038.0,2.89,10.39,13988.0,1073.0,10.67,2888.0,10.69,29.47,2.82,87.92,100.83
sz002557,40.98,41.88,41.88,40.85,55802.0,-1.37,41.55,23056.0,371.0,40.97,7.0,40.99,24.33,5.37,207.77,207.77
sz002558,13.21,13.3,13.37,13.18,76491.0,-1.27,13.38,10124.0,144.0,13.2,27.0,13.22,25.89,2.87,267.42,267.42
sz002559,6.89,6.71,6.96,6.67,85971.0,2.07,6.75,5890.0,182.0,6.87,454.0,6.89,25.09,2.3,32.67,38.36
sz002560,6.1,6.07,6.11,5.99,77297.0,0.66,6.06,4682.0,1016.0,6.08,749.0,6.1,37.74,1.37,21.98,32.13
sz002561,7.1,7.1,7.14,7.07,4646.0,0.0,7.1,329.0,56.0,7.09,300.0,7.11,29.04,1.34,29.27,29.52
sz002562,4.21,4.21,4.25,4.2,27909.0,-0.71,4.24,1177.0,1741.0,4.2,52.0,4.22,231.8,1.51,24.62,44.75
sz002563,12.29,12.31,12.44,12.16,91701.0,0.0,12.29,11239.0,120.0,12.28,915.0,12.3,29.06,2.96,231.17,331.53
sz002564,3.87,3.91,3.93,3.83,161053.0,-1.78,3.94,6226.0,2877.0,3.85,1410.0,3.87,-3.49,1.34,33.6,33.64
sz002565,3.9,3.89,3.91,3.87,38553.0,0.0,3.9,1500.0,1533.0,3.88,3070.0,3.9,244.27,2.12,41.16,41.35
sz002566,8.22,8.27,8.27,8.13,40720.0,-0.48,8.26,3334.0,46.0,8.2,57.0,8.22,31.51,1.35,19.05,27.2
sz002567,6.57,6.65,6.67,6.55,81640.0,-1.2,6.65,5377.0,425.0,6.56,2063.0,6.58,7.79,1.14,62.89,79.24
sz002568,83.53,81.25,83.9,80.51,54386.0,3.25,80.9,44696.0,27.0,83.52,5.0,83.54,103.56,18.71,427.75,626.3
sz002569,8.92,8.69,9.1,8.42,8495.0,0.68,8.86,737.0,54.0,8.91,65.0,8.93,-7.9,7.02,12.45,12.85
sz002570,5.59,5.6,5.68,5.58,200770.0,-0.71,5.63,11272.0,3203.0,5.57,1014.0,5.59,-17.71,3.9,57.16,57.16
sz002571,6.65,6.66,6.74,6.63,45244.0,-0.75,6.7,3017.0,172.0,6.64,89.0,6.66,132.55,1.79,19.74,26.06
sz002572,23.51,23.3,23.94,23.21,63249.0,0.3,23.44,14943.0,150.0,23.5,30.0,23.52,16.17,3.76,149.88,214.5
sz002573,5.09,5.14,5.17,5.08,46685.0,-0.59,5.12,2384.0,2518.0,5.08,2.0,5.1,32.42,1.16,55.04,71.45
sz002574,5.11,5.35,5.35,5.07,352301.0,-4.31,5.34,18176.0,894.0,5.1,30.0,5.12,-11.31,0.91,26.98,26.98
sz002575,4.84,4.85,4.96,4.84,41076.0,-0.62,4.87,2005.0,8.0,4.83,99.0,4.85,67.16,3.71,25.08,29.95
sz002576,11.27,11.22,11.39,11.21,20061.0,-0.35,11.31,2264.0,193.0,11.26,118.0,11.28,16.58,1.88,18.53,18.61
sz002577,11.36,11.31,11.44,11.3,17252.0,-0.44,11.41,1963.0,348.0,11.35,15.0,11.37,59.86,2.98,32.13,32.14
sz002578,3.21,3.15,3.22,3.14,61132.0,1.26,3.17,1950.0,2084.0,3.19,893.0,3.21,46.1,2.23,27.34,31.72
sz002579,10.5,10.44,10.65,10.44,79196.0,0.19,10.48,8347.0,85.0,10.49,18.0,10.53,34.55,2.42,59.46,64.05
sz002580,7.48,7.33,7.58,7.24,349886.0,1.22,7.39,26037.0,507.0,7.46,745.0,7.48,105.04,1.99,23.4,33.95
sz002581,16.97,16.76,17.2,16.75,149078.0,-0.59,17.07,25405.0,571.0,16.95,740.0,16.97,-102.98,5.23,68.01,111.96
sz002582,9.25,9.28,9.33,9.11,63715.0,-0.86,9.33,5875.0,473.0,9.24,297.0,9.26,1.96,0.98,32.71,42.27
sz002583,4.98,5.02,5.02,4.95,81662.0,-0.99,5.03,4067.0,1013.0,4.97,360.0,4.99,-29.44,1.51,54.0,91.61
sz002584,6.02,5.83,6.05,5.8,172235.0,2.56,5.87,10261.0,2529.0,6.0,1647.0,6.02,45.34,1.74,23.72,35.23
sz002585,20.1,18.3,20.13,18.11,498358.0,9.84,18.3,97327.0,64.0,20.08,4361.0,20.1,25.56,2.81,176.84,232.41
sz002586,2.92,2.82,2.92,2.8,38244.0,5.04,2.78,1105.0,19085.0,2.91,0.0,0.0,-12.79,1.04,26.1,33.41
sz002587,4.66,4.68,4.78,4.64,54804.0,-1.06,4.71,2581.0,252.0,4.65,265.0,4.67,-21.32,2.25,20.2,30.39
sz002588,5.71,5.31,5.85,5.29,614238.0,7.33,5.32,34633.0,2651.0,5.7,1527.0,5.72,20.22,1.41,44.91,66.06
sz002589,4.45,4.43,4.47,4.4,58999.0,0.45,4.43,2618.0,2244.0,4.43,1150.0,4.45,26.88,0.89,51.04,66.96
sz002590,8.01,7.9,8.1,7.77,88190.0,1.14,7.92,7002.0,159.0,7.99,703.0,8.01,46.03,2.01,36.49,38.42
sz002591,5.69,5.67,5.73,5.63,25681.0,0.18,5.68,1459.0,277.0,5.68,119.0,5.7,-3.37,2.25,12.24,17.32
sz002592,11.07,11.07,11.07,11.07,21708.0,5.03,10.54,2403.0,40498.0,11.06,0.0,0.0,-6.14,3.64,28.92,31.36
sz002593,3.69,3.7,3.72,3.68,33879.0,-0.54,3.71,1254.0,1155.0,3.68,17.0,3.7,28.9,1.33,17.25,25.87
sz002594,255.09,244.0,258.6,240.88,386387.0,1.83,250.5,971179.0,315.0,255.08,321.0,255.1,167.44,9.05,2923.31,7298.49
sz002595,26.63,25.98,26.75,25.82,22161.0,2.9,25.88,5857.0,1.0,26.56,46.0,26.63,20.13,3.54,139.46,213.04
sz002596,4.72,4.74,4.74,4.7,87292.0,-0.84,4.76,4116.0,1184.0,4.71,1969.0,4.73,91.69,1.73,49.15,54.17
sz002597,33.96,33.48,34.44,32.84,56491.0,1.8,33.36,19099.0,50.0,33.95,2.0,33.97,24.52,4.0,190.0,190.48
sz002598,7.14,7.03,7.25,7.0,78557.0,0.71,7.09,5624.0,386.0,7.13,401.0,7.15,25.34,2.48,19.21,22.28
sz002599,3.81,3.83,3.85,3.79,16287.0,-0.52,3.83,622.0,82.0,3.8,229.0,3.82,-7.0,1.53,15.25,20.75
sz002600,9.01,8.71,9.14,8.55,1500506.0,2.27,8.81,133052.0,8261.0,9.0,4442.0,9.02,23.86,4.25,208.49,635.78
sz002601,31.44,31.05,31.81,30.88,168725.0,-0.25,31.52,53027.0,1031.0,31.43,185.0,31.45,30.51,3.79,479.05,747.85
sz002602,6.23,6.31,6.33,6.19,275886.0,-1.11,6.3,17203.0,2297.0,6.21,499.0,6.23,17.02,1.57,321.33,464.29
sz002603,19.49,19.94,20.0,19.23,225833.0,-2.26,19.94,44090.0,762.0,19.48,44.0,19.5,22.37,3.39,268.18,325.62
sz002605,21.12,21.03,21.28,20.9,16377.0,-0.14,21.15,3463.0,44.0,21.1,110.0,21.12,13.53,4.17,68.31,85.02
sz002606,7.12,7.0,7.18,6.98,63977.0,2.01,6.98,4542.0,410.0,7.1,866.0,7.12,18.08,2.41,28.95,31.29
sz002607,19.74,19.0,20.1,18.8,270062.0,5.06,18.79,53175.0,1142.0,19.73,416.0,19.75,52.28,27.57,316.29,1217.44
sz002608,6.25,6.32,6.32,6.25,22625.0,-0.64,6.29,1417.0,1379.0,6.24,37.0,6.26,10.36,0.79,236.13,236.13
sz002609,9.18,9.22,9.29,9.13,39248.0,-1.18,9.29,3608.0,20.0,9.16,163.0,9.18,34.67,2.76,40.91,59.14
sz002610,2.32,2.26,2.36,2.25,1231464.0,2.2,2.27,28437.0,2242.0,2.31,33806.0,2.33,477.75,2.54,101.73,104.0
sz002611,4.54,4.51,4.62,4.51,48695.0,-0.22,4.55,2216.0,405.0,4.52,566.0,4.54,14.88,1.7,49.52,60.48
sz002612,50.51,48.6,51.42,48.03,169792.0,3.27,48.91,84872.0,166.0,50.5,25.0,50.52,123.87,7.5,132.01,223.48
sz002613,3.54,3.5,3.58,3.46,87395.0,0.85,3.51,3063.0,160.0,3.53,1865.0,3.55,328.72,2.24,19.74,33.18
sz002614,23.21,23.22,23.45,22.49,108701.0,1.44,22.88,25011.0,141.0,23.2,1.0,23.23,24.92,3.31,103.98,146.36
sz002615,4.85,4.8,4.91,4.76,50233.0,1.46,4.78,2439.0,10.0,4.83,543.0,4.85,100.6,2.55,11.2,20.03
sz002616,6.88,6.81,6.92,6.8,48108.0,-0.15,6.89,3295.0,159.0,6.86,99.0,6.88,14.74,2.03,32.35,51.05
sz002617,12.58,12.34,12.66,12.12,1145894.0,-1.18,12.73,142647.0,2241.0,12.57,2899.0,12.59,144.6,5.46,150.77,201.74
sz002618,3.07,3.07,3.07,3.07,39102.0,5.14,2.92,1200.0,90161.0,3.06,0.0,0.0,-1.95,1.95,16.82,16.82
sz002619,1.35,1.33,1.38,1.32,487560.0,0.0,1.35,6589.0,14218.0,1.33,4249.0,1.35,-1.87,1.16,19.32,24.91
sz002620,7.6,7.52,7.75,7.35,288216.0,-1.43,7.71,21717.0,655.0,7.59,400.0,7.61,17.01,1.14,23.55,28.75
sz002621,5.18,5.21,5.26,5.17,24358.0,-0.77,5.22,1264.0,914.0,5.16,206.0,5.18,-9.19,4.87,41.1,42.82
sz002622,4.77,4.76,4.82,4.65,430001.0,-1.24,4.83,20335.0,121.0,4.76,1546.0,4.78,-13.4,4.64,40.07,40.07
sz002623,42.2,39.22,43.18,39.22,79204.0,4.84,40.25,32842.0,94.0,42.19,26.0,42.21,49.28,2.48,67.34,84.0
sz002624,22.1,22.0,22.55,21.85,247094.0,-0.9,22.3,54733.0,1145.0,22.09,115.0,22.11,30.66,4.0,403.82,428.73
sz002625,21.37,21.42,21.56,20.85,366415.0,-1.11,21.61,77577.0,243.0,21.36,99.0,21.38,277.41,5.83,318.05,460.44
sz002626,40.76,40.89,41.39,40.11,53931.0,0.15,40.7,22013.0,43.0,40.74,125.0,40.76,24.1,7.4,251.24,251.28
sz002627,6.77,6.48,6.97,6.38,373122.0,3.04,6.57,25199.0,1043.0,6.75,360.0,6.77,39.08,1.74,36.07,38.44
sz002628,3.42,3.42,3.44,3.41,47697.0,-0.58,3.44,1634.0,909.0,3.41,3107.0,3.43,21.22,0.89,25.53,26.07
sz002629,2.7,2.75,2.75,2.67,35155.0,-1.46,2.74,954.0,279.0,2.69,173.0,2.71,-77.33,39.42,9.3,11.12
sz002630,2.18,2.18,2.2,2.17,115760.0,-0.91,2.2,2526.0,12743.0,2.17,10962.0,2.19,-5.13,1.06,21.15,25.74
sz002631,6.23,6.11,6.25,6.08,43354.0,1.63,6.13,2684.0,333.0,6.21,71.0,6.23,3984.57,2.49,40.79,41.47
sz002632,6.97,6.74,7.01,6.66,84746.0,3.41,6.74,5822.0,168.0,6.96,850.0,6.98,24.71,2.12,40.93,43.53
sz002633,7.56,7.41,7.66,7.41,12957.0,0.93,7.49,979.0,84.0,7.55,120.0,7.57,-47.34,2.35,11.3,11.34
sz002634,6.01,6.03,6.12,5.96,37128.0,-1.64,6.11,2237.0,309.0,6.0,28.0,6.02,43.58,3.57,22.28,27.61
sz002635,14.05,14.1,14.15,13.96,32819.0,-1.06,14.2,4607.0,232.0,14.04,30.0,14.06,29.4,1.69,50.92,98.54
sz002636,17.23,16.89,17.35,16.38,239303.0,1.35,17.0,40565.0,82.0,17.22,210.0,17.24,31.02,4.04,124.59,125.43
sz002637,15.83,16.0,16.22,15.72,173834.0,-0.88,15.97,27628.0,487.0,15.82,56.0,15.84,17.62,2.18,62.62,74.46
sz002638,2.4,2.4,2.43,2.35,251154.0,-1.64,2.44,6009.0,5221.0,2.38,4724.0,2.4,76.31,1.01,23.91,36.15
sz002639,6.88,6.7,6.9,6.66,192082.0,2.23,6.73,13079.0,367.0,6.87,2962.0,6.89,-25.75,2.22,38.44,46.38
sz002640,2.44,2.28,2.44,2.24,827488.0,5.17,2.32,19779.0,24176.0,2.43,0.0,0.0,-1.1,3.72,30.54,38.02
sz002641,6.6,6.66,6.71,6.55,47698.0,-1.49,6.7,3143.0,30.0,6.59,731.0,6.61,10.11,1.74,74.56,81.54
sz002642,4.91,4.87,4.95,4.84,116668.0,0.0,4.91,5713.0,1117.0,4.9,1644.0,4.92,-3.04,2.35,28.7,32.9
sz002643,17.36,17.4,17.4,17.09,87129.0,-0.91,17.52,15022.0,238.0,17.35,170.0,17.37,30.81,3.09,155.27,157.83
sz002644,8.97,8.84,9.2,8.84,48494.0,0.11,8.96,4363.0,62.0,8.96,245.0,8.98,37.31,2.84,45.81,45.81
sz002645,16.95,16.55,17.3,16.2,204295.0,3.99,16.3,34253.0,392.0,16.93,708.0,16.95,28.67,3.16,77.65,98.77
sz002646,22.31,21.95,22.9,21.8,220179.0,-0.36,22.39,49394.0,121.0,22.29,78.0,22.31,-257.47,4.33,100.38,100.39
sz002647,11.0,10.93,11.04,10.87,235635.0,-0.36,11.04,25761.0,1767.0,10.98,431.0,11.0,-16.69,12.16,61.59,61.59
sz002648,36.58,36.01,37.22,35.6,181207.0,0.3,36.47,66260.0,197.0,36.57,4.0,36.59,26.36,4.35,626.79,629.19
sz002649,10.09,10.04,10.09,9.9,71912.0,0.4,10.05,7189.0,397.0,10.07,313.0,10.09,14.12,1.84,47.35,53.76
sz002650,8.21,8.38,8.38,8.02,524683.0,2.88,7.98,43531.0,3747.0,8.2,1305.0,8.22,55.79,3.65,94.58,94.58
sz002651,12.05,11.93,12.24,11.71,58080.0,2.03,11.81,6957.0,42.0,12.03,141.0,12.05,52.47,5.07,64.24,124.53
sz002652,3.35,3.34,3.41,3.33,51514.0,-0.59,3.37,1728.0,589.0,3.33,1050.0,3.35,-16.16,5.3,15.0,17.15
sz002653,20.13,19.96,20.26,19.7,28729.0,0.85,19.96,5764.0,57.0,20.12,27.0,20.14,27.18,7.74,95.64,216.23
sz002654,3.76,3.75,3.78,3.73,44850.0,0.27,3.75,1685.0,383.0,3.75,2011.0,3.77,25.06,1.54,28.74,32.31
sz002655,8.93,8.81,8.99,8.72,137153.0,-0.33,8.96,12165.0,1067.0,8.92,383.0,8.94,42.51,5.63,32.14,32.15
sz002656,2.73,2.73,2.73,2.7,309855.0,5.0,2.6,8458.0,104569.0,2.72,0.0,0.0,61.23,2.66,15.79,19.45
sz002657,10.98,10.98,11.07,10.96,23916.0,-0.63,11.05,2629.0,42.0,10.97,8.0,10.99,359.57,1.66,32.65,37.07
sz002658,9.27,9.4,9.5,9.22,126024.0,-1.17,9.38,11780.0,1517.0,9.26,445.0,9.28,28.96,2.53,30.84,58.4
sz002659,3.73,3.75,3.77,3.72,58339.0,-1.06,3.77,2181.0,3196.0,3.71,162.0,3.73,-17.41,0.91,21.94,22.32
sz002660,7.72,7.78,7.86,7.65,61698.0,-0.77,7.78,4778.0,166.0,7.71,1600.0,7.73,32.85,3.02,16.31,21.18
sz002661,13.82,13.8,14.02,13.77,31312.0,0.29,13.78,4341.0,0.0,13.81,48.0,13.83,16.98,1.8,45.72,46.57
sz002662,3.86,3.5,3.86,3.48,908307.0,9.97,3.51,34451.0,140727.0,3.85,0.0,0.0,30.63,1.78,57.9,57.9
sz002663,1.78,1.79,1.79,1.77,62867.0,-0.56,1.79,1120.0,13013.0,1.76,607.0,1.78,-16.87,0.83,23.34,31.97
sz002664,16.21,16.22,16.55,15.89,172139.0,-0.37,16.27,27784.0,135.0,16.19,157.0,16.21,19.77,2.39,63.58,65.47
sz002665,2.1,2.07,2.11,2.06,332474.0,0.48,2.09,6933.0,14330.0,2.08,10630.0,2.1,-6.17,0.93,48.98,53.31
sz002666,5.01,5.0,5.02,4.96,57019.0,-0.4,5.03,2843.0,1129.0,4.99,675.0,5.01,14.07,1.17,22.4,37.79
sz002667,15.75,15.5,15.86,15.06,73651.0,3.82,15.17,11372.0,162.0,15.74,198.0,15.76,615.39,4.69,36.39,36.4
sz002668,5.46,5.45,5.47,5.43,70109.0,-0.18,5.47,3822.0,317.0,5.44,1200.0,5.46,-11.02,2.67,52.66,59.19
sz002669,12.9,12.99,13.01,12.79,56599.0,0.78,12.8,7298.0,311.0,12.88,454.0,12.9,14.6,1.42,32.36,32.57
sz002670,10.25,10.22,10.37,10.17,176782.0,-0.68,10.32,18130.0,2254.0,10.23,1413.0,10.25,-92.58,1.75,166.39,198.35
sz002671,3.85,3.86,3.88,3.82,15526.0,-0.26,3.86,598.0,260.0,3.83,682.0,3.85,-56.97,1.0,17.53,21.83
sz002672,7.72,7.49,7.72,7.49,41195.0,2.8,7.51,3126.0,286.0,7.7,38.0,7.72,24.3,1.48,52.36,67.88
sz002673,7.96,7.93,8.01,7.92,142914.0,0.0,7.96,11367.0,1736.0,7.95,3102.0,7.97,31.64,1.37,278.75,355.78
sz002674,14.26,14.13,14.33,13.37,64038.0,1.35,14.07,8872.0,307.0,14.23,67.0,14.26,29.6,1.93,41.19,41.62
sz002675,22.4,22.14,22.85,22.1,44850.0,0.04,22.39,10092.0,142.0,22.39,24.0,22.41,43.74,4.15,165.39,179.7
sz002676,4.33,3.95,4.33,3.93,172291.0,9.9,3.94,7254.0,124820.0,4.32,0.0,0.0,61.62,2.85,31.17,31.18
sz002677,18.34,18.03,18.52,17.8,68045.0,1.83,18.01,12439.0,139.0,18.33,40.0,18.35,19.0,8.4,76.12,118.49
sz002678,6.58,6.7,6.76,6.58,26997.0,-1.79,6.7,1794.0,518.0,6.57,41.0,6.59,40.29,2.53,89.3,89.38
sz002679,18.52,18.99,18.99,18.03,205493.0,-4.49,19.39,37999.0,192.0,18.51,142.0,18.53,484.64,5.96,43.66,43.66
sz002681,4.25,4.24,4.25,4.18,125315.0,0.24,4.24,5289.0,678.0,4.23,5364.0,4.25,7.46,3.42,47.57,77.55
sz002682,3.5,3.42,3.51,3.4,90448.0,2.04,3.43,3142.0,725.0,3.49,1744.0,3.51,-2.21,1.01,19.35,19.68
sz002683,26.4,26.22,26.75,26.2,77088.0,-0.45,26.52,20399.0,265.0,26.39,6.0,26.41,44.77,3.81,170.22,197.84
sz002684,4.16,4.06,4.16,4.02,181331.0,5.05,3.96,7502.0,21909.0,4.15,0.0,0.0,-1.29,-1.22,19.59,23.6
sz002685,4.96,5.04,5.06,4.93,113137.0,-1.98,5.06,5620.0,1503.0,4.95,650.0,4.97,-4.64,1.3,38.73,49.98
sz002686,5.58,5.37,5.66,5.36,49694.0,3.91,5.37,2762.0,35.0,5.57,201.0,5.59,74.29,2.05,21.85,31.6
sz002687,6.06,6.14,6.2,6.03,59733.0,-1.78,6.17,3626.0,148.0,6.04,646.0,6.06,14.61,1.87,17.32,21.21
sz002688,6.81,6.87,6.92,6.78,72094.0,-0.87,6.87,4927.0,568.0,6.79,744.0,6.81,29.1,2.64,42.52,43.26
sz002689,3.03,3.01,3.03,3.01,29053.0,0.0,3.03,878.0,2668.0,3.01,5448.0,3.03,212.55,2.46,31.53,31.61
sz002690,51.89,51.51,52.6,51.37,16769.0,0.29,51.74,8694.0,12.0,51.85,15.0,51.89,69.18,18.83,171.78,350.78
sz002691,4.36,4.31,4.4,4.3,36198.0,1.16,4.31,1579.0,375.0,4.34,51.0,4.36,-183.61,1.68,14.78,14.82
sz002692,2.81,2.8,2.83,2.78,14401.0,-0.35,2.82,405.0,173.0,2.8,986.0,2.82,-22.18,2.12,19.08,20.18
sz002693,4.23,4.2,4.25,4.18,14591.0,0.71,4.2,615.0,1.0,4.21,597.0,4.23,-33.87,3.47,17.06,17.43
sz002694,2.73,2.74,2.77,2.69,136600.0,0.0,2.73,3716.0,1873.0,2.71,8660.0,2.73,-6.82,2.12,14.47,16.3
sz002695,15.88,15.77,15.95,15.61,36472.0,0.7,15.77,5766.0,135.0,15.87,109.0,15.89,28.65,3.71,73.85,81.43
sz002696,5.14,5.19,5.19,5.14,23673.0,-1.15,5.2,1221.0,1015.0,5.13,913.0,5.15,94.56,1.36,17.77,17.96
sz002697,5.18,5.17,5.23,5.15,81109.0,0.0,5.18,4205.0,3290.0,5.16,182.0,5.18,14.5,2.04,55.85,70.45
sz002698,12.29,12.35,12.38,12.19,17896.0,0.24,12.26,2197.0,19.0,12.28,434.0,12.3,28.53,5.0,97.06,125.67
sz002699,4.64,4.59,4.66,4.57,39301.0,1.09,4.59,1813.0,179.0,4.63,93.0,4.65,-4.55,1.89,42.2,42.2
sz002700,4.13,4.07,4.29,4.07,63340.0,0.98,4.09,2653.0,754.0,4.12,43.0,4.14,-8.84,2.08,13.05,17.45
sz002701,5.05,5.05,5.09,5.02,131296.0,-0.2,5.06,6623.0,858.0,5.03,288.0,5.05,12.76,1.85,122.29,122.4
sz002702,5.98,5.97,6.04,5.95,39718.0,0.17,5.97,2376.0,13.0,5.97,550.0,5.99,46.33,3.49,18.69,28.75
sz002703,5.78,5.81,5.94,5.77,57534.0,-1.2,5.85,3357.0,180.0,5.77,934.0,5.79,71.52,3.35,31.97,45.64
sz002705,24.84,25.26,25.93,24.71,103688.0,-1.74,25.28,26166.0,5.0,24.82,27.0,24.84,17.64,3.6,198.06,205.36
sz002706,22.35,21.99,22.44,21.86,58794.0,2.15,21.88,13056.0,63.0,22.33,6.0,22.35,57.81,11.32,174.96,227.77
sz002707,5.46,5.46,5.5,5.43,81004.0,-0.36,5.48,4423.0,1590.0,5.45,888.0,5.47,-3.24,7.41,34.94,49.48
sz002708,5.99,5.96,5.99,5.92,19489.0,0.67,5.95,1164.0,122.0,5.98,917.0,6.0,41.6,1.88,23.69,29.2
sz002709,106.28,99.88,106.82,97.58,325997.0,4.38,101.82,336078.0,1544.0,106.26,10.0,106.29,130.14,19.05,983.71,1012.75
sz002711,0.25,0.25,0.26,0.24,218852.0,0.0,0.25,545.0,78263.0,0.23,7675.0,0.25,-17.29,-0.11,2.63,2.64
sz002712,4.68,4.72,4.73,4.65,33431.0,-0.64,4.71,1565.0,897.0,4.66,167.0,4.68,-2.35,1.39,26.87,27.2
sz002713,7.1,7.13,7.25,7.01,35143.0,-0.42,7.13,2502.0,84.0,7.09,161.0,7.11,15.43,4.4,28.51,29.79
sz002714,57.9,59.13,60.12,57.68,227471.0,-2.34,59.29,132543.0,589.0,57.89,28.0,57.91,10.06,5.43,2055.51,3047.31
sz002715,14.26,14.0,14.27,14.0,3036.0,0.78,14.15,431.0,74.0,14.22,111.0,14.26,111.09,3.88,18.57,19.68
sz002716,3.6,3.6,3.69,3.55,319640.0,-2.96,3.71,11559.0,916.0,3.59,1837.0,3.61,11.9,4.18,71.5,79.58
sz002717,2.95,2.96,2.97,2.94,106749.0,-1.01,2.98,3150.0,201.0,2.94,3263.0,2.96,-16.52,1.04,33.2,45.1
sz002718,14.06,13.85,14.14,13.85,10463.0,1.52,13.85,1470.0,16.0,14.05,196.0,14.08,16.19,1.41,9.33,18.48
sz002719,10.55,10.55,10.65,10.46,15108.0,-0.66,10.62,1592.0,276.0,10.54,47.0,10.56,33.73,2.09,17.08,18.37
sz002721,3.11,3.1,3.14,3.06,99679.0,0.32,3.1,3086.0,6716.0,3.09,1020.0,3.11,-1.14,1.29,22.98,29.85
sz002722,12.5,12.21,12.67,12.15,15631.0,1.96,12.26,1954.0,9.0,12.49,52.0,12.51,31.23,1.17,21.93,21.93
sz002723,14.64,14.7,15.08,14.5,33451.0,-1.28,14.83,4936.0,6.0,14.62,56.0,14.64,117.76,6.17,36.51,39.44
sz002724,15.2,14.9,15.22,14.05,98530.0,2.01,14.9,14429.0,35.0,15.19,330.0,15.21,37.67,4.66,55.39,118.53
sz002725,7.43,7.43,7.53,7.41,24403.0,-0.67,7.48,1822.0,483.0,7.42,63.0,7.44,-311.97,1.87,14.51,19.02
sz002726,10.35,10.35,10.55,10.26,63617.0,0.49,10.3,6591.0,483.0,10.33,4.0,10.35,10.61,3.14,102.51,103.65
sz002727,33.58,32.64,34.12,32.38,78472.0,3.04,32.59,26341.0,23.0,33.56,13.0,33.58,23.67,3.41,133.42,200.2
sz002728,13.41,13.21,13.45,13.02,48774.0,0.68,13.32,6491.0,145.0,13.39,115.0,13.41,43.64,2.92,17.05,27.3
sz002729,48.76,48.15,48.99,48.15,1383.0,-0.59,49.05,675.0,2.0,48.75,1.0,48.86,220.25,7.77,32.51,32.51
sz002730,10.72,10.94,10.95,10.65,45927.0,-1.83,10.92,4942.0,218.0,10.71,68.0,10.73,61.2,3.51,32.87,34.59
sz002731,6.23,6.26,6.29,6.2,19826.0,-1.11,6.3,1236.0,53.0,6.22,236.0,6.24,82.37,1.25,13.77,15.96
sz002732,23.61,23.7,23.85,23.4,9675.0,-1.21,23.9,2286.0,16.0,23.6,8.0,23.62,26.89,3.51,36.77,37.15
sz002733,16.7,16.75,16.94,15.08,74042.0,-0.3,16.75,12360.0,62.0,16.69,111.0,16.71,121.89,2.23,61.0,64.16
sz002734,11.62,11.6,11.63,11.55,10929.0,0.17,11.6,1267.0,69.0,11.61,110.0,11.63,10.7,1.63,37.64,43.29
sz002735,23.89,23.56,24.1,23.23,10286.0,0.97,23.66,2449.0,21.0,23.85,54.0,23.89,39.4,4.64,22.11,36.43
sz002736,10.58,10.57,10.64,10.55,146243.0,-0.66,10.65,15488.0,83.0,10.57,678.0,10.59,14.79,1.45,933.91,1017.0
sz002737,16.1,15.93,16.27,15.88,83516.0,-0.06,16.11,13425.0,26.0,16.09,215.0,16.11,14.33,2.76,86.83,94.02
sz002738,53.32,52.48,53.8,49.78,197905.0,2.84,51.85,103631.0,418.0,53.31,168.0,53.33,73.8,5.12,138.48,172.02
sz002739,16.24,16.3,16.49,16.23,202395.0,-0.73,16.36,33067.0,585.0,16.23,158.0,16.25,-6.53,3.74,348.78,362.27
sz002740,4.18,4.22,4.3,4.18,49580.0,-1.65,4.25,2088.0,430.0,4.17,7.0,4.19,-1.21,2.06,10.1,18.98
sz002741,17.71,16.03,17.71,16.03,187585.0,10.0,16.1,32295.0,10959.0,17.7,0.0,0.0,110.67,5.36,56.89,66.67
sz002742,5.15,5.32,5.34,5.12,80160.0,-3.2,5.32,4155.0,2554.0,5.14,203.0,5.16,28.33,1.45,21.1,22.25
sz002743,6.09,6.12,6.17,6.07,20578.0,-0.65,6.13,1256.0,267.0,6.08,48.0,6.1,18.38,0.91,25.45,26.51
sz002745,13.68,13.37,13.75,13.28,276045.0,1.26,13.51,37296.0,435.0,13.67,866.0,13.69,41.76,1.62,125.52,203.03
sz002746,6.74,6.74,6.77,6.68,25558.0,0.15,6.73,1719.0,173.0,6.72,93.0,6.74,22.98,1.27,47.83,58.0
sz002747,40.03,38.38,40.52,37.8,117934.0,3.6,38.64,46514.0,10.0,40.01,101.0,40.03,238.07,13.61,296.27,347.86
sz002748,6.48,6.51,6.6,6.16,9646.0,-0.31,6.5,627.0,71.0,6.47,3.0,6.49,-14.71,1.58,15.55,15.55
sz002749,9.16,9.25,9.25,9.13,5741.0,-0.97,9.25,527.0,376.0,9.14,2.0,9.16,25.63,3.47,25.29,39.97
sz002750,7.4,7.43,7.45,7.38,23093.0,-0.8,7.46,1710.0,446.0,7.39,400.0,7.41,159.02,4.64,29.46,29.64
sz002751,18.82,18.92,19.0,18.71,22374.0,-1.36,19.08,4218.0,86.0,18.81,10.0,18.85,41.64,1.97,23.75,29.08
sz002752,5.39,5.4,5.42,5.33,22840.0,-0.37,5.41,1229.0,49.0,5.38,33.0,5.4,100.4,2.0,44.83,52.66
sz002753,9.41,9.18,9.46,9.15,86719.0,1.51,9.27,8115.0,309.0,9.39,18.0,9.41,13.04,1.81,22.82,35.33
sz002755,13.21,13.13,13.36,13.1,13165.0,-0.75,13.31,1737.0,119.0,13.2,32.0,13.22,15.45,4.06,46.72,122.61
sz002756,76.09,72.84,77.06,70.1,152912.0,5.95,71.82,114087.0,9.0,76.08,20.0,76.13,100.27,7.35,201.43,308.89
sz002757,14.49,14.55,14.58,14.45,13026.0,-0.41,14.55,1889.0,96.0,14.48,85.0,14.51,15.08,2.13,38.18,42.81
sz002758,9.48,9.46,9.51,9.44,13397.0,0.11,9.47,1270.0,103.0,9.47,21.0,9.49,10.96,1.58,18.49,46.26
sz002759,38.09,36.51,39.0,35.99,222263.0,-0.03,38.1,83858.0,921.0,38.07,816.0,38.09,263.65,5.64,153.18,153.18
sz002760,29.07,27.28,29.35,27.24,38662.0,7.43,27.06,11032.0,54.0,29.02,84.0,29.09,38.21,3.94,22.12,25.58
sz002761,8.23,8.25,8.27,8.17,18345.0,-0.24,8.25,1506.0,544.0,8.21,27.0,8.23,7.4,1.73,19.92,88.99
sz002762,13.5,13.36,13.55,13.21,163892.0,0.75,13.4,22009.0,1721.0,13.49,391.0,13.51,123.53,4.91,26.01,47.79
sz002763,9.69,9.7,9.8,9.48,51221.0,-1.12,9.8,4925.0,230.0,9.67,90.0,9.69,13.08,2.35,19.17,39.73
sz002765,8.37,7.69,8.5,7.61,490129.0,7.86,7.76,40289.0,380.0,8.36,745.0,8.38,71.47,2.57,33.96,48.14
sz002766,4.33,4.33,4.39,4.27,16146.0,-1.37,4.39,697.0,124.0,4.32,144.0,4.34,-1.33,-2.19,11.24,18.26
sz002767,15.21,15.24,15.33,14.48,77181.0,-2.19,15.55,11533.0,9.0,15.2,20.0,15.22,103.9,3.05,19.02,22.82
sz002768,24.31,24.3,24.52,24.27,14723.0,-0.57,24.45,3583.0,142.0,24.29,37.0,24.31,8.92,2.11,42.96,65.94
sz002769,6.34,6.23,6.47,6.21,68008.0,1.93,6.22,4320.0,724.0,6.33,547.0,6.35,32.88,1.62,16.6,23.67
sz002770,1.96,1.99,1.99,1.95,160186.0,-2.0,2.0,3148.0,2562.0,1.95,3510.0,1.97,-1.75,6.97,11.81,21.46
sz002771,11.31,11.3,11.47,11.27,6268.0,-0.35,11.35,710.0,195.0,11.29,32.0,11.32,149.39,3.41,16.84,23.72
sz002772,14.95,14.96,15.85,14.52,477372.0,-1.97,15.25,71809.0,9.0,14.94,415.0,14.96,38.48,2.16,38.8,60.7
sz002773,21.71,21.49,21.85,21.41,86244.0,-0.05,21.72,18708.0,590.0,21.7,442.0,21.72,-93.8,3.38,147.99,199.62
sz002774,6.45,6.37,6.48,6.33,30211.0,1.42,6.36,1941.0,43.0,6.44,536.0,6.46,50.96,2.02,18.18,21.72
sz002775,4.33,4.31,4.34,4.31,11154.0,0.0,4.33,482.0,1572.0,4.31,467.0,4.33,12.25,1.05,19.32,22.2
sz002776,2.6,2.45,2.6,2.4,366250.0,4.84,2.48,9393.0,1339.0,2.58,3121.0,2.6,-3.59,0.69,13.99,13.99
sz002777,17.41,17.5,17.5,17.25,13210.0,-0.06,17.42,2291.0,55.0,17.37,38.0,17.41,28.57,4.49,51.39,54.67
sz002778,18.2,18.01,18.45,17.9,6246.0,1.05,18.01,1136.0,3.0,18.15,37.0,18.2,23.65,4.48,22.71,22.71
sz002779,11.63,11.35,11.74,11.22,16856.0,1.93,11.41,1944.0,3.0,11.61,68.0,11.63,-76.02,2.49,13.77,15.35
sz002780,18.56,17.75,18.77,17.57,33837.0,4.56,17.75,6227.0,14.0,18.55,42.0,18.57,-54.33,5.1,20.17,26.98
sz002781,7.65,7.61,7.75,7.57,44525.0,-0.26,7.67,3413.0,32.0,7.64,292.0,7.66,-3.12,1.23,15.93,17.21
sz002782,10.63,10.79,10.8,10.48,43453.0,-1.39,10.78,4599.0,128.0,10.62,681.0,10.64,31.14,3.58,49.83,50.69
sz002783,8.89,8.94,8.99,8.78,17286.0,-0.89,8.97,1537.0,258.0,8.88,39.0,8.9,56.58,1.95,29.21,33.94
sz002785,18.15,18.25,18.3,17.98,23806.0,-0.49,18.24,4305.0,1.0,18.13,471.0,18.15,106.34,5.59,29.43,36.3
sz002786,7.0,6.75,7.02,6.7,96279.0,3.09,6.79,6636.0,467.0,6.98,334.0,7.0,-10.55,3.49,26.58,34.69
sz002787,5.59,5.56,5.66,5.55,18233.0,0.0,5.59,1023.0,50.0,5.58,10.0,5.61,36.71,1.19,10.0,17.66
sz002788,7.57,7.55,7.6,7.47,14909.0,-0.26,7.59,1127.0,37.0,7.55,125.0,7.57,10.47,1.26,28.63,29.41
sz002789,11.64,11.71,11.76,11.56,31913.0,-0.77,11.73,3722.0,169.0,11.63,14.0,11.65,-71.08,1.55,10.07,16.07
sz002790,5.55,5.5,5.59,5.47,42928.0,1.83,5.45,2382.0,237.0,5.54,94.0,5.56,18.71,1.35,14.18,23.22
sz002791,200.0,189.99,201.58,188.88,9089.0,4.27,191.81,18004.0,15.0,199.99,1.0,200.03,75.51,16.75,312.87,643.08
sz002792,15.6,15.88,15.98,15.52,22655.0,-1.83,15.89,3547.0,344.0,15.59,45.0,15.61,46.5,2.82,25.57,52.7
sz002793,9.7,9.77,9.81,9.67,12080.0,-0.72,9.77,1174.0,453.0,9.68,188.0,9.7,38.66,3.38,37.08,142.32
sz002795,10.76,10.69,10.98,10.64,17026.0,0.56,10.7,1836.0,278.0,10.73,167.0,10.76,171.64,3.33,19.1,21.52
sz002796,11.26,11.2,11.4,11.14,31290.0,-0.79,11.35,3528.0,146.0,11.24,107.0,11.26,76.84,1.82,24.89,28.42
sz002797,6.61,6.61,6.69,6.59,416038.0,-0.45,6.64,27539.0,1381.0,6.6,3107.0,6.62,46.94,2.0,273.15,277.78
sz002798,15.13,15.19,15.5,15.09,27546.0,-0.33,15.18,4204.0,19.0,15.12,111.0,15.14,9.89,1.38,34.23,58.54
sz002799,13.18,13.35,13.35,13.16,7766.0,-0.98,13.31,1026.0,53.0,13.17,31.0,13.19,29.73,4.77,33.21,33.21
sz002800,13.26,13.24,13.36,13.1,4813.0,-0.15,13.28,636.0,100.0,13.21,83.0,13.26,35.35,2.81,13.3,13.86
sz002801,26.9,27.19,27.24,26.76,24746.0,-1.07,27.19,6655.0,1.0,26.82,158.0,26.9,32.42,5.09,30.5,61.77
sz002802,28.0,27.51,28.13,27.2,17486.0,1.56,27.57,4854.0,99.0,27.94,16.0,28.0,32.2,5.52,29.91,30.33
sz002803,27.19,26.1,27.34,25.85,119280.0,2.6,26.5,31968.0,73.0,27.18,107.0,27.2,17.83,5.62,74.24,102.89
sz002805,25.96,24.99,26.28,24.8,129027.0,-2.77,26.7,33251.0,352.0,25.95,174.0,25.97,-223.93,4.63,25.24,46.19
sz002806,10.93,10.63,11.09,10.53,66012.0,0.28,10.9,7158.0,50.0,10.92,114.0,10.94,-6.59,1.98,12.65,19.69
sz002807,3.95,3.94,3.96,3.93,76196.0,0.0,3.95,3004.0,2459.0,3.93,9112.0,3.95,7.98,0.74,85.69,85.79
sz002808,8.36,8.38,8.41,8.25,56277.0,-0.36,8.39,4682.0,298.0,8.35,890.0,8.37,87.22,3.85,14.33,22.47
sz002809,9.8,9.85,9.88,9.77,8410.0,-0.61,9.86,825.0,61.0,9.79,50.0,9.81,13.46,1.52,13.13,20.26
sz002810,41.2,40.33,42.34,40.1,38705.0,0.83,40.86,16019.0,6.0,41.1,1.0,41.2,47.91,10.95,130.53,140.65
sz002811,8.27,8.15,8.4,8.04,20914.0,1.97,8.11,1728.0,161.0,8.25,82.0,8.27,70.06,1.62,20.14,22.33
sz002812,247.5,228.02,251.99,226.02,101724.0,5.72,234.11,249288.0,32.0,247.48,120.0,247.5,156.57,19.33,1519.55,2206.78
sz002813,25.15,25.53,25.53,24.89,19608.0,-1.6,25.56,4916.0,4.0,25.14,7.0,25.16,33.84,11.43,13.84,30.18
sz002815,12.29,12.14,12.34,12.04,39666.0,1.07,12.16,4838.0,540.0,12.27,2.0,12.29,24.58,2.74,52.81,107.62
sz002816,22.33,22.03,22.88,22.02,6094.0,-1.19,22.6,1364.0,21.0,22.31,15.0,22.33,-43.22,5.64,21.76,22.33
sz002817,11.7,11.13,11.74,11.11,66997.0,4.65,11.18,7701.0,160.0,11.68,43.0,11.7,53.14,3.24,14.27,25.0
sz002818,12.5,12.2,12.56,12.16,32109.0,2.12,12.24,3980.0,175.0,12.49,29.0,12.51,11.95,1.77,37.3,93.56
sz002819,29.98,29.53,30.1,29.53,5897.0,-0.5,30.13,1764.0,25.0,29.96,11.0,29.98,84.58,8.5,41.84,47.88
sz002820,10.63,10.57,10.64,10.49,11783.0,0.47,10.58,1248.0,195.0,10.61,169.0,10.63,73.57,2.09,21.51,21.77
sz002821,367.45,338.0,371.8,338.0,38154.0,8.01,340.21,137638.0,6.0,367.3,1.0,367.45,116.03,14.47,856.1,891.53
sz002822,5.99,5.96,6.07,5.92,130812.0,0.5,5.96,7844.0,615.0,5.97,1572.0,5.99,16.08,1.3,38.12,43.21
sz002823,10.83,10.6,10.84,10.5,20541.0,2.17,10.6,2194.0,188.0,10.81,433.0,10.83,35.26,2.34,17.25,31.09
sz002824,34.03,34.49,34.6,32.04,41604.0,0.09,34.0,14061.0,92.0,33.99,266.0,34.03,54.73,6.88,38.2,62.46
sz002825,14.07,13.74,14.14,13.7,11164.0,2.33,13.75,1561.0,17.0,14.04,19.0,14.07,22.13,2.38,12.91,24.09
sz002826,9.15,9.25,9.36,9.07,74349.0,-3.68,9.5,6809.0,236.0,9.14,84.0,9.16,43.32,2.53,12.25,17.49
sz002827,10.58,10.58,10.84,10.54,30940.0,-1.03,10.69,3291.0,174.0,10.56,23.0,10.58,56.46,4.06,29.2,29.2
sz002828,8.56,8.38,8.57,8.25,47058.0,0.94,8.48,3959.0,841.0,8.55,401.0,8.57,67.17,1.77,12.87,17.2
sz002829,33.25,32.99,33.41,32.51,18180.0,0.48,33.09,6015.0,15.0,33.24,10.0,33.26,43.68,5.02,28.48,51.43
sz002830,9.69,9.61,9.78,9.61,4963.0,0.1,9.68,482.0,18.0,9.68,55.0,9.7,39.99,2.1,6.46,12.92
sz002831,29.45,29.19,29.5,28.68,16878.0,1.24,29.09,4918.0,27.0,29.39,84.0,29.45,23.94,3.26,153.1,274.04
sz002832,25.46,24.7,25.58,24.63,36029.0,1.84,25.0,9071.0,52.0,25.42,23.0,25.46,26.27,5.78,93.84,139.99
sz002833,36.11,35.3,36.18,34.99,33245.0,1.86,35.45,11882.0,9.0,36.09,161.0,36.11,26.27,5.92,64.95,109.42
sz002835,12.23,11.93,12.36,11.85,40005.0,2.69,11.91,4864.0,215.0,12.21,341.0,12.23,40.7,3.56,15.35,26.86
sz002836,8.82,8.81,8.91,8.75,6052.0,0.34,8.79,533.0,12.0,8.79,24.0,8.82,47.04,3.98,14.11,14.11
sz002837,17.88,17.73,17.93,17.56,11584.0,0.73,17.75,2065.0,1.0,17.87,26.0,17.89,28.48,4.17,45.21,57.62
sz002838,17.74,17.76,17.88,17.68,19468.0,0.0,17.74,3456.0,101.0,17.73,75.0,17.75,8.46,3.98,61.65,72.38
sz002839,5.51,5.5,5.52,5.46,185085.0,0.0,5.51,10158.0,1920.0,5.49,5709.0,5.51,9.56,0.89,79.33,99.62
sz002840,8.9,8.84,9.03,8.82,26351.0,0.11,8.89,2346.0,44.0,8.88,170.0,8.9,20.86,2.26,38.82,39.84
sz002841,117.6,114.4,118.48,112.91,10848.0,3.58,113.54,12587.0,2.0,117.55,27.0,117.6,40.47,11.67,461.17,785.6
sz002842,9.46,9.24,9.53,9.17,66183.0,1.94,9.28,6233.0,163.0,9.44,331.0,9.46,58.42,2.78,20.07,25.89
sz002843,7.97,7.87,8.03,7.87,9063.0,0.89,7.9,723.0,21.0,7.96,62.0,7.99,37.76,3.52,16.74,16.74
sz002845,26.22,25.8,26.44,25.7,42845.0,1.43,25.85,11201.0,34.0,26.2,161.0,26.22,17.8,2.51,41.37,61.44
sz002846,8.76,8.71,8.85,8.66,36918.0,-0.45,8.8,3239.0,365.0,8.75,166.0,8.77,35.69,3.62,19.51,27.89
sz002847,98.65,95.15,101.2,94.5,24527.0,3.33,95.47,24241.0,42.0,98.64,3.0,98.66,47.87,17.61,110.81,127.61
sz002848,9.28,9.28,9.35,9.2,11278.0,0.22,9.26,1044.0,132.0,9.26,138.0,9.28,-4.22,4.57,14.71,15.51
sz002849,12.55,12.44,12.65,12.4,10392.0,0.56,12.48,1304.0,97.0,12.54,10.0,12.56,20.73,2.13,12.63,16.61
sz002850,93.0,86.26,93.88,84.05,44041.0,7.76,86.3,39885.0,200.0,92.95,1.0,93.01,86.34,5.38,143.2,216.62
sz002851,29.58,28.52,29.9,27.9,61829.0,3.83,28.49,18084.0,16.0,29.56,366.0,29.58,34.75,4.84,113.71,148.46
sz002852,14.35,14.39,14.6,14.21,14815.0,0.0,14.35,2133.0,3.0,14.33,3.0,14.35,-113.11,2.21,29.47,41.47
sz002853,21.95,21.75,22.0,21.67,4396.0,0.6,21.82,963.0,12.0,21.92,107.0,21.95,17.95,2.1,16.37,40.95
sz002855,9.5,9.49,9.52,9.4,11379.0,0.11,9.49,1078.0,87.0,9.48,25.0,9.5,20.42,1.71,23.39,23.81
sz002856,11.84,11.74,12.35,11.7,7598.0,0.68,11.76,901.0,123.0,11.83,46.0,11.85,57.29,1.93,11.55,16.02
sz002857,14.09,14.1,14.44,14.06,6052.0,-0.7,14.19,856.0,45.0,14.08,1.0,14.1,85.37,3.67,12.86,18.04
sz002858,16.64,16.58,16.93,16.45,44667.0,-0.83,16.78,7436.0,1.0,16.6,30.0,16.64,-47.31,6.09,15.89,21.02
sz002859,32.25,31.14,32.61,30.6,91966.0,3.04,31.3,29221.0,175.0,32.23,60.0,32.26,39.33,7.5,129.91,132.23
sz002860,16.48,16.41,16.71,16.4,10628.0,-0.36,16.54,1752.0,2.0,16.43,170.0,16.48,25.07,3.32,23.48,33.12
sz002861,14.52,14.65,14.7,14.4,8609.0,-0.89,14.65,1253.0,23.0,14.5,26.0,14.52,50.47,2.14,15.68,22.96
sz002862,14.12,14.28,14.47,13.97,42999.0,-0.98,14.26,6089.0,48.0,14.1,218.0,14.12,-49.86,3.26,8.7,16.94
sz002863,5.02,5.02,5.04,5.0,28051.0,-0.4,5.04,1408.0,659.0,5.01,1348.0,5.03,36.5,1.35,25.04,25.04
sz002864,24.28,24.18,24.42,24.0,13764.0,0.17,24.24,3335.0,18.0,24.26,34.0,24.31,24.18,2.94,13.43,21.04
sz002865,21.75,21.31,22.6,21.27,48731.0,1.12,21.51,10632.0,117.0,21.74,55.0,21.76,78.97,2.73,27.99,28.82
sz002866,14.69,14.66,14.8,14.4,44734.0,0.62,14.6,6525.0,19.0,14.68,498.0,14.7,26.09,2.3,25.15,42.26
sz002867,19.01,19.22,19.64,18.82,66744.0,-1.04,19.21,12753.0,198.0,18.99,9.0,19.01,18.15,3.7,204.01,208.39
sz002868,11.03,11.02,11.1,10.98,2669.0,0.09,11.02,294.0,1.0,11.01,100.0,11.04,52.89,2.3,17.14,17.14
sz002869,21.11,20.72,21.29,20.5,55513.0,0.96,20.91,11671.0,914.0,21.1,61.0,21.12,7.36,1.75,31.49,38.13
sz002870,32.05,32.06,32.48,31.68,17354.0,-1.57,32.56,5560.0,79.0,32.04,1.0,32.06,32.98,4.57,15.52,35.47
sz002871,9.59,9.5,9.65,9.21,8702.0,1.05,9.49,830.0,49.0,9.53,151.0,9.59,26.73,2.4,8.46,16.22
sz002872,5.63,5.47,5.63,5.47,15620.0,2.18,5.51,865.0,1118.0,5.61,249.0,5.63,-3.52,0.77,12.11,17.9
sz002873,17.79,17.73,18.03,17.7,17804.0,-0.39,17.86,3179.0,116.0,17.78,6.0,17.8,21.63,2.56,19.77,20.84
sz002875,11.58,11.31,11.65,11.2,47559.0,1.94,11.36,5438.0,35.0,11.56,28.0,11.58,-1547.79,2.22,9.19,19.72
sz002876,66.7,65.01,66.99,64.29,35714.0,2.3,65.2,23675.0,255.0,66.69,1.0,66.72,63.75,6.17,95.64,115.98
sz002877,6.68,6.64,6.75,6.58,11927.0,0.45,6.65,797.0,111.0,6.67,193.0,6.69,38.5,3.06,13.75,22.21
sz002878,17.68,17.5,17.7,17.5,14006.0,0.57,17.58,2468.0,57.0,17.67,1040.0,17.69,22.75,5.0,33.26,39.15
sz002879,15.99,15.95,16.04,15.87,8843.0,0.44,15.92,1413.0,44.0,15.98,29.0,16.0,19.13,2.03,20.52,30.88
sz002880,37.4,37.7,38.17,37.28,8973.0,-1.16,37.84,3369.0,2.0,37.38,181.0,37.4,45.68,5.2,84.82,84.82
sz002881,28.75,27.98,28.75,26.93,61201.0,0.84,28.51,16983.0,864.0,28.74,36.0,28.76,137.35,9.4,30.9,53.05
sz002882,8.7,8.7,8.76,8.68,6003.0,-0.46,8.74,523.0,201.0,8.68,30.0,8.7,16.8,1.9,21.45,37.66
sz002883,11.41,11.44,11.55,11.39,4915.0,-0.26,11.44,562.0,160.0,11.39,3.0,11.41,19.66,2.65,10.19,14.86
sz002884,21.36,21.42,21.54,21.19,12489.0,-0.6,21.49,2661.0,210.0,21.34,41.0,21.36,19.71,3.67,57.88,75.96
sz002885,16.38,16.41,16.49,16.03,66354.0,-1.86,16.69,10789.0,88.0,16.37,148.0,16.39,147.77,3.74,19.53,29.48
sz002886,16.15,15.95,16.3,15.68,64924.0,1.19,15.96,10408.0,40.0,16.14,460.0,16.16,44.99,3.24,27.81,36.59
sz002887,10.7,10.68,10.75,10.61,9789.0,-0.09,10.71,1045.0,225.0,10.69,161.0,10.71,11.35,1.67,17.29,33.38
sz002888,11.99,11.95,12.08,11.88,7349.0,0.33,11.95,882.0,96.0,11.98,153.0,12.0,60.65,4.12,9.02,17.94
sz002889,24.78,24.72,24.92,24.6,4645.0,-0.08,24.8,1148.0,81.0,24.77,73.0,24.81,16.31,1.93,22.36,34.22
sz002890,17.32,17.15,17.6,17.15,10776.0,-0.06,17.33,1876.0,113.0,17.31,2.0,17.38,58.94,2.91,11.55,16.17
sz002891,41.45,42.0,42.18,40.56,42067.0,-2.22,42.39,17432.0,30.0,41.44,9.0,41.46,82.51,6.97,121.91,121.91
sz002892,21.95,21.66,22.18,21.44,76242.0,0.5,21.84,16636.0,4.0,21.93,296.0,21.95,42.22,5.95,25.49,43.67
sz002893,10.09,10.11,10.2,9.99,53086.0,-1.27,10.22,5335.0,364.0,10.07,234.0,10.09,36.32,2.73,20.36,20.46
sz002895,18.45,18.03,18.9,17.17,329726.0,1.1,18.25,59996.0,290.0,18.43,15.0,18.47,59.48,3.02,89.26,90.11
sz002896,19.7,19.53,20.24,19.51,33164.0,0.87,19.53,6587.0,14.0,19.68,23.0,19.7,26.21,2.88,20.49,20.49
sz002897,20.48,20.66,20.79,20.34,15036.0,-1.68,20.83,3085.0,219.0,20.47,21.0,20.49,19.78,2.61,32.16,34.95
sz002898,10.01,9.93,10.02,9.88,5652.0,0.6,9.95,564.0,51.0,9.99,37.0,10.01,-30.59,2.99,10.11,17.62
sz002899,13.09,13.18,13.18,12.93,9072.0,0.08,13.08,1180.0,42.0,13.08,125.0,13.1,35.71,1.45,15.71,15.71
sz002900,29.79,28.72,30.18,28.5,152885.0,2.2,29.15,45287.0,241.0,29.77,139.0,29.79,16.82,4.08,50.88,94.32
sz002901,66.7,66.77,67.63,66.0,14638.0,-0.18,66.82,9780.0,23.0,66.66,49.0,66.71,41.76,13.64,227.19,270.23
sz002902,12.94,12.57,13.3,12.26,76473.0,2.13,12.67,9754.0,44.0,12.91,3.0,12.94,172.15,2.57,17.31,27.17
sz002903,13.99,13.9,14.25,13.88,45036.0,-0.29,14.03,6324.0,245.0,13.98,55.0,14.0,29.28,3.2,12.77,21.31
sz002905,8.54,8.48,8.66,8.46,32459.0,0.0,8.54,2784.0,610.0,8.52,365.0,8.54,-9.56,3.46,29.84,32.14
sz002906,30.99,29.45,31.4,29.11,89456.0,5.3,29.43,27361.0,393.0,30.97,322.0,30.99,67.28,4.14,146.02,146.94
sz002907,12.93,12.81,13.1,12.81,16878.0,1.02,12.8,2188.0,118.0,12.92,90.0,12.94,40.64,4.61,36.7,51.94
sz002908,17.22,17.42,17.63,17.06,58404.0,-2.6,17.68,10128.0,54.0,17.21,267.0,17.23,46.75,4.51,25.46,34.6
sz002909,9.4,9.41,9.42,9.34,5794.0,-0.11,9.41,543.0,5.0,9.38,19.0,9.4,21.94,2.96,20.33,25.05
sz002910,11.49,11.38,11.87,11.29,87131.0,-1.29,11.64,9990.0,48.0,11.47,50.0,11.49,64.22,1.67,19.66,26.7
sz002911,9.07,9.08,9.12,9.03,10492.0,-0.11,9.08,951.0,243.0,9.06,158.0,9.08,17.56,2.51,85.67,85.73
sz002912,39.95,39.65,40.17,39.2,11702.0,0.03,39.94,4640.0,8.0,39.94,1.0,39.99,30.67,3.86,46.74,69.94
sz002913,77.68,75.0,77.8,74.6,5742.0,2.94,75.46,4394.0,5.0,77.66,136.0,77.68,28.52,3.97,100.4,123.41
sz002915,20.42,19.78,20.6,19.56,71790.0,2.51,19.92,14563.0,65.0,20.4,500.0,20.42,28.6,4.12,30.18,42.44
sz002916,107.57,107.39,108.28,106.0,29160.0,0.17,107.39,31342.0,19.0,107.56,7.0,107.58,37.68,7.24,520.0,526.36
sz002917,8.86,8.72,9.06,8.72,23755.0,1.26,8.75,2114.0,92.0,8.84,34.0,8.86,33.17,3.22,16.46,24.04
sz002918,31.02,30.27,31.8,29.9,35548.0,2.44,30.28,11051.0,86.0,31.0,12.0,31.12,22.15,3.81,66.43,127.1
sz002919,42.07,41.7,42.57,40.9,5932.0,1.23,41.56,2467.0,34.0,41.83,31.0,42.07,32.34,7.49,28.77,51.38
sz002920,115.89,112.0,117.0,110.38,59977.0,0.56,115.25,68580.0,9.0,115.86,108.0,115.9,92.23,13.56,637.22,637.39
sz002921,15.56,15.4,15.72,15.3,7302.0,0.19,15.53,1137.0,4.0,15.54,40.0,15.57,19.52,2.08,12.73,16.51
sz002922,11.08,10.82,11.21,10.76,142777.0,1.28,10.94,15732.0,1020.0,11.07,1205.0,11.09,19.05,2.1,30.67,32.83
sz002923,22.6,21.68,23.11,21.6,27892.0,4.2,21.69,6236.0,124.0,22.58,1.0,22.61,30.23,4.2,31.99,42.01
sz002925,38.37,37.75,38.59,37.42,17679.0,0.95,38.01,6731.0,10.0,38.35,141.0,38.37,26.94,5.87,279.66,299.92
sz002926,9.27,9.22,9.28,9.2,76486.0,0.0,9.27,7077.0,575.0,9.25,1184.0,9.27,13.18,1.12,173.93,243.34
sz002927,10.08,10.01,10.09,10.0,7331.0,0.5,10.03,737.0,56.0,10.07,152.0,10.09,26.08,2.7,22.41,22.55
sz002928,15.39,14.5,15.48,14.5,58671.0,3.99,14.8,8947.0,232.0,15.38,88.0,15.4,23.59,4.15,155.99,155.99
sz002929,25.75,25.51,25.85,25.26,13532.0,0.27,25.68,3464.0,24.0,25.72,27.0,25.75,21.28,1.82,41.7,56.84
sz002930,16.6,16.42,17.0,16.22,40802.0,1.53,16.35,6790.0,825.0,16.59,118.0,16.61,28.17,3.8,71.2,73.93
sz002931,12.76,12.75,13.04,12.6,43819.0,-1.09,12.9,5580.0,806.0,12.74,72.0,12.76,27.36,4.05,22.79,25.4
sz002932,90.75,90.0,91.57,88.91,12454.0,-0.11,90.85,11212.0,69.0,90.7,2.0,90.83,7.75,4.3,27.25,62.62
sz002933,24.71,24.6,24.9,24.49,6490.0,0.16,24.67,1600.0,63.0,24.68,76.0,24.71,47.26,1.89,13.04,29.0
sz002935,20.72,20.48,20.89,20.41,19040.0,-0.38,20.8,3941.0,28.0,20.7,55.0,20.72,40.78,3.35,22.62,43.1
sz002936,3.62,3.63,3.63,3.61,50802.0,-0.28,3.63,1837.0,8777.0,3.6,4399.0,3.62,8.51,0.72,79.63,272.01
sz002937,14.0,13.82,14.14,13.79,37173.0,0.94,13.87,5202.0,307.0,13.97,203.0,14.01,29.76,4.27,13.66,41.65
sz002938,34.55,34.15,35.0,34.02,137056.0,-1.23,34.98,47353.0,188.0,34.54,73.0,34.56,27.68,3.84,178.69,798.6
sz002939,9.8,9.81,9.95,9.76,167472.0,-0.91,9.89,16474.0,391.0,9.79,42.0,9.81,21.18,1.65,163.09,304.13
sz002940,33.95,34.35,34.39,33.66,16949.0,0.0,33.95,5761.0,267.0,33.94,50.0,33.96,21.06,2.51,16.92,32.57
sz002941,10.72,10.78,10.79,10.65,27534.0,-0.19,10.74,2945.0,192.0,10.7,657.0,10.72,52.57,2.85,20.65,69.15
sz002942,23.22,23.32,23.47,23.0,7604.0,-0.47,23.33,1763.0,7.0,23.18,5.0,23.22,17.74,2.53,9.47,27.86
sz002943,17.37,16.74,17.46,16.71,35467.0,3.39,16.8,6075.0,800.0,17.36,56.0,17.38,-5231.88,2.26,9.18,17.37
sz002945,12.64,12.51,12.75,12.51,49470.0,0.16,12.62,6247.0,1293.0,12.62,176.0,12.64,41.11,5.74,95.41,341.28
sz002946,14.28,14.48,14.53,14.12,35951.0,-2.86,14.7,5132.0,781.0,14.27,75.0,14.29,37.91,4.72,20.89,123.85
sz002947,26.52,25.11,26.7,24.9,22986.0,6.51,24.9,5999.0,83.0,26.5,338.0,26.52,46.59,3.4,16.77,43.66
sz002948,4.95,4.95,4.96,4.93,72059.0,0.0,4.95,3567.0,556.0,4.94,3693.0,4.96,8.98,0.99,29.95,223.23
sz002949,16.79,16.78,17.08,16.77,8536.0,-1.06,16.97,1440.0,36.0,16.78,655.0,16.8,17.15,2.75,15.7,32.91
sz002950,16.15,16.0,16.23,15.91,21795.0,0.75,16.03,3515.0,5.0,16.13,219.0,16.15,8.65,4.13,36.1,102.27
sz002951,10.53,10.4,10.78,10.4,6400.0,0.67,10.46,673.0,151.0,10.51,207.0,10.53,22.3,3.02,7.55,42.65
sz002952,14.54,14.98,14.99,14.26,27382.0,-0.89,14.67,3984.0,46.0,14.5,7.0,14.54,28.19,2.99,10.13,23.9
sz002953,14.3,14.35,14.47,14.29,8670.0,-0.56,14.38,1243.0,80.0,14.29,85.0,14.31,27.02,3.26,10.55,34.8
sz002955,18.81,18.75,18.87,18.66,10855.0,0.27,18.76,2036.0,14.0,18.78,148.0,18.81,32.6,1.47,18.29,44.44
sz002956,28.79,28.6,29.14,28.56,9993.0,0.98,28.51,2885.0,51.0,28.77,185.0,28.79,30.66,3.4,19.68,46.06
sz002957,27.24,27.72,27.85,26.6,59659.0,-2.71,28.0,16185.0,156.0,27.23,22.0,27.25,34.69,4.53,41.92,112.18
sz002958,4.12,4.16,4.16,4.11,217554.0,-0.24,4.13,8980.0,1522.0,4.11,1790.0,4.13,7.58,0.86,111.06,228.89
sz002959,69.71,70.21,71.25,69.02,10824.0,-1.54,70.8,7572.0,3.0,69.7,8.0,69.72,26.28,5.76,53.13,109.06
sz002960,24.8,26.24,26.65,24.72,51382.0,-2.44,25.42,13068.0,7.0,24.79,16.0,24.86,18.02,2.73,43.25,85.76
sz002961,20.8,20.36,21.33,20.36,21692.0,1.46,20.5,4529.0,54.0,20.79,10.0,20.81,29.28,5.03,22.61,92.56
sz002962,14.22,14.08,14.33,13.89,60581.0,-0.49,14.29,8560.0,283.0,14.2,102.0,14.22,27.6,2.37,23.49,41.76
sz002963,16.16,15.84,16.25,15.76,19312.0,2.21,15.81,3100.0,130.0,16.15,29.0,16.17,50.85,1.46,11.15,24.3
sz002965,27.51,26.37,27.51,26.26,17730.0,10.0,25.01,4854.0,16571.0,27.5,0.0,0.0,27.12,2.41,20.62,41.46
sz002966,7.71,7.66,7.75,7.63,187595.0,0.78,7.65,14450.0,431.0,7.69,5.0,7.71,9.57,0.86,125.27,257.0
sz002967,40.45,39.95,40.73,39.54,53844.0,1.51,39.85,21603.0,7.0,40.43,7.0,40.45,83.62,7.44,76.65,232.68
sz002968,41.8,41.04,42.9,40.91,7954.0,1.85,41.04,3319.0,12.0,41.56,7.0,41.8,47.81,7.44,29.13,68.04
sz002969,4.81,4.8,4.81,4.77,14121.0,0.0,4.81,677.0,145.0,4.79,539.0,4.81,44.75,2.16,21.36,46.19
sz002970,41.36,41.02,41.58,40.4,6347.0,-0.1,41.4,2608.0,26.0,41.35,10.0,41.39,35.82,4.94,35.84,71.59
sz002971,17.66,17.35,17.76,17.25,9749.0,1.85,17.34,1709.0,24.0,17.64,41.0,17.66,29.13,2.63,18.64,28.26
sz002972,16.92,16.61,16.93,16.56,4010.0,1.68,16.64,672.0,20.0,16.9,44.0,16.92,20.73,2.67,9.9,29.83
sz002973,16.17,15.88,16.25,15.88,16711.0,2.6,15.76,2688.0,39.0,16.15,120.0,16.17,17.58,4.51,17.22,66.08
sz002975,83.36,85.28,86.51,82.66,16495.0,-2.47,85.47,13871.0,112.0,83.3,4.0,83.36,30.39,8.53,32.45,116.44
sz002976,21.13,20.7,21.5,20.7,20997.0,2.13,20.69,4444.0,150.0,21.11,108.0,21.13,45.84,3.29,7.45,25.36
sz002977,81.96,81.2,82.35,80.51,5481.0,0.87,81.25,4481.0,2.0,81.95,33.0,81.98,58.0,6.38,26.28,58.6
sz002978,61.8,60.0,62.92,59.01,32863.0,1.49,60.89,20204.0,78.0,61.79,9.0,61.81,28.59,5.89,58.71,247.82
sz002979,31.74,31.93,32.14,31.11,47904.0,-0.84,32.01,15201.0,13.0,31.72,9.0,31.74,45.69,8.31,49.96,95.73
sz002980,35.03,35.09,35.27,34.85,3350.0,-0.48,35.2,1172.0,10.0,35.0,89.0,35.03,16.19,4.91,11.68,46.71
sz002981,25.08,24.58,25.1,24.58,3178.0,0.84,24.87,793.0,63.0,25.07,55.0,25.09,52.82,2.88,6.02,24.08
sz002982,41.8,41.49,41.94,41.35,3963.0,0.12,41.75,1648.0,9.0,41.78,52.0,41.8,57.43,2.67,19.29,42.59
sz002983,30.42,29.7,30.56,29.32,13762.0,2.05,29.81,4141.0,46.0,30.4,31.0,30.42,46.44,4.11,12.07,43.1
sz002984,36.5,34.01,36.61,33.98,27457.0,5.86,34.48,9839.0,65.0,36.48,44.0,36.5,24.11,4.09,25.18,237.13
sz002985,96.38,95.4,98.67,94.88,28326.0,0.51,95.89,27461.0,15.0,96.35,22.0,96.38,67.79,11.32,126.38,246.03
sz002986,26.03,25.55,26.18,25.41,6596.0,1.92,25.54,1706.0,8.0,26.02,1.0,26.04,127.83,2.13,27.75,41.3
sz002987,31.35,31.68,31.8,31.0,19261.0,-1.29,31.76,6044.0,31.0,31.33,59.0,31.35,23.18,3.86,29.15,70.51
sz002988,13.77,13.64,13.82,13.6,21127.0,0.73,13.67,2902.0,129.0,13.75,100.0,13.77,25.47,1.54,11.6,32.05
sz002989,31.57,31.5,31.72,31.22,4427.0,0.38,31.45,1395.0,19.0,31.56,71.0,31.58,23.86,3.0,24.1,47.8
sz002990,30.48,30.45,30.79,30.3,7004.0,-0.72,30.7,2136.0,421.0,30.47,7.0,30.5,36.42,3.93,19.24,78.33
sz002991,61.8,60.33,62.21,60.2,7064.0,2.27,60.43,4352.0,9.0,61.78,78.0,61.8,31.34,4.14,14.4,57.61
sz002992,15.98,16.13,16.28,15.94,11794.0,-0.81,16.11,1893.0,258.0,15.97,7.0,15.99,-191.85,1.93,7.17,28.66
sz002993,43.48,43.69,44.05,42.55,33298.0,-0.93,43.89,14433.0,73.0,43.47,51.0,43.49,28.04,4.44,25.55,102.2
sz002995,30.21,30.16,30.24,30.01,2791.0,0.2,30.15,841.0,5.0,30.19,2.0,30.21,25.33,2.61,6.84,27.35
sz002996,17.23,16.81,17.69,16.81,45090.0,1.59,16.96,7823.0,155.0,17.22,22.0,17.24,31.38,3.98,9.13,75.64
sz002997,17.74,17.62,17.87,17.61,14249.0,-0.45,17.82,2526.0,187.0,17.72,39.0,17.74,33.95,3.06,8.14,32.57
sz002998,10.24,10.14,10.28,10.07,23927.0,0.69,10.17,2442.0,95.0,10.23,395.0,10.25,19.56,2.32,8.36,33.42
sz002999,7.59,7.58,7.61,7.53,18107.0,0.13,7.58,1372.0,655.0,7.57,568.0,7.59,32.79,2.54,6.6,26.38
sz003000,13.38,13.34,13.54,13.27,13249.0,0.38,13.33,1778.0,190.0,13.37,41.0,13.39,54.62,5.91,5.35,53.95
sz003001,24.38,24.08,24.67,23.88,13619.0,1.29,24.07,3321.0,8.0,24.37,18.0,24.39,29.86,2.34,7.68,31.09
sz003002,12.43,12.3,12.43,12.26,8642.0,0.49,12.37,1067.0,85.0,12.38,37.0,12.43,25.59,2.58,6.21,24.86
sz003003,14.19,14.12,14.21,14.05,9538.0,0.57,14.11,1349.0,87.0,14.18,168.0,14.2,40.58,2.07,6.27,25.08
sz003004,27.59,27.48,27.75,27.3,4234.0,0.77,27.38,1167.0,13.0,27.56,107.0,27.6,42.72,3.34,5.64,22.58
sz003005,37.32,37.16,37.33,36.8,4013.0,0.38,37.18,1490.0,14.0,37.26,15.0,37.32,21.04,2.82,9.89,39.56
sz003006,23.04,22.13,23.13,22.03,15248.0,4.49,22.05,3460.0,20.0,23.03,11.0,23.05,47.37,9.16,9.86,98.56
sz003007,20.73,20.75,20.85,20.55,7816.0,-0.14,20.76,1618.0,10.0,20.69,80.0,20.73,50.88,2.45,5.39,21.56
sz003008,33.75,33.1,33.94,33.1,9043.0,0.99,33.42,3039.0,6.0,33.73,15.0,33.75,33.3,2.77,6.75,27.0
sz003009,53.23,52.4,53.82,51.88,16052.0,1.26,52.57,8511.0,99.0,53.21,4.0,53.23,61.93,6.5,20.68,82.72
sz003010,27.24,26.99,27.31,26.99,5541.0,0.7,27.05,1504.0,20.0,27.23,107.0,27.25,35.37,3.13,8.29,33.15
sz003011,33.45,33.37,33.73,33.01,4328.0,0.24,33.37,1447.0,2.0,33.39,1.0,33.45,18.83,2.77,8.59,34.35
sz003012,15.48,15.39,15.85,15.33,44383.0,-0.45,15.55,6914.0,320.0,15.47,33.0,15.5,17.92,2.52,22.14,181.58
sz003013,21.98,21.79,22.1,21.62,20053.0,-0.18,22.02,4374.0,271.0,21.96,12.0,21.98,28.62,5.28,8.79,87.92
sz003015,12.46,12.3,12.47,12.26,15532.0,0.89,12.35,1926.0,165.0,12.44,108.0,12.46,32.74,3.17,8.76,35.02
sz003016,17.23,17.88,18.08,16.95,95498.0,-1.54,17.5,16532.0,35.0,17.21,284.0,17.23,31.88,2.6,18.38,74.38
sz003017,40.71,39.49,40.92,39.4,8969.0,2.6,39.68,3637.0,19.0,40.69,14.0,40.71,25.46,2.58,6.11,24.43
sz003018,11.28,11.2,11.34,11.12,12754.0,0.09,11.27,1435.0,207.0,11.27,145.0,11.29,28.68,2.42,7.33,29.33
sz003019,26.51,26.56,26.75,26.36,8942.0,-0.15,26.55,2368.0,114.0,26.5,13.0,26.52,31.93,2.87,8.48,33.93
sz003020,51.6,50.2,51.73,49.55,8361.0,3.16,50.02,4252.0,1.0,51.55,43.0,51.6,32.35,4.09,11.95,47.8
sz003021,54.3,56.99,57.53,54.1,27157.0,-4.97,57.14,15011.0,104.0,54.29,21.0,54.33,37.93,3.28,23.17,93.09
sz003022,32.22,28.94,32.22,28.52,216294.0,10.0,29.29,66813.0,18709.0,32.21,0.0,0.0,53.02,7.52,61.72,430.32
sz003023,29.82,29.64,29.93,29.64,3576.0,0.0,29.82,1066.0,6.0,29.79,21.0,29.82,19.36,1.91,6.05,24.16
sz003025,29.02,29.93,30.99,28.3,34888.0,-3.52,30.08,10327.0,29.0,29.01,87.0,29.03,28.22,3.78,8.17,32.66
sz003026,96.2,92.98,97.22,92.1,31997.0,1.0,95.25,30420.0,87.0,96.19,1.0,96.21,87.58,14.06,24.0,95.97
sz003027,27.18,27.23,27.7,27.16,14779.0,-0.04,27.19,4049.0,120.0,27.16,195.0,27.18,21.58,2.34,8.83,35.34
sz003816,2.67,2.68,2.68,2.66,661719.0,-0.37,2.68,17643.0,8562.0,2.66,67042.0,2.68,12.96,1.38,260.44,1348.31
sz300001,32.88,30.94,34.2,30.4,441732.0,4.88,31.35,143380.0,0.0,0.0,0.0,0.0,131.03,6.0,310.63,342.19
sz300002,4.82,4.76,4.96,4.72,421477.0,0.42,4.8,20436.0,0.0,0.0,0.0,0.0,22.84,2.36,78.51,94.52
sz300003,29.96,30.0,30.31,29.89,143971.0,-0.6,30.14,43252.0,0.0,0.0,0.0,0.0,25.21,5.29,457.5,540.65
sz300004,5.61,5.56,5.65,5.52,34562.0,0.9,5.56,1929.0,0.0,0.0,0.0,0.0,16.58,1.19,23.85,26.93
sz300005,9.99,9.8,10.04,9.76,94680.0,0.6,9.93,9412.0,0.0,0.0,0.0,0.0,-34.28,4.16,70.56,88.28
sz300006,7.31,7.27,7.49,7.16,119249.0,0.14,7.3,8766.0,0.0,0.0,0.0,0.0,-28.62,3.37,59.37,77.19
sz300007,19.68,18.69,19.68,18.4,201093.0,3.58,19.0,38582.0,0.0,0.0,0.0,0.0,26.46,3.65,48.14,57.67
sz300008,5.37,5.35,5.48,5.34,320853.0,-0.74,5.41,17314.0,0.0,0.0,0.0,0.0,377.72,5.59,69.1,92.8
sz300009,14.51,14.38,14.66,14.3,146698.0,0.42,14.45,21289.0,0.0,0.0,0.0,0.0,58.97,8.04,168.24,237.74
sz300010,5.48,5.67,5.68,5.47,461893.0,-3.35,5.67,25577.0,0.0,0.0,0.0,0.0,-1.93,6.63,39.86,47.58
sz300011,5.87,5.91,5.93,5.83,63577.0,-0.68,5.91,3736.0,0.0,0.0,0.0,0.0,-7.54,2.22,28.66,32.79
sz300012,28.39,28.31,28.9,27.9,159390.0,0.04,28.38,45329.0,0.0,0.0,0.0,0.0,71.4,12.41,430.56,474.44
sz300013,4.64,4.69,4.72,4.61,61911.0,-1.49,4.71,2881.0,0.0,0.0,0.0,0.0,-3.37,10.18,20.69,20.73
sz300014,115.06,101.18,116.56,98.98,672715.0,13.3,101.55,742928.0,0.0,0.0,0.0,0.0,106.18,14.28,2104.57,2172.86
sz300015,67.22,63.93,68.24,62.74,494824.0,6.01,63.41,329704.0,0.0,0.0,0.0,0.0,170.71,31.42,2993.34,3633.59
sz300016,8.8,8.76,8.85,8.74,41739.0,0.0,8.8,3671.0,0.0,0.0,0.0,0.0,21.86,2.67,35.79,43.37
sz300017,5.8,5.84,5.84,5.77,153008.0,-1.02,5.86,8881.0,0.0,0.0,0.0,0.0,81.34,1.63,131.48,141.94
sz300018,5.75,5.74,5.84,5.7,144857.0,-1.88,5.86,8336.0,0.0,0.0,0.0,0.0,59.02,2.55,22.51,27.65
sz300019,17.37,17.47,17.64,17.15,101132.0,-1.59,17.65,17578.0,0.0,0.0,0.0,0.0,31.0,3.71,47.23,67.94
sz300020,8.68,8.75,8.78,8.54,171172.0,-1.81,8.84,14788.0,0.0,0.0,0.0,0.0,35.62,1.6,54.45,56.92
sz300021,5.18,5.28,5.28,5.15,186927.0,-1.52,5.26,9693.0,0.0,0.0,0.0,0.0,36.64,2.68,33.11,41.49
sz300022,4.75,4.77,4.85,4.73,54853.0,-0.21,4.76,2619.0,0.0,0.0,0.0,0.0,-211.01,29.45,16.4,18.06
sz300023,11.1,10.58,11.69,10.58,44974.0,4.91,10.58,5030.0,0.0,0.0,0.0,0.0,1955.25,7.22,28.66,35.09
sz300024,10.21,10.07,10.29,10.03,111464.0,0.79,10.13,11324.0,0.0,0.0,0.0,0.0,-34.38,3.36,154.9,159.3
sz300025,4.21,4.16,4.22,4.11,100577.0,0.48,4.19,4207.0,0.0,0.0,0.0,0.0,-14.39,5.69,18.04,18.04
sz300026,4.25,4.27,4.3,4.23,369500.0,-1.39,4.31,15708.0,0.0,0.0,0.0,0.0,19.43,1.76,113.94,127.68
sz300027,3.76,3.72,3.82,3.68,305482.0,0.53,3.74,11497.0,0.0,0.0,0.0,0.0,-15.59,3.24,84.4,104.5
sz300029,6.92,6.16,7.68,6.02,175646.0,6.79,6.48,12007.0,0.0,0.0,0.0,0.0,-38.28,268.22,13.84,13.84
sz300030,11.23,11.14,11.33,11.03,32726.0,0.36,11.19,3675.0,0.0,0.0,0.0,0.0,18.78,3.37,28.57,34.68
sz300031,15.43,15.64,15.69,15.12,47798.0,-1.66,15.69,7369.0,0.0,0.0,0.0,0.0,13.88,2.07,50.07,61.22
sz300032,5.0,5.03,5.05,4.99,41957.0,-0.6,5.03,2102.0,0.0,0.0,0.0,0.0,-19.68,3.2,40.16,40.16
sz300033,105.18,104.7,105.91,104.5,44952.0,-0.16,105.35,47278.0,0.0,0.0,0.0,0.0,32.01,11.9,286.04,565.45
sz300034,34.41,29.08,34.95,29.05,195954.0,17.56,29.27,64146.0,0.0,0.0,0.0,0.0,72.4,6.59,147.99,167.26
sz300035,29.32,27.54,29.64,26.87,250096.0,6.81,27.45,71609.0,0.0,0.0,0.0,0.0,91.72,8.89,154.82,188.34
sz300036,25.71,24.56,26.42,23.75,554654.0,2.43,25.1,138545.0,0.0,0.0,0.0,0.0,49.0,5.44,97.38,116.32
sz300037,111.06,104.66,112.65,104.2,82601.0,3.8,106.99,90437.0,0.0,0.0,0.0,0.0,79.4,9.18,328.15,456.23
sz300038,2.25,2.16,2.27,2.15,464593.0,3.21,2.18,10339.0,0.0,0.0,0.0,0.0,-0.32,1.0,26.12,26.37
sz300039,5.13,5.16,5.19,5.09,135592.0,-1.54,5.21,6970.0,0.0,0.0,0.0,0.0,48.49,2.06,47.0,53.66
sz300040,9.42,9.3,9.51,9.26,124626.0,0.0,9.42,11710.0,0.0,0.0,0.0,0.0,41.27,1.61,26.94,35.84
sz300041,15.3,14.7,15.42,14.65,206000.0,2.41,14.94,31223.0,0.0,0.0,0.0,0.0,27.69,3.25,53.15,65.93
sz300042,14.68,14.61,14.74,14.42,41610.0,-0.47,14.75,6078.0,0.0,0.0,0.0,0.0,36.05,2.73,24.64,29.42
sz300043,3.29,3.35,3.38,3.28,144583.0,-2.08,3.36,4787.0,0.0,0.0,0.0,0.0,-62.13,1.46,30.85,40.93
sz300044,3.11,2.99,3.2,2.98,435131.0,1.97,3.05,13596.0,0.0,0.0,0.0,0.0,-27.95,1.46,20.79,24.16
sz300045,9.89,9.95,10.08,9.78,141441.0,-0.8,9.97,13979.0,0.0,0.0,0.0,0.0,304.77,3.46,42.38,60.75
sz300046,30.64,30.9,30.97,28.51,333340.0,-3.68,31.81,99861.0,0.0,0.0,0.0,0.0,148.99,7.24,65.3,72.47
sz300047,7.45,7.47,7.57,7.3,272251.0,-1.32,7.55,20160.0,0.0,0.0,0.0,0.0,35.93,1.46,39.04,47.51
sz300048,4.67,4.62,4.69,4.59,72594.0,1.08,4.62,3376.0,0.0,0.0,0.0,0.0,-10.45,2.96,50.91,51.71
sz300049,11.14,11.15,11.5,11.0,90317.0,-0.54,11.2,10128.0,0.0,0.0,0.0,0.0,45.85,2.17,25.67,29.3
sz300050,5.51,5.54,5.59,5.45,124638.0,-1.25,5.58,6853.0,0.0,0.0,0.0,0.0,133.97,1.27,27.44,30.86
sz300051,3.52,3.4,3.61,3.34,124969.0,3.23,3.41,4375.0,0.0,0.0,0.0,0.0,-19.89,5.2,12.87,12.87
sz300052,9.3,8.82,9.68,8.67,273812.0,3.56,8.98,24947.0,0.0,0.0,0.0,0.0,-18.47,3.48,24.29,24.48
sz300053,10.5,10.38,10.74,10.21,793852.0,-3.23,10.85,82977.0,0.0,0.0,0.0,0.0,69.08,2.42,66.39,73.73
sz300054,17.34,17.07,17.44,16.92,156848.0,0.52,17.25,26937.0,0.0,0.0,0.0,0.0,-119.1,4.49,122.65,162.8
sz300055,10.88,10.44,10.95,10.32,276717.0,3.52,10.51,29600.0,0.0,0.0,0.0,0.0,-32.39,1.82,93.91,94.13
sz300056,6.8,6.78,7.06,6.72,109939.0,1.19,6.72,7576.0,0.0,0.0,0.0,0.0,83.81,2.76,26.21,26.21
sz300057,6.92,6.75,7.04,6.65,326111.0,-0.57,6.96,22257.0,0.0,0.0,0.0,0.0,51.63,1.32,34.39,46.68
sz300058,6.02,6.0,6.03,5.95,205951.0,0.17,6.01,12352.0,0.0,0.0,0.0,0.0,16.96,1.63,143.37,149.96
sz300059,30.48,29.5,30.77,29.48,2289475.0,1.43,30.05,693748.0,0.0,0.0,0.0,0.0,54.18,8.98,2608.68,3150.34
sz300061,8.5,8.51,8.67,8.22,344478.0,0.47,8.46,28978.0,0.0,0.0,0.0,0.0,-7.55,4.38,46.25,56.18
sz300062,10.28,9.68,10.51,9.58,303258.0,4.47,9.84,30907.0,0.0,0.0,0.0,0.0,59.64,3.98,19.94,31.66
sz300063,4.47,4.46,4.51,4.45,78473.0,-0.67,4.5,3513.0,0.0,0.0,0.0,0.0,27.29,2.64,27.02,33.53
sz300064,2.16,2.1,2.28,2.08,653868.0,1.89,2.12,14316.0,0.0,0.0,0.0,0.0,-1.87,9.49,15.04,26.04
sz300065,11.1,10.89,11.12,10.85,41647.0,0.73,11.02,4600.0,0.0,0.0,0.0,0.0,104.81,2.98,36.75,44.09
sz300066,5.18,5.16,5.24,5.01,315077.0,-0.58,5.21,16237.0,0.0,0.0,0.0,0.0,23.85,2.79,51.6,53.87
sz300067,4.26,4.22,4.3,4.22,96852.0,-0.23,4.27,4125.0,0.0,0.0,0.0,0.0,38.72,2.01,27.82,44.85
sz300068,11.74,11.69,11.9,11.4,506694.0,1.38,11.58,59141.0,0.0,0.0,0.0,0.0,-33.02,1.67,96.99,101.11
sz300069,20.67,20.75,21.0,20.38,8737.0,-0.19,20.71,1813.0,0.0,0.0,0.0,0.0,-47.16,7.85,24.18,24.18
sz300070,7.36,7.33,7.5,7.26,344019.0,0.82,7.3,25489.0,0.0,0.0,0.0,0.0,21.13,1.13,181.2,232.91
sz300071,2.15,2.09,2.19,2.09,107517.0,0.94,2.13,2317.0,0.0,0.0,0.0,0.0,-2.62,-2.74,13.7,14.43
sz300072,6.38,6.31,6.45,6.2,272695.0,0.0,6.38,17371.0,0.0,0.0,0.0,0.0,-11.66,1.91,136.46,149.91
sz300073,70.79,58.09,70.79,57.97,421331.0,20.0,58.99,280220.0,0.0,0.0,0.0,0.0,64.07,8.27,308.35,321.12
sz300074,4.21,4.24,4.27,4.19,66860.0,-0.71,4.24,2824.0,0.0,0.0,0.0,0.0,55.25,1.96,20.54,22.48
sz300075,12.0,11.83,12.15,11.73,192590.0,0.59,11.93,22962.0,0.0,0.0,0.0,0.0,35.92,1.84,46.02,57.78
sz300076,6.0,6.15,6.19,5.92,336477.0,-4.76,6.3,20234.0,0.0,0.0,0.0,0.0,338.52,2.47,22.94,25.44
sz300077,18.31,17.49,18.54,16.88,718964.0,1.44,18.05,128541.0,0.0,0.0,0.0,0.0,1516.84,9.37,99.8,102.1
sz300078,7.54,7.5,7.59,7.44,201398.0,-0.79,7.6,15091.0,0.0,0.0,0.0,0.0,57.39,2.2,63.06,65.55
sz300079,9.44,9.4,9.59,8.82,2300359.0,-3.18,9.75,212646.0,0.0,0.0,0.0,0.0,115.39,3.43,119.57,134.9
sz300080,5.48,5.2,5.56,5.14,360587.0,4.98,5.22,19540.0,0.0,0.0,0.0,0.0,-216.65,2.36,59.84,114.05
sz300081,8.12,8.19,8.2,8.04,97393.0,-1.46,8.24,7905.0,0.0,0.0,0.0,0.0,-7.93,2.17,30.64,42.97
sz300082,13.52,12.21,13.76,11.91,411996.0,8.51,12.46,53365.0,0.0,0.0,0.0,0.0,20.88,2.97,91.61,91.95
sz300083,10.7,10.73,10.89,10.66,243368.0,-1.02,10.81,26105.0,0.0,0.0,0.0,0.0,-28.23,6.15,139.97,163.32
sz300084,4.64,4.7,4.75,4.62,88928.0,-1.9,4.73,4152.0,0.0,0.0,0.0,0.0,-3.05,1.41,15.3,17.85
sz300085,16.57,16.6,16.63,16.16,109914.0,-0.18,16.6,18042.0,0.0,0.0,0.0,0.0,761.64,8.71,84.93,117.09
sz300086,5.58,5.55,5.64,5.55,76438.0,-0.36,5.6,4275.0,0.0,0.0,0.0,0.0,-276.77,1.71,24.31,25.11
sz300087,29.02,27.8,29.04,27.71,294306.0,3.46,28.05,83554.0,0.0,0.0,0.0,0.0,101.9,19.41,114.33,124.88
sz300088,8.09,8.08,8.12,8.03,289967.0,-0.37,8.12,23410.0,0.0,0.0,0.0,0.0,22.75,2.85,197.61,198.6
sz300089,6.33,6.5,6.55,6.21,81548.0,-2.62,6.5,5155.0,0.0,0.0,0.0,0.0,-12.23,38.36,17.82,30.45
sz300091,4.13,4.08,4.17,4.07,171517.0,0.98,4.09,7088.0,0.0,0.0,0.0,0.0,92.26,1.87,40.82,61.5
sz300092,9.16,9.0,9.17,8.95,40736.0,1.44,9.03,3705.0,0.0,0.0,0.0,0.0,23.58,3.14,15.32,21.21
sz300093,21.22,21.0,21.77,20.72,38850.0,0.28,21.16,8271.0,0.0,0.0,0.0,0.0,-40.96,9.01,41.95,45.84
sz300094,4.37,4.31,4.45,4.31,579058.0,0.46,4.35,25401.0,0.0,0.0,0.0,0.0,-14.68,1.9,38.24,40.18
sz300095,12.02,10.18,12.19,10.14,511926.0,18.31,10.16,58951.0,0.0,0.0,0.0,0.0,23.95,3.16,32.5,45.52
sz300096,9.2,9.58,9.6,9.12,334831.0,-5.35,9.72,31000.0,0.0,0.0,0.0,0.0,918.95,6.05,34.64,39.56
sz300097,8.64,8.48,8.72,8.48,53846.0,0.0,8.64,4629.0,0.0,0.0,0.0,0.0,-6020.4,1.84,22.8,24.93
sz300098,6.12,6.12,6.22,5.95,938205.0,-1.77,6.23,56957.0,0.0,0.0,0.0,0.0,-9.81,3.26,84.42,107.95
sz300099,8.47,8.18,8.55,8.1,346740.0,2.54,8.26,29081.0,0.0,0.0,0.0,0.0,35.13,3.13,43.02,56.52
sz300100,10.44,10.35,10.59,10.27,107718.0,0.19,10.42,11288.0,0.0,0.0,0.0,0.0,32.27,2.34,39.79,42.44
sz300101,19.44,17.8,19.54,17.72,375357.0,7.52,18.08,71216.0,0.0,0.0,0.0,0.0,95.32,10.31,107.63,108.35
sz300102,9.44,9.22,9.51,8.91,767271.0,0.0,9.44,71159.0,0.0,0.0,0.0,0.0,-42.83,2.79,66.75,66.78
sz300103,9.6,9.27,9.7,9.27,20109.0,2.89,9.33,1922.0,0.0,0.0,0.0,0.0,43.53,2.85,23.33,30.49
sz300105,4.88,4.73,4.95,4.73,117721.0,1.88,4.79,5725.0,0.0,0.0,0.0,0.0,140.78,1.39,25.04,25.5
sz300106,9.88,9.84,10.09,9.75,131712.0,-3.33,10.22,13040.0,0.0,0.0,0.0,0.0,112.84,3.6,20.88,20.88
sz300107,5.55,5.39,5.56,5.37,65246.0,2.59,5.41,3579.0,0.0,0.0,0.0,0.0,142.27,2.14,18.7,30.59
sz300108,4.16,4.1,4.29,4.02,598102.0,-2.35,4.26,24884.0,0.0,0.0,0.0,0.0,-7.41,-967.44,18.36,27.71
sz300109,15.08,15.1,15.38,14.95,54746.0,-0.92,15.22,8258.0,0.0,0.0,0.0,0.0,54.54,1.59,45.32,51.82
sz300110,4.42,4.4,4.48,4.4,137356.0,1.38,4.36,6101.0,0.0,0.0,0.0,0.0,46.0,2.31,52.06,52.25
sz300111,2.99,2.97,3.0,2.93,150535.0,0.34,2.98,4466.0,0.0,0.0,0.0,0.0,64.7,21.48,33.41,33.48
sz300112,9.22,9.13,9.27,9.05,76762.0,-0.54,9.27,7044.0,0.0,0.0,0.0,0.0,26.14,2.6,19.84,26.35
sz300113,13.01,13.06,13.11,12.84,46618.0,-0.61,13.09,6043.0,0.0,0.0,0.0,0.0,89.51,3.74,62.95,90.33
sz300114,16.35,15.71,16.95,15.66,183958.0,7.99,15.14,30068.0,0.0,0.0,0.0,0.0,35.9,5.05,96.59,96.59
sz300115,20.25,19.9,20.44,19.75,211995.0,0.0,20.25,42701.0,0.0,0.0,0.0,0.0,37.1,3.56,242.26,243.21
sz300116,2.23,2.08,2.29,2.07,2614059.0,7.21,2.08,57372.0,0.0,0.0,0.0,0.0,-52.84,25.31,83.78,95.47
sz300117,4.85,4.73,4.95,4.53,737357.0,2.32,4.74,34911.0,0.0,0.0,0.0,0.0,33.38,2.42,34.76,34.76
sz300118,20.26,18.75,20.78,18.61,766045.0,6.91,18.95,152292.0,0.0,0.0,0.0,0.0,405.72,2.15,182.23,182.62
sz300119,31.48,31.66,32.14,31.3,47318.0,-0.03,31.49,14972.0,0.0,0.0,0.0,0.0,28.84,5.27,79.43,127.29
sz300120,9.02,9.16,9.19,8.99,97058.0,-2.38,9.24,8799.0,0.0,0.0,0.0,0.0,52.03,1.71,34.27,41.9
sz300121,12.28,12.08,12.29,11.9,33651.0,1.15,12.14,4085.0,0.0,0.0,0.0,0.0,21.98,2.73,44.24,46.07
sz300122,178.07,172.2,178.5,171.08,124098.0,3.52,172.01,217820.0,0.0,0.0,0.0,0.0,76.52,31.01,1603.29,2849.12
sz300123,11.17,11.01,11.25,10.99,250553.0,-0.09,11.18,27891.0,0.0,0.0,0.0,0.0,450.67,2.19,110.32,112.55
sz300124,76.7,74.01,77.64,73.08,327150.0,0.76,76.12,248701.0,0.0,0.0,0.0,0.0,76.87,17.44,1588.33,1978.54
sz300125,15.06,14.45,15.2,14.21,60500.0,5.31,14.3,9029.0,0.0,0.0,0.0,0.0,-75.93,5.32,39.64,39.98
sz300126,7.48,7.57,7.61,7.38,85871.0,-1.58,7.6,6416.0,0.0,0.0,0.0,0.0,130.24,2.2,15.76,22.74
sz300127,19.52,18.38,20.32,18.11,255514.0,6.09,18.4,49435.0,0.0,0.0,0.0,0.0,39.9,5.15,44.41,63.08
sz300128,3.99,3.96,4.04,3.93,320385.0,1.01,3.95,12781.0,0.0,0.0,0.0,0.0,160.53,3.61,43.64,43.66
sz300129,6.12,6.09,6.14,6.07,98984.0,-0.33,6.14,6036.0,0.0,0.0,0.0,0.0,10.73,1.65,34.6,44.01
sz300130,10.5,10.62,10.63,10.36,40567.0,-1.13,10.62,4246.0,0.0,0.0,0.0,0.0,53.74,2.18,37.31,51.37
sz300131,7.34,7.21,7.37,7.13,283090.0,0.55,7.3,20549.0,0.0,0.0,0.0,0.0,23.29,5.28,62.1,78.5
sz300132,19.41,19.37,19.65,19.34,36563.0,-1.12,19.63,7102.0,0.0,0.0,0.0,0.0,21.42,3.2,91.98,100.27
sz300133,6.17,6.2,6.24,6.13,186859.0,-1.28,6.25,11528.0,0.0,0.0,0.0,0.0,27.51,1.81,89.35,117.3
sz300134,11.25,11.55,11.97,11.22,205047.0,0.45,11.2,23615.0,0.0,0.0,0.0,0.0,232.03,1.73,80.15,86.34
sz300135,2.63,2.61,2.66,2.59,150587.0,0.77,2.61,3955.0,0.0,0.0,0.0,0.0,969.63,1.97,24.24,24.24
sz300136,32.42,32.1,32.52,31.57,283766.0,-0.46,32.57,91083.0,0.0,0.0,0.0,0.0,30.61,5.66,264.65,313.69
sz300137,8.4,8.32,8.58,8.22,219677.0,0.12,8.39,18460.0,0.0,0.0,0.0,0.0,34.33,2.28,40.0,46.29
sz300138,15.66,15.57,15.93,15.35,41944.0,0.0,15.66,6598.0,0.0,0.0,0.0,0.0,29.26,3.49,66.94,83.43
sz300139,9.5,9.4,9.6,9.3,100762.0,0.11,9.49,9557.0,0.0,0.0,0.0,0.0,-27.06,2.71,21.56,26.03
sz300140,6.23,6.18,6.31,6.11,63013.0,0.65,6.19,3924.0,0.0,0.0,0.0,0.0,-5.45,1.47,24.03,26.62
sz300141,10.44,10.38,10.58,10.18,88732.0,0.48,10.39,9259.0,0.0,0.0,0.0,0.0,-51.89,3.96,17.29,26.51
sz300142,61.12,56.37,61.95,56.16,484571.0,8.43,56.37,288813.0,0.0,0.0,0.0,0.0,90.87,13.71,918.57,957.25
sz300143,21.09,21.26,21.72,20.88,121356.0,-0.85,21.27,25726.0,0.0,0.0,0.0,0.0,89.52,6.24,109.75,135.43
sz300144,16.04,15.65,16.32,15.62,242909.0,1.07,15.87,38867.0,0.0,0.0,0.0,0.0,-25.11,5.65,354.28,419.4
sz300145,2.99,3.03,3.04,2.98,158119.0,-0.33,3.0,4745.0,0.0,0.0,0.0,0.0,-3.07,2.0,52.81,57.51
sz300146,29.0,29.3,29.55,28.9,153837.0,-1.02,29.3,44853.0,0.0,0.0,0.0,0.0,27.3,5.06,258.89,493.09
sz300147,7.89,7.82,7.95,7.81,126580.0,-0.75,7.95,9975.0,0.0,0.0,0.0,0.0,123.44,1.43,51.6,52.18
sz300148,3.44,3.42,3.46,3.39,110144.0,0.0,3.44,3770.0,0.0,0.0,0.0,0.0,-3.17,1.23,26.21,29.05
sz300149,17.09,16.8,17.35,16.34,56740.0,2.52,16.67,9663.0,0.0,0.0,0.0,0.0,50.14,3.6,78.27,85.41
sz300150,4.14,4.19,4.22,4.12,31753.0,-1.43,4.2,1322.0,0.0,0.0,0.0,0.0,-29.93,1.28,21.14,24.22
sz300151,26.45,25.95,26.97,25.76,34946.0,2.52,25.8,9297.0,0.0,0.0,0.0,0.0,69.63,13.7,83.52,132.91
sz300152,3.53,3.4,3.56,3.4,205785.0,2.92,3.43,7198.0,0.0,0.0,0.0,0.0,95.18,3.4,25.14,25.16
sz300153,7.97,7.9,8.04,7.8,226460.0,-1.36,8.08,17924.0,0.0,0.0,0.0,0.0,-17.43,3.37,25.29,25.5
sz300154,6.46,6.25,6.48,6.21,54493.0,2.54,6.3,3494.0,0.0,0.0,0.0,0.0,34.5,1.88,20.76,29.41
sz300155,6.47,6.48,6.61,6.41,43969.0,-0.15,6.48,2851.0,0.0,0.0,0.0,0.0,32.96,2.71,18.24,35.16
sz300157,4.28,4.29,4.33,4.21,161168.0,-1.61,4.35,6880.0,0.0,0.0,0.0,0.0,-2.5,3.46,30.26,30.48
sz300158,7.45,7.66,7.68,7.4,332026.0,-2.1,7.61,24890.0,0.0,0.0,0.0,0.0,25.64,1.35,75.37,76.55
sz300159,3.28,3.28,3.33,3.25,357948.0,-1.2,3.32,11755.0,0.0,0.0,0.0,0.0,-1.89,3.27,45.83,48.88
sz300160,7.8,7.68,8.06,7.49,521580.0,1.43,7.69,40670.0,0.0,0.0,0.0,0.0,44.99,4.69,46.26,48.24
sz300161,19.21,19.05,19.4,18.98,13599.0,0.52,19.11,2611.0,0.0,0.0,0.0,0.0,-432.59,2.42,32.27,38.17
sz300162,7.29,7.28,7.43,7.22,54050.0,-0.41,7.32,3954.0,0.0,0.0,0.0,0.0,-8.05,4.15,19.26,25.48
sz300163,3.85,3.78,3.93,3.74,266238.0,1.58,3.79,10212.0,0.0,0.0,0.0,0.0,90.78,3.05,18.23,18.25
sz300164,4.32,4.31,4.39,4.23,315283.0,-2.92,4.45,13522.0,0.0,0.0,0.0,0.0,-2.15,2.4,19.28,22.18
sz300165,5.06,5.07,5.13,5.02,110521.0,-0.78,5.1,5609.0,0.0,0.0,0.0,0.0,126.51,1.48,16.16,25.15
sz300166,11.78,11.72,11.9,11.47,497158.0,-1.26,11.93,58026.0,0.0,0.0,0.0,0.0,42.23,2.05,96.36,136.38
sz300167,5.08,5.31,5.45,5.07,182022.0,-3.97,5.29,9389.0,0.0,0.0,0.0,0.0,-12.72,3.85,15.25,15.25
sz300168,14.1,14.25,14.34,14.01,77667.0,-2.02,14.39,10966.0,0.0,0.0,0.0,0.0,-14.55,11.46,167.27,167.45
sz300169,8.5,7.55,8.5,7.52,183147.0,11.84,7.6,14667.0,0.0,0.0,0.0,0.0,-10.18,4.5,22.39,27.71
sz300170,7.46,7.52,7.57,7.38,112765.0,-1.58,7.58,8390.0,0.0,0.0,0.0,0.0,92.44,2.1,59.87,65.95
sz300171,46.2,40.2,46.25,39.81,182575.0,16.52,39.65,80817.0,0.0,0.0,0.0,0.0,55.1,8.1,197.68,290.29
sz300172,4.64,4.63,4.68,4.57,74071.0,0.22,4.63,3430.0,0.0,0.0,0.0,0.0,17.57,1.89,23.02,31.41
sz300173,5.72,5.9,5.9,5.72,100735.0,-2.22,5.85,5803.0,0.0,0.0,0.0,0.0,84.64,2.75,37.96,42.03
sz300174,15.23,15.45,15.55,15.22,15150.0,-1.61,15.48,2322.0,0.0,0.0,0.0,0.0,36.03,2.81,46.83,47.2
sz300175,4.44,4.36,4.47,4.36,53929.0,0.45,4.42,2385.0,0.0,0.0,0.0,0.0,-11.28,3.23,20.9,20.9
sz300176,6.98,7.15,7.18,6.95,61915.0,-2.24,7.14,4342.0,0.0,0.0,0.0,0.0,71.29,2.87,26.19,27.03
sz300177,10.12,10.26,10.33,9.98,232921.0,-0.88,10.21,23492.0,0.0,0.0,0.0,0.0,65.63,3.31,53.45,75.31
sz300178,2.83,2.9,2.97,2.8,192087.0,-1.39,2.87,5494.0,0.0,0.0,0.0,0.0,-1.66,7.0,16.55,17.45
sz300179,5.93,5.94,6.01,5.88,61345.0,-0.84,5.98,3640.0,0.0,0.0,0.0,0.0,47.48,3.41,19.53,28.93
sz300180,4.88,4.88,4.9,4.83,128882.0,0.0,4.88,6268.0,0.0,0.0,0.0,0.0,-20.04,1.66,65.18,85.94
sz300181,8.91,9.0,9.05,8.75,318542.0,-3.26,9.21,28285.0,0.0,0.0,0.0,0.0,44.57,3.2,41.33,54.23
sz300182,5.12,5.06,5.17,4.86,1001029.0,-0.19,5.13,50051.0,0.0,0.0,0.0,0.0,-11.18,2.06,100.67,131.84
sz300183,16.33,16.18,16.37,15.82,96720.0,-0.67,16.44,15617.0,0.0,0.0,0.0,0.0,43.02,2.58,46.38,75.54
sz300184,5.86,5.83,5.89,5.72,454866.0,-1.51,5.95,26456.0,0.0,0.0,0.0,0.0,-4.01,2.3,59.05,69.04
sz300185,3.05,2.97,3.08,2.95,721486.0,2.69,2.97,21762.0,0.0,0.0,0.0,0.0,28.32,1.86,93.5,118.85
sz300187,7.3,7.0,7.31,6.98,155616.0,3.55,7.05,11251.0,0.0,0.0,0.0,0.0,129.38,3.22,46.37,47.05
sz300188,17.53,17.66,17.68,17.26,66958.0,-0.57,17.63,11671.0,0.0,0.0,0.0,0.0,36.47,4.5,105.97,141.36
sz300189,5.04,5.04,5.2,4.95,949518.0,-1.18,5.1,47858.0,0.0,0.0,0.0,0.0,-45.11,5.56,48.54,51.61
sz300190,6.46,6.45,6.46,6.39,38073.0,0.47,6.43,2450.0,0.0,0.0,0.0,0.0,13.82,1.19,49.16,50.49
sz300191,22.16,21.8,22.3,21.76,59901.0,-3.4,22.94,13194.0,0.0,0.0,0.0,0.0,1059.44,5.89,45.88,70.91
sz300192,10.36,10.39,10.42,10.22,45077.0,-0.48,10.41,4650.0,0.0,0.0,0.0,0.0,24.72,3.3,20.27,30.77
sz300193,13.2,13.61,14.14,13.11,128616.0,-3.37,13.66,17316.0,0.0,0.0,0.0,0.0,33.15,3.21,56.28,63.16
sz300194,4.45,4.45,4.47,4.42,150814.0,0.0,4.45,6705.0,0.0,0.0,0.0,0.0,26.14,1.29,41.87,52.94
sz300195,6.34,6.14,6.36,6.12,131093.0,2.59,6.18,8225.0,0.0,0.0,0.0,0.0,-39.45,0.98,19.87,26.84
sz300196,17.46,17.73,17.85,17.28,60582.0,0.81,17.32,10590.0,0.0,0.0,0.0,0.0,22.25,2.44,42.93,71.36
sz300197,3.02,3.06,3.07,3.0,112354.0,-0.98,3.05,3394.0,0.0,0.0,0.0,0.0,84.93,1.3,53.65,85.25
sz300198,3.82,3.86,3.94,3.8,109065.0,-2.05,3.9,4201.0,0.0,0.0,0.0,0.0,88.61,2.72,33.21,39.41
sz300199,5.49,5.56,5.65,5.47,66783.0,-1.61,5.58,3707.0,0.0,0.0,0.0,0.0,-8.27,3.02,34.54,50.34
sz300200,10.62,10.47,10.66,10.35,109038.0,0.66,10.55,11485.0,0.0,0.0,0.0,0.0,18.35,2.64,44.07,45.19
sz300201,3.1,3.11,3.12,3.05,114374.0,-0.32,3.11,3524.0,0.0,0.0,0.0,0.0,-7.01,2.78,29.33,32.27
sz300202,4.99,4.91,5.05,4.82,104979.0,0.4,4.97,5189.0,0.0,0.0,0.0,0.0,58.81,1.68,22.28,27.42
sz300203,12.19,11.66,12.53,11.66,109139.0,4.01,11.72,13309.0,0.0,0.0,0.0,0.0,12.48,1.5,55.1,55.16
sz300204,11.34,11.47,11.47,11.11,96131.0,-1.56,11.52,10824.0,0.0,0.0,0.0,0.0,-42.11,3.5,52.97,53.98
sz300205,13.23,13.19,13.29,12.8,177458.0,-0.75,13.33,23186.0,0.0,0.0,0.0,0.0,-194.09,4.33,56.36,56.9
sz300206,15.13,15.03,15.17,14.95,24262.0,0.6,15.04,3663.0,0.0,0.0,0.0,0.0,12.64,5.35,50.98,88.01
sz300207,31.48,29.83,32.93,29.2,518401.0,2.88,30.6,164433.0,0.0,0.0,0.0,0.0,49.33,7.2,457.0,509.61
sz300208,10.55,10.15,10.64,10.13,256515.0,3.13,10.23,26776.0,0.0,0.0,0.0,0.0,-18.08,5.89,72.52,79.07
sz300209,6.52,6.66,6.82,6.35,452575.0,-11.29,7.35,29659.0,0.0,0.0,0.0,0.0,-3.03,0.89,21.91,27.63
sz300210,3.83,3.86,3.89,3.75,66246.0,-0.78,3.86,2530.0,0.0,0.0,0.0,0.0,15.74,1.85,15.06,18.55
sz300211,10.08,10.05,10.25,9.92,24437.0,0.3,10.05,2464.0,0.0,0.0,0.0,0.0,279.24,6.65,29.94,30.51
sz300212,24.92,25.1,25.15,24.8,34246.0,-0.95,25.16,8554.0,0.0,0.0,0.0,0.0,24.07,3.67,154.38,165.96
sz300213,6.78,6.54,6.93,6.53,412394.0,-0.29,6.8,27888.0,0.0,0.0,0.0,0.0,29.53,1.94,37.01,40.42
sz300214,6.94,6.93,7.03,6.92,16102.0,0.14,6.93,1122.0,0.0,0.0,0.0,0.0,15.64,1.53,25.29,29.55
sz300215,8.67,8.5,8.88,8.42,91749.0,2.0,8.5,7945.0,0.0,0.0,0.0,0.0,43.17,3.76,48.57,65.75
sz300217,3.38,3.35,3.45,3.32,627696.0,1.2,3.34,21160.0,0.0,0.0,0.0,0.0,49.38,2.1,29.72,43.04
sz300218,19.46,19.3,19.89,18.52,153607.0,2.47,18.99,29565.0,0.0,0.0,0.0,0.0,49.1,3.93,42.09,42.23
sz300219,12.18,12.35,12.65,12.0,160997.0,-2.09,12.44,19724.0,0.0,0.0,0.0,0.0,60.1,4.36,76.45,86.23
sz300220,17.68,17.8,17.89,17.0,67027.0,-3.02,18.23,11721.0,0.0,0.0,0.0,0.0,-50.44,12.85,26.59,26.73
sz300221,7.84,7.43,7.9,7.4,464634.0,4.53,7.5,36004.0,0.0,0.0,0.0,0.0,25.19,3.14,34.38,35.28
sz300222,11.36,11.12,11.56,11.07,351497.0,1.88,11.15,40028.0,0.0,0.0,0.0,0.0,-41364.75,4.51,62.13,82.22
sz300223,102.2,100.39,102.96,94.0,123300.0,-1.64,103.9,121967.0,0.0,0.0,0.0,0.0,264.64,5.79,331.27,479.29
sz300224,12.73,11.62,13.12,11.6,505423.0,7.52,11.84,64242.0,0.0,0.0,0.0,0.0,70.28,4.19,103.35,104.41
sz300225,15.68,16.14,16.56,15.58,121662.0,-3.45,16.24,19411.0,0.0,0.0,0.0,0.0,67.92,7.4,73.36,76.71
sz300226,57.97,57.78,58.86,57.28,7417.0,0.49,57.69,4317.0,0.0,0.0,0.0,0.0,48.8,8.0,106.55,110.68
sz300227,9.58,9.56,9.59,9.42,71784.0,-0.21,9.6,6829.0,0.0,0.0,0.0,0.0,35.27,3.48,35.24,47.6
sz300228,6.78,6.44,6.79,6.39,209928.0,4.79,6.47,13943.0,0.0,0.0,0.0,0.0,50.38,2.03,28.48,39.01
sz300229,8.79,8.87,8.87,8.66,65734.0,-1.01,8.88,5736.0,0.0,0.0,0.0,0.0,19.5,2.94,62.01,63.03
sz300230,4.53,4.53,4.57,4.52,59056.0,-0.66,4.56,2683.0,0.0,0.0,0.0,0.0,-7.61,1.66,25.1,36.97
sz300231,8.06,7.89,8.07,7.86,70730.0,1.26,7.96,5627.0,0.0,0.0,0.0,0.0,21.58,2.79,29.54,35.63
sz300232,9.31,9.11,9.4,9.11,253387.0,0.76,9.24,23504.0,0.0,0.0,0.0,0.0,80.83,2.28,67.87,101.86
sz300233,28.42,28.3,28.73,27.75,56262.0,-0.59,28.59,15880.0,0.0,0.0,0.0,0.0,-20.58,3.25,104.23,110.92
sz300234,10.01,9.96,10.21,9.65,382854.0,-1.86,10.2,38147.0,0.0,0.0,0.0,0.0,323.13,5.71,31.67,51.19
sz300235,13.78,14.0,14.28,13.52,80786.0,-1.92,14.05,11090.0,0.0,0.0,0.0,0.0,69.6,3.53,15.55,23.13
sz300236,46.39,45.71,46.75,45.04,72654.0,0.11,46.34,33472.0,0.0,0.0,0.0,0.0,54.46,3.17,133.11,145.38
sz300237,2.81,2.86,2.88,2.79,572039.0,-2.43,2.88,16110.0,0.0,0.0,0.0,0.0,82.27,1.3,40.46,40.83
sz300238,19.34,19.21,19.41,19.2,25542.0,0.52,19.24,4935.0,0.0,0.0,0.0,0.0,96.23,6.86,49.79,51.28
sz300239,6.11,6.05,6.14,6.01,78801.0,0.16,6.1,4811.0,0.0,0.0,0.0,0.0,184.49,2.61,30.97,36.33
sz300240,6.19,6.27,6.34,6.16,27895.0,-1.28,6.27,1736.0,0.0,0.0,0.0,0.0,80.28,1.88,22.38,22.63
sz300241,7.42,7.45,7.52,7.2,222106.0,-1.2,7.51,16370.0,0.0,0.0,0.0,0.0,89.37,2.55,31.63,49.73
sz300242,4.77,4.84,4.86,4.74,96686.0,-1.45,4.84,4624.0,0.0,0.0,0.0,0.0,-9.24,4.17,28.55,30.27
sz300243,14.4,14.3,14.79,14.16,82652.0,0.77,14.29,11929.0,0.0,0.0,0.0,0.0,31.71,4.46,27.2,33.45
sz300244,33.91,33.5,34.27,32.98,47469.0,1.04,33.56,16058.0,0.0,0.0,0.0,0.0,18.54,4.18,155.15,210.4
sz300245,9.3,9.48,9.5,9.16,108213.0,-3.02,9.59,10007.0,0.0,0.0,0.0,0.0,72.95,1.97,28.64,29.15
sz300246,20.26,18.62,21.5,18.62,63006.0,7.82,18.79,12852.0,0.0,0.0,0.0,0.0,8.97,3.57,22.18,29.6
sz300247,3.4,3.3,3.41,3.3,253007.0,2.41,3.32,8527.0,0.0,0.0,0.0,0.0,-64.89,3.36,27.3,27.34
sz300248,9.18,9.28,9.32,9.11,48544.0,-1.4,9.31,4450.0,0.0,0.0,0.0,0.0,27.06,2.56,36.85,44.16
sz300249,6.9,6.87,6.96,6.87,59773.0,-0.86,6.96,4131.0,0.0,0.0,0.0,0.0,-31.04,4.66,21.06,30.19
sz300250,11.87,11.78,11.93,11.55,64145.0,0.17,11.85,7560.0,0.0,0.0,0.0,0.0,-7.34,3.89,18.91,26.11
sz300251,10.22,10.29,10.38,10.12,159338.0,-1.06,10.33,16315.0,0.0,0.0,0.0,0.0,65.17,3.26,284.53,299.81
sz300252,8.2,8.2,8.32,8.13,81928.0,-0.61,8.25,6723.0,0.0,0.0,0.0,0.0,-110.88,2.02,33.74,47.35
sz300253,16.71,16.81,17.09,16.7,204781.0,-0.89,16.86,34483.0,0.0,0.0,0.0,0.0,72.48,7.83,300.13,357.83
sz300254,6.92,6.99,7.06,6.88,33415.0,-1.14,7.0,2326.0,0.0,0.0,0.0,0.0,-7.25,2.29,14.69,15.78
sz300255,6.47,6.41,6.52,6.37,81899.0,0.78,6.42,5284.0,0.0,0.0,0.0,0.0,22.19,2.07,44.11,60.49
sz300256,5.31,5.35,5.35,5.23,307909.0,-0.56,5.34,16291.0,0.0,0.0,0.0,0.0,44.59,2.55,50.86,50.87
sz300257,15.41,15.21,15.54,15.11,25402.0,1.05,15.25,3903.0,0.0,0.0,0.0,0.0,53.61,3.19,126.01,153.12
sz300258,13.51,12.91,13.7,12.9,63820.0,3.05,13.11,8538.0,0.0,0.0,0.0,0.0,36.64,2.15,60.37,65.09
sz300259,4.71,4.63,4.72,4.62,142992.0,0.86,4.67,6695.0,0.0,0.0,0.0,0.0,13.05,2.21,38.35,55.37
sz300260,21.24,20.2,21.53,20.2,64180.0,3.06,20.61,13550.0,0.0,0.0,0.0,0.0,46.3,4.25,32.25,48.12
sz300261,5.18,5.2,5.23,5.17,77821.0,-0.96,5.23,4037.0,0.0,0.0,0.0,0.0,32.13,2.43,48.95,49.9
sz300262,3.51,3.44,3.55,3.41,111140.0,1.74,3.45,3888.0,0.0,0.0,0.0,0.0,-4.81,1.27,16.09,23.51
sz300263,6.87,6.8,6.95,6.77,181564.0,0.0,6.87,12483.0,0.0,0.0,0.0,0.0,27.28,2.32,52.75,62.81
sz300264,6.56,6.62,6.74,6.42,419280.0,-2.96,6.76,27437.0,0.0,0.0,0.0,0.0,-72.37,10.92,21.89,27.1
sz300265,9.04,8.94,9.1,8.91,44445.0,1.57,8.9,4007.0,0.0,0.0,0.0,0.0,46.77,2.55,32.96,32.99
sz300266,3.83,3.82,3.91,3.76,283850.0,0.52,3.81,10847.0,0.0,0.0,0.0,0.0,-11.68,3.21,59.31,60.17
sz300267,3.76,3.8,3.81,3.76,119274.0,-1.05,3.8,4499.0,0.0,0.0,0.0,0.0,33.2,1.35,53.4,77.55
sz300268,18.68,19.09,20.1,18.41,115904.0,-4.94,19.65,22014.0,0.0,0.0,0.0,0.0,-3.91,-6.27,25.0,32.54
sz300269,2.85,2.76,2.95,2.73,189332.0,1.42,2.81,5403.0,0.0,0.0,0.0,0.0,-5.95,19.27,11.11,15.89
sz300270,7.17,6.83,7.24,6.62,231579.0,2.87,6.97,16015.0,0.0,0.0,0.0,0.0,-20.05,2.76,14.2,21.71
sz300271,19.88,19.9,20.2,19.51,279847.0,-1.54,20.19,55262.0,0.0,0.0,0.0,0.0,45.58,2.54,142.98,164.83
sz300272,6.64,6.6,6.78,6.56,177245.0,-0.6,6.68,11797.0,0.0,0.0,0.0,0.0,75.29,3.33,27.26,38.3
sz300273,6.1,6.02,6.17,6.0,163528.0,0.83,6.05,9981.0,0.0,0.0,0.0,0.0,39.66,1.84,38.29,48.33
sz300274,114.9,104.58,115.8,102.1,445291.0,9.12,105.3,491903.0,0.0,0.0,0.0,0.0,76.74,15.7,1258.69,1674.02
sz300275,10.83,10.43,11.17,10.43,139279.0,2.65,10.55,15099.0,0.0,0.0,0.0,0.0,74.48,2.96,13.64,20.38
sz300276,4.44,4.1,4.66,4.06,1002346.0,9.9,4.04,44213.0,0.0,0.0,0.0,0.0,-4.88,2.72,41.87,63.54
sz300277,8.3,8.43,8.43,8.23,32870.0,-1.07,8.39,2719.0,0.0,0.0,0.0,0.0,117.54,5.88,27.76,27.8
sz300278,3.09,3.07,3.26,3.07,280218.0,-1.28,3.13,8815.0,0.0,0.0,0.0,0.0,-3.0,-4.71,13.49,17.79
sz300279,6.44,6.54,6.57,6.41,161054.0,-2.28,6.59,10414.0,0.0,0.0,0.0,0.0,190.2,3.16,28.31,28.91
sz300280,36.88,37.55,38.2,36.75,38710.0,-2.05,37.65,14439.0,0.0,0.0,0.0,0.0,13.65,2.9,59.18,59.77
sz300281,5.8,5.72,5.84,5.71,63805.0,0.52,5.77,3694.0,0.0,0.0,0.0,0.0,56.12,1.93,23.04,24.3
sz300282,4.92,4.9,5.0,4.79,200998.0,-1.6,5.0,9867.0,0.0,0.0,0.0,0.0,-2.57,1.06,18.38,18.42
sz300283,6.91,6.76,7.03,6.71,408351.0,0.44,6.88,28136.0,0.0,0.0,0.0,0.0,56.24,3.94,20.63,30.2
sz300284,5.71,5.79,5.79,5.71,43250.0,-1.38,5.79,2479.0,0.0,0.0,0.0,0.0,13.35,1.11,39.67,55.47
sz300285,47.14,44.8,47.42,44.43,73024.0,4.76,45.0,33904.0,0.0,0.0,0.0,0.0,73.39,9.31,371.6,473.2
sz300286,16.08,15.9,16.27,15.88,22009.0,-0.25,16.12,3543.0,0.0,0.0,0.0,0.0,25.92,4.28,27.88,34.54
sz300287,5.55,5.6,5.62,5.4,1682244.0,-4.31,5.8,92602.0,0.0,0.0,0.0,0.0,-6.16,3.28,64.4,79.66
sz300288,10.56,10.69,10.69,10.45,36499.0,0.57,10.5,3849.0,0.0,0.0,0.0,0.0,62.19,2.49,26.22,35.69
sz300289,6.19,6.22,6.3,6.13,43806.0,-0.96,6.25,2717.0,0.0,0.0,0.0,0.0,-89.13,2.06,25.85,26.06
sz300290,5.06,4.96,5.09,4.89,163093.0,1.61,4.98,8147.0,0.0,0.0,0.0,0.0,33.04,2.12,28.65,32.24
sz300291,4.8,4.82,4.84,4.79,37978.0,-0.62,4.83,1827.0,0.0,0.0,0.0,0.0,39.46,1.22,36.6,44.11
sz300292,3.78,3.8,3.84,3.74,168467.0,-0.79,3.81,6367.0,0.0,0.0,0.0,0.0,-9.29,4.05,39.65,50.72
sz300293,14.12,13.75,14.19,13.66,88911.0,2.69,13.75,12466.0,0.0,0.0,0.0,0.0,-21.12,6.7,38.12,38.12
sz300294,39.66,39.0,41.4,38.26,287706.0,2.69,38.62,114240.0,0.0,0.0,0.0,0.0,64.88,4.11,171.86,171.86
sz300295,11.37,11.33,11.4,11.25,20973.0,0.09,11.36,2378.0,0.0,0.0,0.0,0.0,21.9,1.66,18.86,21.86
sz300296,8.55,8.22,8.66,8.17,1188120.0,2.64,8.33,100205.0,0.0,0.0,0.0,0.0,-24.5,3.0,167.08,217.42
sz300297,4.2,4.31,4.33,4.18,411089.0,-3.0,4.33,17327.0,0.0,0.0,0.0,0.0,-4.44,2.01,42.98,52.49
sz300298,31.3,29.5,31.5,29.31,28879.0,4.75,29.88,8914.0,0.0,0.0,0.0,0.0,105.13,6.93,142.44,176.94
sz300299,5.51,5.57,5.62,5.45,98946.0,-1.43,5.59,5459.0,0.0,0.0,0.0,0.0,115.26,8.27,35.24,38.09
sz300300,6.07,5.88,6.24,5.6,348600.0,2.02,5.95,20591.0,0.0,0.0,0.0,0.0,-7.78,4.46,40.74,40.75
sz300301,3.74,3.8,3.84,3.73,370105.0,-3.11,3.86,13945.0,0.0,0.0,0.0,0.0,-114.57,2.6,29.55,29.55
sz300302,10.41,10.4,10.5,10.11,81549.0,-0.57,10.47,8418.0,0.0,0.0,0.0,0.0,99.51,3.5,35.98,50.8
sz300303,5.03,5.02,5.05,4.97,158785.0,-0.79,5.07,7961.0,0.0,0.0,0.0,0.0,21.0,2.61,57.83,64.27
sz300304,5.71,5.47,5.8,5.39,436415.0,3.07,5.54,24517.0,0.0,0.0,0.0,0.0,23.16,2.28,48.18,49.45
sz300305,16.4,16.05,16.66,15.7,128554.0,-1.15,16.59,20859.0,0.0,0.0,0.0,0.0,24.46,2.8,38.15,47.36
sz300306,10.05,10.22,10.3,9.9,64489.0,-3.09,10.37,6442.0,0.0,0.0,0.0,0.0,33.31,1.94,15.24,27.03
sz300307,8.29,8.06,8.35,8.0,114747.0,2.6,8.08,9465.0,0.0,0.0,0.0,0.0,-14.21,2.49,63.98,64.71
sz300308,36.69,36.04,36.8,35.7,40620.0,1.41,36.18,14719.0,0.0,0.0,0.0,0.0,30.96,3.28,250.04,261.61
sz300309,3.08,3.07,3.17,3.04,569824.0,-0.96,3.11,17607.0,0.0,0.0,0.0,0.0,-4.88,770.0,25.79,27.29
sz300310,4.87,4.88,5.26,4.83,571167.0,2.96,4.73,28339.0,0.0,0.0,0.0,0.0,207.07,2.46,33.69,42.94
sz300311,6.05,6.1,6.37,6.03,652770.0,-1.31,6.13,40127.0,0.0,0.0,0.0,0.0,99.66,4.63,30.88,40.75
sz300312,3.43,3.49,3.58,3.38,179525.0,-2.0,3.5,6240.0,0.0,0.0,0.0,0.0,-4.4,-4.98,7.78,10.98
sz300313,7.48,7.08,7.88,7.06,152448.0,4.47,7.16,11419.0,0.0,0.0,0.0,0.0,339.8,15.35,13.78,23.41
sz300314,15.38,15.2,15.48,15.13,24108.0,1.12,15.21,3692.0,0.0,0.0,0.0,0.0,30.85,4.75,29.12,44.29
sz300315,4.26,4.3,4.3,4.25,298522.0,-1.16,4.31,12747.0,0.0,0.0,0.0,0.0,38.43,2.09,112.13,117.47
sz300316,49.7,47.0,50.3,46.32,196590.0,5.3,47.2,96476.0,0.0,0.0,0.0,0.0,63.55,11.93,600.17,638.92
sz300317,7.22,7.0,7.39,6.91,382250.0,0.98,7.15,27425.0,0.0,0.0,0.0,0.0,111.21,3.04,55.53,59.51
sz300318,7.28,7.25,7.32,7.22,64293.0,0.14,7.27,4683.0,0.0,0.0,0.0,0.0,567.13,4.61,57.99,59.47
sz300319,11.55,11.32,11.65,10.96,353593.0,-0.94,11.66,40097.0,0.0,0.0,0.0,0.0,93.18,3.72,76.05,80.39
sz300320,6.22,6.08,6.29,6.07,201407.0,1.14,6.15,12501.0,0.0,0.0,0.0,0.0,17.05,1.99,30.36,37.4
sz300321,18.19,17.85,18.5,17.72,9894.0,0.89,18.03,1798.0,0.0,0.0,0.0,0.0,88.03,2.6,15.21,16.15
sz300322,11.65,11.85,11.85,11.57,74567.0,-2.18,11.91,8700.0,0.0,0.0,0.0,0.0,153.13,4.03,44.6,54.26
sz300323,11.38,11.25,11.45,11.02,326328.0,-0.26,11.41,36824.0,0.0,0.0,0.0,0.0,229.16,2.25,123.85,141.14
sz300324,4.12,4.17,4.18,4.06,417390.0,-1.67,4.19,17165.0,0.0,0.0,0.0,0.0,-5.68,1.81,51.65,71.18
sz300325,3.03,3.05,3.45,3.0,1195195.0,-3.81,3.15,38915.0,0.0,0.0,0.0,0.0,-4.25,-561.11,30.19,30.47
sz300326,12.35,12.13,12.42,12.09,175920.0,0.98,12.23,21631.0,0.0,0.0,0.0,0.0,-73.04,3.34,88.5,89.29
sz300327,74.75,69.6,75.41,66.0,214513.0,-0.62,75.22,151313.0,0.0,0.0,0.0,0.0,89.99,18.7,208.41,211.43
sz300328,7.84,7.62,7.93,7.58,229989.0,2.22,7.67,17917.0,0.0,0.0,0.0,0.0,3106.62,4.21,53.38,54.13
sz300329,7.06,6.95,7.08,6.94,30343.0,0.57,7.02,2132.0,0.0,0.0,0.0,0.0,41.71,1.78,17.8,17.9
sz300330,11.34,11.25,11.39,10.94,99026.0,0.35,11.3,11036.0,0.0,0.0,0.0,0.0,253.18,5.05,19.05,19.41
sz300331,24.42,24.0,24.77,23.99,24653.0,0.25,24.36,6014.0,0.0,0.0,0.0,0.0,87.5,3.52,40.4,55.2
sz300332,5.76,5.37,5.8,5.35,205209.0,6.47,5.41,11661.0,0.0,0.0,0.0,0.0,65.03,1.5,48.43,50.7
sz300333,8.22,8.28,8.37,8.14,120892.0,-1.91,8.38,9917.0,0.0,0.0,0.0,0.0,-151.13,3.45,27.3,27.62
sz300334,8.28,7.01,8.28,6.79,174314.0,20.0,6.9,13483.0,0.0,0.0,0.0,0.0,-63.24,3.36,24.69,25.01
sz300335,5.13,5.1,5.15,5.07,73015.0,0.39,5.11,3738.0,0.0,0.0,0.0,0.0,34.11,1.43,14.49,19.13
sz300336,2.75,2.76,2.77,2.72,60039.0,-0.36,2.76,1650.0,0.0,0.0,0.0,0.0,-1.31,7.0,20.28,22.17
sz300337,4.91,4.81,4.95,4.8,115790.0,1.03,4.86,5687.0,0.0,0.0,0.0,0.0,92.1,2.7,34.78,40.36
sz300338,5.38,5.4,5.45,5.27,127962.0,-1.47,5.46,6839.0,0.0,0.0,0.0,0.0,-2.51,4.39,16.23,18.36
sz300339,43.4,40.0,43.97,39.0,1531974.0,2.48,42.35,633636.0,0.0,0.0,0.0,0.0,188.06,11.87,334.82,345.64
sz300340,16.22,15.22,16.66,14.93,236085.0,3.51,15.67,37605.0,0.0,0.0,0.0,0.0,-4.58,4.95,28.34,34.41
sz300341,8.55,8.4,8.61,8.4,21437.0,0.94,8.47,1824.0,0.0,0.0,0.0,0.0,27.04,4.0,43.6,43.62
sz300342,13.23,13.05,13.6,13.01,330319.0,-3.71,13.74,43557.0,0.0,0.0,0.0,0.0,43.85,3.9,55.43,57.12
sz300343,5.81,5.01,5.81,5.01,3530472.0,20.04,4.84,192532.0,0.0,0.0,0.0,0.0,-152.16,9.19,52.13,67.26
sz300344,5.87,6.03,6.06,5.86,67195.0,-1.84,5.98,3961.0,0.0,0.0,0.0,0.0,-5.5,30.2,19.5,29.12
sz300345,6.13,6.08,6.29,5.94,434455.0,-2.23,6.27,26449.0,0.0,0.0,0.0,0.0,227.59,5.37,27.05,27.05
sz300346,38.41,37.37,38.69,36.8,186136.0,0.68,38.15,70506.0,0.0,0.0,0.0,0.0,164.96,11.55,144.91,156.29
sz300347,168.5,157.0,172.27,156.0,177337.0,3.94,162.12,297347.0,0.0,0.0,0.0,0.0,75.38,9.1,949.18,1470.11
sz300348,16.99,17.18,17.18,16.82,73565.0,-0.64,17.1,12477.0,0.0,0.0,0.0,0.0,44.82,9.18,103.64,122.58
sz300349,11.57,11.53,11.66,11.46,28169.0,-0.17,11.59,3253.0,0.0,0.0,0.0,0.0,53.6,1.49,44.01,49.64
sz300350,13.2,13.18,13.35,12.71,203049.0,0.15,13.18,26432.0,0.0,0.0,0.0,0.0,50.69,8.09,43.03,74.19
sz300351,8.75,8.76,8.85,8.65,26865.0,-1.13,8.85,2348.0,0.0,0.0,0.0,0.0,31.29,1.67,22.16,33.57
sz300352,6.36,6.4,6.43,6.24,664799.0,-2.9,6.55,41965.0,0.0,0.0,0.0,0.0,-2450.74,4.27,75.07,92.21
sz300353,10.15,9.66,10.39,9.55,331967.0,1.4,10.01,32772.0,0.0,0.0,0.0,0.0,-5.8,6.69,38.71,51.86
sz300354,20.84,20.3,20.9,20.11,42515.0,0.63,20.71,8765.0,0.0,0.0,0.0,0.0,55.08,6.97,15.11,28.83
sz300355,4.08,4.12,4.12,4.05,153858.0,-1.21,4.13,6281.0,0.0,0.0,0.0,0.0,25.24,1.62,53.35,65.45
sz300356,3.34,3.27,3.41,3.26,152715.0,1.21,3.3,5110.0,0.0,0.0,0.0,0.0,-14.82,1.41,12.79,13.62
sz300357,61.97,59.78,63.26,59.36,42895.0,2.99,60.17,26647.0,0.0,0.0,0.0,0.0,105.51,22.49,290.77,324.46
sz300358,19.05,17.01,19.27,16.78,220913.0,11.53,17.08,40736.0,0.0,0.0,0.0,0.0,31.98,3.4,87.15,107.87
sz300359,6.63,6.73,6.79,6.6,172298.0,-2.36,6.79,11506.0,0.0,0.0,0.0,0.0,76.08,6.23,35.37,42.01
sz300360,8.24,8.32,8.35,8.21,44560.0,-1.44,8.36,3687.0,0.0,0.0,0.0,0.0,13.64,1.74,35.87,41.56
sz300362,1.49,0.0,0.0,0.0,0.0,0.0,1.49,0.0,0.0,0.0,0.0,0.0,17.35,25.51,5.91,23.12
sz300363,78.0,72.98,79.55,72.25,86903.0,5.42,73.99,67339.0,0.0,0.0,0.0,0.0,116.49,12.1,348.64,424.4
sz300364,5.54,5.52,5.55,5.48,43839.0,0.36,5.52,2420.0,0.0,0.0,0.0,0.0,220.75,2.81,35.0,40.29
sz300365,8.11,8.22,8.24,8.05,55552.0,-1.34,8.22,4500.0,0.0,0.0,0.0,0.0,55.76,2.32,28.24,48.65
sz300366,8.88,8.92,9.07,8.75,103230.0,-1.0,8.97,9135.0,0.0,0.0,0.0,0.0,-6.54,2.78,30.05,46.67
sz300367,2.48,2.44,2.5,2.41,122945.0,1.22,2.45,3032.0,0.0,0.0,0.0,0.0,-5.81,35.43,25.26,29.66
sz300368,12.26,12.18,12.47,12.03,116149.0,0.66,12.18,14235.0,0.0,0.0,0.0,0.0,86.67,7.43,63.13,65.22
sz300369,15.14,15.8,15.8,15.09,91428.0,-2.32,15.5,13965.0,0.0,0.0,0.0,0.0,38.19,3.82,111.18,120.87
sz300370,2.43,2.27,2.5,2.26,469643.0,3.85,2.34,11353.0,0.0,0.0,0.0,0.0,-5.63,6.22,22.89,23.26
sz300371,13.29,13.13,13.46,13.09,28988.0,1.37,13.11,3842.0,0.0,0.0,0.0,0.0,17.41,2.83,14.56,22.28
sz300373,57.66,55.04,57.99,54.3,252063.0,2.11,56.47,142503.0,0.0,0.0,0.0,0.0,61.79,6.62,271.53,295.45
sz300374,13.27,13.5,13.53,13.13,15482.0,-1.99,13.54,2053.0,0.0,0.0,0.0,0.0,237.2,2.13,22.61,32.63
sz300375,4.4,4.4,4.49,4.36,88712.0,0.46,4.38,3919.0,0.0,0.0,0.0,0.0,-51.96,1.51,17.6,31.29
sz300376,8.26,8.23,8.35,8.05,611626.0,-2.02,8.43,50228.0,0.0,0.0,0.0,0.0,40.72,3.3,190.68,191.09
sz300377,10.13,10.04,10.14,9.97,145928.0,-0.1,10.14,14713.0,0.0,0.0,0.0,0.0,33.88,2.66,57.54,76.19
sz300378,22.6,22.17,22.79,21.85,121668.0,0.0,22.6,27051.0,0.0,0.0,0.0,0.0,38.93,4.05,60.12,60.21
sz300379,25.62,24.5,25.97,24.31,177790.0,-0.43,25.73,45293.0,0.0,0.0,0.0,0.0,37.49,5.62,109.28,116.34
sz300380,18.6,18.72,18.83,18.46,10868.0,-0.48,18.69,2020.0,0.0,0.0,0.0,0.0,42.7,5.74,23.12,26.23
sz300381,9.43,9.37,9.54,9.37,48120.0,-0.32,9.46,4545.0,0.0,0.0,0.0,0.0,27.45,1.54,44.2,46.21
sz300382,16.16,14.58,16.66,14.55,311435.0,9.19,14.8,49434.0,0.0,0.0,0.0,0.0,124.54,8.79,91.23,91.24
sz300383,14.08,14.28,14.28,14.02,152666.0,-1.61,14.31,21512.0,0.0,0.0,0.0,0.0,23.72,2.31,213.98,217.27
sz300384,18.91,19.17,19.17,18.45,42652.0,-1.25,19.15,7995.0,0.0,0.0,0.0,0.0,35.47,2.95,41.0,59.88
sz300385,8.72,8.55,8.84,8.55,75312.0,0.69,8.66,6573.0,0.0,0.0,0.0,0.0,-10.15,3.28,21.04,29.05
sz300386,16.79,16.74,17.03,16.45,40750.0,-0.42,16.86,6811.0,0.0,0.0,0.0,0.0,136.87,3.78,39.92,70.19
sz300387,6.69,6.66,6.75,6.65,41915.0,0.6,6.65,2806.0,0.0,0.0,0.0,0.0,37.98,1.58,19.34,19.45
sz300388,7.61,7.56,7.64,7.51,25232.0,0.26,7.59,1916.0,0.0,0.0,0.0,0.0,15.33,1.44,53.07,53.19
sz300389,9.02,8.78,9.33,8.59,92993.0,2.15,8.83,8330.0,0.0,0.0,0.0,0.0,-22.45,2.46,14.78,28.77
sz300390,60.0,58.0,61.0,54.05,206223.0,5.82,56.7,120696.0,0.0,0.0,0.0,0.0,90.93,16.77,233.44,349.73
sz300391,19.88,18.9,20.84,18.88,176977.0,2.47,19.4,35614.0,0.0,0.0,0.0,0.0,77.58,8.33,69.65,69.65
sz300392,8.14,8.02,8.18,7.97,25822.0,1.5,8.02,2084.0,0.0,0.0,0.0,0.0,-23.18,8.02,24.06,31.26
sz300393,13.4,12.56,14.44,12.36,1772837.0,7.2,12.5,235032.0,0.0,0.0,0.0,0.0,114.17,3.97,104.49,146.01
sz300394,23.74,23.38,23.74,22.81,62217.0,1.84,23.31,14447.0,0.0,0.0,0.0,0.0,30.62,4.2,75.95,92.71
sz300395,47.84,46.09,48.28,45.0,40747.0,3.01,46.44,19360.0,0.0,0.0,0.0,0.0,54.44,7.57,149.04,161.67
sz300396,20.39,20.25,20.73,20.2,7703.0,0.89,20.21,1576.0,0.0,0.0,0.0,0.0,19.57,3.57,50.88,56.28
sz300397,18.0,17.99,18.39,17.81,189625.0,-0.83,18.15,34218.0,0.0,0.0,0.0,0.0,92.63,5.78,56.1,86.23
sz300398,18.01,17.5,18.03,17.11,117881.0,1.64,17.72,20746.0,0.0,0.0,0.0,0.0,37.84,3.51,91.81,92.96
sz300399,12.49,12.56,12.66,12.31,23642.0,-1.26,12.65,2937.0,0.0,0.0,0.0,0.0,112.78,5.34,24.31,24.68
sz300400,23.23,23.23,23.23,22.63,303965.0,19.99,19.36,70499.0,0.0,0.0,0.0,0.0,45.66,8.18,42.37,56.36
sz300401,12.71,12.7,12.78,12.67,29656.0,0.0,12.71,3770.0,0.0,0.0,0.0,0.0,23.17,2.38,67.45,70.03
sz300402,14.54,14.18,14.62,14.13,26392.0,2.11,14.24,3811.0,0.0,0.0,0.0,0.0,63.96,4.26,29.37,29.37
sz300403,7.29,6.88,7.4,6.86,375065.0,4.89,6.95,27168.0,0.0,0.0,0.0,0.0,17.53,2.91,27.77,43.96
sz300404,12.69,12.83,13.03,12.63,55489.0,-1.7,12.91,7083.0,0.0,0.0,0.0,0.0,109.73,4.2,19.23,33.16
sz300405,9.2,9.17,9.36,8.89,133682.0,0.55,9.15,12169.0,0.0,0.0,0.0,0.0,-40.94,2.71,13.89,20.47
sz300406,20.17,20.27,20.59,20.05,41219.0,-0.35,20.24,8359.0,0.0,0.0,0.0,0.0,56.12,3.65,67.18,118.8
sz300407,7.54,7.3,7.7,7.21,54506.0,2.03,7.39,4107.0,0.0,0.0,0.0,0.0,22.42,1.71,15.9,23.0
sz300408,42.0,41.02,42.2,40.6,129523.0,0.89,41.63,53910.0,0.0,0.0,0.0,0.0,43.74,7.04,735.34,763.1
sz300409,25.43,25.06,25.85,24.59,268081.0,0.32,25.35,67921.0,0.0,0.0,0.0,0.0,115.95,3.87,82.43,142.71
sz300410,11.0,10.98,11.1,10.42,284180.0,0.27,10.97,30813.0,0.0,0.0,0.0,0.0,-19.92,5.53,40.08,41.12
sz300411,8.03,7.78,8.1,7.77,55199.0,2.29,7.85,4418.0,0.0,0.0,0.0,0.0,-85.58,2.35,13.79,32.64
sz300412,10.21,9.52,10.22,9.47,112175.0,7.25,9.52,11096.0,0.0,0.0,0.0,0.0,36.36,3.25,22.72,26.26
sz300413,59.41,60.3,60.78,57.76,126140.0,-0.98,60.0,74554.0,0.0,0.0,0.0,0.0,46.48,9.5,553.32,1057.72
sz300414,10.18,10.0,10.22,9.97,38546.0,0.79,10.1,3910.0,0.0,0.0,0.0,0.0,108.96,3.62,31.08,33.11
sz300415,20.97,21.0,21.65,20.55,132103.0,-0.19,21.01,27909.0,0.0,0.0,0.0,0.0,20.99,5.75,85.16,91.35
sz300416,24.38,23.45,24.75,22.9,52790.0,2.74,23.73,12600.0,0.0,0.0,0.0,0.0,45.73,6.89,63.82,64.3
sz300417,13.24,13.37,13.57,13.21,25132.0,-1.78,13.48,3337.0,0.0,0.0,0.0,0.0,28.59,3.66,10.01,18.14
sz300418,17.75,17.6,18.1,17.56,206454.0,-0.39,17.82,36630.0,0.0,0.0,0.0,0.0,4.34,2.01,178.66,209.08
sz300419,7.17,7.15,7.23,7.02,195290.0,-1.24,7.26,13890.0,0.0,0.0,0.0,0.0,148.13,3.16,26.37,26.37
sz300420,4.06,4.03,4.1,4.02,206807.0,0.0,4.06,8400.0,0.0,0.0,0.0,0.0,29.09,1.74,42.1,45.33
sz300421,16.03,15.8,16.24,15.5,38564.0,1.07,15.86,6153.0,0.0,0.0,0.0,0.0,45.57,3.33,29.78,39.71
sz300422,8.49,8.43,8.52,8.41,33281.0,0.12,8.48,2820.0,0.0,0.0,0.0,0.0,19.06,1.43,31.98,34.45
sz300423,11.14,10.91,11.15,10.82,28484.0,1.36,10.99,3146.0,0.0,0.0,0.0,0.0,9.84,1.37,34.64,55.52
sz300424,14.95,14.59,15.1,14.58,68566.0,1.01,14.8,10209.0,0.0,0.0,0.0,0.0,-11.16,5.4,29.98,35.86
sz300425,4.46,4.37,4.53,4.35,63495.0,1.59,4.39,2823.0,0.0,0.0,0.0,0.0,17.14,1.59,29.95,30.14
sz300426,5.62,5.7,5.72,5.61,8188.0,-1.4,5.7,463.0,0.0,0.0,0.0,0.0,-20.35,113.31,14.58,23.54
sz300427,13.0,12.82,13.14,12.8,44685.0,0.0,13.0,5818.0,0.0,0.0,0.0,0.0,26.09,2.04,41.22,46.83
sz300428,13.6,13.02,13.75,12.92,111650.0,4.62,13.0,15078.0,0.0,0.0,0.0,0.0,17.21,1.81,29.07,81.57
sz300429,13.01,12.67,13.02,12.63,122577.0,1.32,12.84,15785.0,0.0,0.0,0.0,0.0,67.93,3.84,47.64,67.04
sz300430,12.27,12.04,12.55,11.9,106223.0,0.74,12.18,13073.0,0.0,0.0,0.0,0.0,35.33,1.89,31.49,33.38
sz300432,20.18,17.0,20.18,16.38,799096.0,19.98,16.82,149986.0,0.0,0.0,0.0,0.0,42.79,6.84,145.95,149.14
sz300433,28.66,28.28,28.86,28.03,215434.0,0.6,28.49,61471.0,0.0,0.0,0.0,0.0,27.31,3.28,1252.38,1425.4
sz300434,8.9,8.87,8.99,8.76,20117.0,0.0,8.9,1791.0,0.0,0.0,0.0,0.0,-5.69,1.71,28.53,35.76
sz300435,11.87,11.65,11.94,11.62,28172.0,1.89,11.65,3319.0,0.0,0.0,0.0,0.0,20.36,1.93,34.2,44.89
sz300436,36.31,36.43,36.89,36.2,11178.0,-0.95,36.66,4080.0,0.0,0.0,0.0,0.0,344.4,5.34,41.4,50.83
sz300437,9.11,9.05,9.45,9.03,54037.0,-0.11,9.12,4970.0,0.0,0.0,0.0,0.0,-5.17,1.81,12.76,20.16
sz300438,25.4,23.71,25.55,23.1,301828.0,6.32,23.89,74391.0,0.0,0.0,0.0,0.0,121.44,4.59,80.11,106.57
sz300439,19.71,19.71,19.95,19.5,18029.0,-0.05,19.72,3567.0,0.0,0.0,0.0,0.0,36.05,3.37,46.75,75.49
sz300440,8.05,7.98,8.1,7.88,28803.0,0.75,7.99,2308.0,0.0,0.0,0.0,0.0,24.7,2.71,35.58,36.06
sz300441,10.75,10.69,10.82,10.59,111763.0,0.56,10.69,11992.0,0.0,0.0,0.0,0.0,44.52,5.03,67.79,70.65
sz300442,49.38,49.57,50.49,49.04,7280.0,-1.5,50.13,3609.0,0.0,0.0,0.0,0.0,-23.63,9.61,48.98,49.38
sz300443,27.12,26.53,27.3,26.44,36164.0,1.16,26.81,9777.0,0.0,0.0,0.0,0.0,11.98,2.46,49.67,70.99
sz300444,6.67,6.5,6.88,6.36,459561.0,0.45,6.64,30408.0,0.0,0.0,0.0,0.0,118.22,3.29,25.18,48.37
sz300445,13.37,12.94,13.44,12.87,16568.0,3.32,12.94,2192.0,0.0,0.0,0.0,0.0,45.6,3.15,18.65,28.93
sz300446,7.9,7.66,8.03,7.61,42028.0,3.0,7.67,3320.0,0.0,0.0,0.0,0.0,-43.59,2.49,15.5,16.01
sz300447,15.89,15.78,16.25,15.53,71280.0,0.95,15.74,11385.0,0.0,0.0,0.0,0.0,27.79,3.62,27.63,46.25
sz300448,8.13,8.05,8.22,7.95,229406.0,0.0,8.13,18567.0,0.0,0.0,0.0,0.0,88.74,3.98,37.38,56.3
sz300449,8.2,8.17,8.21,7.97,91419.0,0.74,8.14,7387.0,0.0,0.0,0.0,0.0,94.14,2.7,20.04,24.46
sz300450,63.33,59.6,63.95,57.63,326290.0,5.73,59.9,202086.0,0.0,0.0,0.0,0.0,113.29,11.93,917.81,990.21
sz300451,8.76,8.77,8.87,8.71,92800.0,-0.11,8.77,8143.0,0.0,0.0,0.0,0.0,37.22,3.21,114.7,135.76
sz300452,15.06,14.99,15.35,14.9,43099.0,0.0,15.06,6526.0,0.0,0.0,0.0,0.0,26.85,4.75,21.19,27.18
sz300453,16.07,15.55,16.14,15.48,102349.0,2.16,15.73,16348.0,0.0,0.0,0.0,0.0,46.04,7.72,43.07,63.32
sz300454,255.01,249.53,256.2,244.0,22397.0,1.6,251.0,56155.0,0.0,0.0,0.0,0.0,116.36,16.37,679.16,1055.42
sz300455,11.39,11.06,11.7,11.06,472131.0,-4.92,11.98,53323.0,0.0,0.0,0.0,0.0,53.36,5.21,63.31,81.75
sz300456,30.9,30.55,31.48,29.35,298631.0,-1.65,31.42,90616.0,0.0,0.0,0.0,0.0,86.49,6.57,105.61,197.49
sz300457,20.36,19.7,20.45,19.36,262158.0,3.35,19.7,52666.0,0.0,0.0,0.0,0.0,220.75,2.51,88.33,132.25
sz300458,83.58,78.77,86.25,76.7,252143.0,3.16,81.02,206184.0,0.0,0.0,0.0,0.0,104.38,12.04,217.69,276.65
sz300459,3.25,3.27,3.27,3.23,292715.0,-0.91,3.28,9501.0,0.0,0.0,0.0,0.0,14.98,3.86,92.72,114.26
sz300460,27.02,25.14,27.69,24.89,328740.0,7.86,25.05,86997.0,0.0,0.0,0.0,0.0,105.39,6.81,63.65,74.58
sz300461,21.75,21.78,22.33,21.52,33907.0,-0.18,21.79,7430.0,0.0,0.0,0.0,0.0,29.17,16.68,14.01,28.23
sz300462,12.46,12.41,12.54,12.26,28332.0,-0.16,12.48,3517.0,0.0,0.0,0.0,0.0,25.97,1.41,17.0,23.46
sz300463,40.33,39.38,40.5,39.22,26262.0,2.36,39.4,10545.0,0.0,0.0,0.0,0.0,21.77,5.94,162.04,224.57
sz300464,11.41,11.23,11.46,11.17,40196.0,1.15,11.28,4569.0,0.0,0.0,0.0,0.0,16.83,2.02,33.13,40.29
sz300465,11.73,11.57,11.74,11.45,102015.0,0.34,11.69,11819.0,0.0,0.0,0.0,0.0,-8.04,8.93,52.41,52.41
sz300466,5.99,6.06,6.08,5.94,96890.0,-1.32,6.07,5815.0,0.0,0.0,0.0,0.0,84.29,3.73,22.61,32.08
sz300467,14.27,14.37,14.49,14.2,23753.0,-0.83,14.39,3394.0,0.0,0.0,0.0,0.0,92.16,3.77,21.48,29.0
sz300468,17.6,17.51,17.76,17.31,55764.0,-0.28,17.65,9754.0,0.0,0.0,0.0,0.0,65.57,4.35,49.7,49.86
sz300469,11.64,11.55,11.69,11.25,65874.0,-0.09,11.65,7540.0,0.0,0.0,0.0,0.0,-39.69,11.31,20.13,23.88
sz300470,40.11,41.0,41.0,39.46,27716.0,-2.62,41.19,11121.0,0.0,0.0,0.0,0.0,35.81,4.15,73.7,83.5
sz300471,12.01,11.42,12.06,11.42,116960.0,3.36,11.62,13824.0,0.0,0.0,0.0,0.0,-33.52,4.16,40.5,43.8
sz300472,10.18,10.18,10.32,10.04,53908.0,0.0,10.18,5476.0,0.0,0.0,0.0,0.0,-7.7,2.3,17.25,27.32
sz300473,23.42,22.38,23.85,22.38,47521.0,3.22,22.69,11130.0,0.0,0.0,0.0,0.0,-7.68,1.47,26.19,31.6
sz300474,85.35,84.5,85.95,82.56,53230.0,-0.41,85.7,45124.0,0.0,0.0,0.0,0.0,111.3,10.12,136.01,257.12
sz300475,24.31,23.6,24.58,23.04,24542.0,2.75,23.66,5853.0,0.0,0.0,0.0,0.0,98.62,7.38,74.93,102.1
sz300476,21.44,21.14,21.6,21.02,46374.0,0.28,21.38,9895.0,0.0,0.0,0.0,0.0,27.93,4.43,164.31,166.71
sz300477,7.58,7.05,7.79,6.98,754630.0,7.52,7.05,56419.0,0.0,0.0,0.0,0.0,-11.93,3.63,45.71,82.07
sz300478,10.72,9.94,10.72,9.94,59432.0,7.63,9.96,6228.0,0.0,0.0,0.0,0.0,-7.36,23.04,12.82,13.58
sz300479,27.43,22.96,28.57,22.14,501847.0,14.34,23.99,125108.0,0.0,0.0,0.0,0.0,455.22,7.47,46.51,46.51
sz300480,26.13,24.71,26.28,24.71,30255.0,3.28,25.3,7805.0,0.0,0.0,0.0,0.0,104.9,8.35,40.42,65.15
sz300481,21.93,21.29,22.19,21.17,27192.0,2.96,21.3,5906.0,0.0,0.0,0.0,0.0,33.48,3.51,56.37,64.54
sz300482,59.2,60.78,60.89,58.72,41050.0,-2.74,60.87,24390.0,0.0,0.0,0.0,0.0,38.09,9.06,189.63,263.47
sz300483,14.14,14.1,14.32,14.06,9490.0,-0.56,14.22,1348.0,0.0,0.0,0.0,0.0,37.09,1.36,30.08,37.97
sz300484,15.48,15.58,15.74,15.07,145810.0,-1.65,15.74,22448.0,0.0,0.0,0.0,0.0,63.65,5.43,23.69,32.2
sz300485,12.21,12.0,12.38,12.0,36182.0,-0.97,12.33,4430.0,0.0,0.0,0.0,0.0,34.22,2.09,30.94,58.81
sz300486,11.46,11.32,11.65,11.12,14198.0,1.24,11.32,1629.0,0.0,0.0,0.0,0.0,43.58,3.1,43.18,46.59
sz300487,87.9,79.7,90.28,78.8,87803.0,4.97,83.74,75546.0,0.0,0.0,0.0,0.0,73.49,10.72,111.53,193.19
sz300488,17.29,17.3,17.39,17.19,7075.0,-0.52,17.38,1221.0,0.0,0.0,0.0,0.0,29.45,2.68,23.64,28.65
sz300489,23.12,22.76,23.75,22.32,39404.0,-0.82,23.31,9101.0,0.0,0.0,0.0,0.0,91.33,8.2,31.29,31.47
sz300490,19.37,18.79,20.16,18.51,547165.0,2.65,18.87,105659.0,0.0,0.0,0.0,0.0,103.59,2.84,48.46,49.62
sz300491,17.45,17.31,17.57,16.81,153844.0,1.39,17.21,26467.0,0.0,0.0,0.0,0.0,51.2,3.95,22.11,28.05
sz300492,52.76,52.52,53.35,51.45,3430.0,1.97,51.74,1802.0,0.0,0.0,0.0,0.0,323.32,26.13,57.84,74.42
sz300493,7.74,7.76,7.78,7.6,115474.0,-0.9,7.81,8893.0,0.0,0.0,0.0,0.0,74.86,5.02,36.93,37.66
sz300494,15.07,15.35,15.35,14.87,39271.0,-0.59,15.16,5932.0,0.0,0.0,0.0,0.0,49.17,4.56,24.46,36.17
sz300495,3.76,3.68,3.79,3.67,136247.0,1.35,3.71,5099.0,0.0,0.0,0.0,0.0,51.95,0.66,17.39,25.35
sz300496,158.89,154.38,160.41,153.3,62535.0,-0.19,159.2,98699.0,0.0,0.0,0.0,0.0,138.45,15.49,507.39,673.86
sz300497,12.57,12.79,12.9,12.53,52959.0,-1.26,12.73,6693.0,0.0,0.0,0.0,0.0,22.32,2.24,46.43,69.14
sz300498,14.19,14.15,14.35,14.02,169548.0,-0.56,14.27,23980.0,0.0,0.0,0.0,0.0,14.88,1.96,684.74,904.39
sz300499,8.83,8.53,8.85,8.46,46641.0,3.4,8.54,4056.0,0.0,0.0,0.0,0.0,29.58,2.93,20.13,24.57
sz300500,19.19,18.18,19.67,17.81,204768.0,2.4,18.74,38432.0,0.0,0.0,0.0,0.0,61.34,2.3,29.84,33.42
sz300501,17.78,17.47,17.86,17.36,11549.0,1.48,17.52,2047.0,0.0,0.0,0.0,0.0,22.79,3.31,15.51,27.83
sz300502,29.71,28.63,29.75,28.31,71001.0,3.16,28.8,20752.0,0.0,0.0,0.0,0.0,27.49,4.24,110.38,150.66
sz300503,11.95,11.75,12.05,11.75,43232.0,0.0,11.95,5151.0,0.0,0.0,0.0,0.0,38.24,3.09,23.7,36.58
sz300504,18.13,16.28,18.96,16.24,103359.0,10.62,16.39,18244.0,0.0,0.0,0.0,0.0,40.89,2.53,37.84,49.3
sz300505,24.19,22.24,24.95,22.0,201844.0,5.45,22.94,47963.0,0.0,0.0,0.0,0.0,157.8,3.34,21.55,31.62
sz300506,6.13,5.95,6.21,5.88,250567.0,0.82,6.08,15143.0,0.0,0.0,0.0,0.0,-16.69,2.9,30.5,40.15
sz300507,9.4,9.42,9.45,9.25,123324.0,-0.84,9.48,11515.0,0.0,0.0,0.0,0.0,37.5,3.6,25.44,40.31
sz300508,28.56,28.35,30.28,28.35,33894.0,1.67,28.09,9852.0,0.0,0.0,0.0,0.0,35.08,4.54,11.98,25.96
sz300509,6.72,6.72,6.81,6.67,45179.0,-1.18,6.8,3038.0,0.0,0.0,0.0,0.0,32.11,3.42,11.19,19.92
sz300510,6.52,6.23,6.54,6.13,469247.0,3.99,6.27,29888.0,0.0,0.0,0.0,0.0,74.15,2.07,53.61,54.03
sz300511,8.19,8.27,8.33,8.16,76303.0,-2.38,8.39,6271.0,0.0,0.0,0.0,0.0,20.25,1.79,25.87,36.21
sz300512,15.0,14.93,15.08,14.73,28067.0,0.0,15.0,4185.0,0.0,0.0,0.0,0.0,69.88,2.79,32.51,41.03
sz300513,10.28,10.39,10.39,10.13,47096.0,-1.53,10.44,4817.0,0.0,0.0,0.0,0.0,29.58,1.27,24.33,32.25
sz300514,10.84,10.8,10.9,10.6,83817.0,-0.46,10.89,8999.0,0.0,0.0,0.0,0.0,66.17,3.74,16.58,21.68
sz300515,10.42,10.18,10.54,10.18,23566.0,1.36,10.28,2453.0,0.0,0.0,0.0,0.0,28.56,3.94,18.21,21.45
sz300516,32.09,31.36,32.36,31.17,32738.0,1.07,31.75,10447.0,0.0,0.0,0.0,0.0,72.29,5.12,57.76,57.76
sz300517,12.04,11.56,12.74,11.4,57725.0,7.6,11.19,6918.0,0.0,0.0,0.0,0.0,27.12,2.79,13.55,23.13
sz300518,43.43,43.82,43.82,42.84,11944.0,0.09,43.39,5195.0,0.0,0.0,0.0,0.0,36.33,4.93,22.45,44.19
sz300519,17.88,17.58,17.99,17.51,45814.0,0.28,17.83,8158.0,0.0,0.0,0.0,0.0,25.85,3.72,20.4,28.61
sz300520,22.12,21.45,22.27,21.17,112396.0,3.51,21.37,24578.0,0.0,0.0,0.0,0.0,68.77,4.1,47.39,53.95
sz300521,16.07,16.11,16.5,16.01,11012.0,-0.68,16.18,1777.0,0.0,0.0,0.0,0.0,-285.68,4.61,23.14,23.14
sz300522,17.07,16.62,17.15,16.59,13427.0,1.01,16.9,2272.0,0.0,0.0,0.0,0.0,39.53,6.07,31.06,46.13
sz300523,23.37,23.01,23.58,23.01,7946.0,-0.34,23.45,1852.0,0.0,0.0,0.0,0.0,161.84,3.65,53.72,54.37
sz300525,17.52,17.75,17.75,17.35,24665.0,-1.3,17.75,4300.0,0.0,0.0,0.0,0.0,40.6,5.08,53.23,69.26
sz300526,39.3,37.88,40.96,36.85,196114.0,0.41,39.14,76716.0,0.0,0.0,0.0,0.0,-43.36,22.4,80.26,80.27
sz300527,9.15,9.1,9.23,9.05,96589.0,0.0,9.15,8836.0,0.0,0.0,0.0,0.0,76.14,3.31,88.13,88.13
sz300528,6.03,6.0,6.09,6.0,20505.0,-0.33,6.05,1239.0,0.0,0.0,0.0,0.0,-7.73,3.02,15.39,22.47
sz300529,84.24,80.9,84.8,80.9,56815.0,4.0,81.0,47329.0,0.0,0.0,0.0,0.0,69.62,21.8,432.96,678.16
sz300530,33.0,31.8,37.49,31.01,41798.0,0.0,33.0,14481.0,0.0,0.0,0.0,0.0,-61.79,19.28,34.53,52.28
sz300531,15.64,15.71,15.79,15.45,57937.0,-1.32,15.85,9016.0,0.0,0.0,0.0,0.0,37.51,3.28,46.78,51.83
sz300532,8.78,8.73,8.84,8.72,20826.0,-0.23,8.8,1831.0,0.0,0.0,0.0,0.0,57.98,3.19,14.36,23.99
sz300533,21.49,21.64,21.65,21.2,14962.0,-0.65,21.63,3195.0,0.0,0.0,0.0,0.0,91.29,1.9,21.5,32.41
sz300534,6.84,6.8,6.95,6.76,151711.0,-2.01,6.98,10364.0,0.0,0.0,0.0,0.0,1144.28,2.84,20.54,20.75
sz300535,14.28,14.41,14.71,14.09,27887.0,-0.63,14.37,3988.0,0.0,0.0,0.0,0.0,20.21,1.78,12.29,14.91
sz300536,13.07,13.01,13.18,12.88,6385.0,0.08,13.06,833.0,0.0,0.0,0.0,0.0,537.51,6.28,28.64,38.33
sz300537,18.8,18.55,18.91,18.0,157973.0,-0.84,18.96,29194.0,0.0,0.0,0.0,0.0,-17.12,3.27,23.57,36.29
sz300538,21.37,20.38,21.48,20.38,49747.0,3.29,20.69,10525.0,0.0,0.0,0.0,0.0,138.88,7.23,16.55,32.4
sz300539,8.49,7.97,8.58,7.97,98106.0,5.07,8.08,8244.0,0.0,0.0,0.0,0.0,87.58,3.94,9.61,18.87
sz300540,20.01,19.95,20.45,19.66,20439.0,-0.2,20.05,4111.0,0.0,0.0,0.0,0.0,181.15,4.44,17.87,24.95
sz300541,16.04,16.03,16.15,15.6,168752.0,-1.9,16.35,26690.0,0.0,0.0,0.0,0.0,31.78,4.8,39.88,49.17
sz300542,13.44,13.6,13.64,13.2,63237.0,-3.03,13.86,8462.0,0.0,0.0,0.0,0.0,56.42,6.25,32.21,40.33
sz300543,17.16,17.1,17.43,16.61,170191.0,-1.61,17.44,29092.0,0.0,0.0,0.0,0.0,25.85,4.91,35.3,46.02
sz300545,24.55,23.3,24.88,23.01,41985.0,4.82,23.42,10181.0,0.0,0.0,0.0,0.0,78.48,3.19,19.43,43.63
sz300546,16.8,16.4,16.83,16.05,41005.0,1.27,16.59,6723.0,0.0,0.0,0.0,0.0,-280.19,2.73,14.36,22.95
sz300547,10.39,9.98,10.4,9.92,96367.0,3.69,10.02,9852.0,0.0,0.0,0.0,0.0,19.11,2.65,19.43,22.54
sz300548,36.88,35.2,37.08,34.93,66982.0,4.68,35.23,24335.0,0.0,0.0,0.0,0.0,52.67,4.63,43.76,63.83
sz300549,19.3,19.28,19.89,19.18,30225.0,-1.48,19.59,5871.0,0.0,0.0,0.0,0.0,66.21,4.96,19.22,25.73
sz300550,13.88,14.0,14.19,13.74,11946.0,-1.07,14.03,1674.0,0.0,0.0,0.0,0.0,76.76,3.34,36.27,36.78
sz300551,17.09,16.94,17.5,16.85,79282.0,0.29,17.04,13647.0,0.0,0.0,0.0,0.0,255.67,8.5,40.35,51.98
sz300552,30.64,30.25,30.68,30.01,15684.0,0.66,30.44,4750.0,0.0,0.0,0.0,0.0,11.19,2.98,32.81,60.64
sz300553,33.54,32.17,33.71,31.98,18235.0,5.27,31.86,6046.0,0.0,0.0,0.0,0.0,88.94,4.75,10.13,16.1
sz300554,18.96,18.31,19.3,18.26,52479.0,2.54,18.49,9936.0,0.0,0.0,0.0,0.0,76.13,3.41,10.02,17.75
sz300555,9.41,9.58,9.61,9.3,55114.0,-2.08,9.61,5195.0,0.0,0.0,0.0,0.0,157.9,2.93,16.36,18.82
sz300556,19.47,19.1,19.58,18.92,45793.0,1.14,19.25,8801.0,0.0,0.0,0.0,0.0,34.02,3.55,17.3,22.95
sz300557,27.39,27.45,28.01,27.2,7245.0,-0.18,27.44,1995.0,0.0,0.0,0.0,0.0,92.8,3.18,15.17,15.25
sz300558,98.78,99.51,101.07,98.75,29834.0,-1.51,100.29,29657.0,0.0,0.0,0.0,0.0,65.73,9.81,408.64,409.92
sz300559,8.83,8.85,8.88,8.78,18118.0,0.0,8.83,1598.0,0.0,0.0,0.0,0.0,18.78,3.8,26.37,35.28
sz300560,14.2,14.0,14.34,13.93,25079.0,1.0,14.06,3546.0,0.0,0.0,0.0,0.0,40.02,3.04,16.09,32.13
sz300561,11.94,11.79,11.97,11.69,38604.0,0.67,11.86,4575.0,0.0,0.0,0.0,0.0,224.85,5.82,20.87,39.19
sz300562,14.54,14.59,14.68,14.46,18217.0,-0.34,14.59,2656.0,0.0,0.0,0.0,0.0,39.97,3.08,17.97,31.21
sz300563,15.22,15.09,15.42,14.94,46336.0,0.26,15.18,7051.0,0.0,0.0,0.0,0.0,42.67,3.03,18.46,27.2
sz300564,22.09,22.37,22.45,21.99,9791.0,-1.03,22.32,2165.0,0.0,0.0,0.0,0.0,14.59,1.92,7.46,22.74
sz300565,13.4,13.29,13.45,13.19,37057.0,0.0,13.4,4935.0,0.0,0.0,0.0,0.0,81.78,4.04,20.53,27.87
sz300566,26.68,26.41,27.28,26.02,26399.0,0.6,26.52,7060.0,0.0,0.0,0.0,0.0,41.04,7.17,46.48,62.11
sz300567,54.85,53.95,55.11,53.09,51543.0,0.92,54.35,27941.0,0.0,0.0,0.0,0.0,50.58,4.83,93.28,152.55
sz300568,43.03,39.61,43.3,38.69,355218.0,7.09,40.18,147931.0,0.0,0.0,0.0,0.0,184.95,10.2,266.39,308.97
sz300569,8.11,8.02,8.2,8.0,84598.0,0.37,8.08,6858.0,0.0,0.0,0.0,0.0,11.97,2.32,38.86,55.15
sz300570,16.59,15.98,16.59,15.82,48000.0,3.56,16.02,7783.0,0.0,0.0,0.0,0.0,44.92,3.19,31.83,38.16
sz300571,35.02,34.67,35.05,34.0,9847.0,1.74,34.42,3413.0,0.0,0.0,0.0,0.0,18.56,5.63,33.75,43.63
sz300572,31.0,30.5,31.45,30.02,15997.0,1.64,30.5,4926.0,0.0,0.0,0.0,0.0,37.56,3.3,43.65,70.99
sz300573,120.4,119.19,125.5,117.58,25889.0,1.35,118.8,31516.0,0.0,0.0,0.0,0.0,75.31,14.26,73.99,99.13
sz300575,22.4,22.56,22.65,22.26,12113.0,-1.15,22.66,2713.0,0.0,0.0,0.0,0.0,22.5,3.04,29.12,46.37
sz300576,42.29,40.75,42.79,40.42,93019.0,1.49,41.67,38780.0,0.0,0.0,0.0,0.0,120.63,14.34,39.62,79.55
sz300577,20.64,20.62,21.09,20.49,7670.0,-0.1,20.66,1586.0,0.0,0.0,0.0,0.0,54.3,3.29,26.64,49.57
sz300578,26.79,26.1,26.83,26.07,17889.0,1.29,26.45,4746.0,0.0,0.0,0.0,0.0,34.7,3.57,43.31,46.58
sz300579,45.17,45.51,45.7,44.03,54537.0,-1.97,46.08,24414.0,0.0,0.0,0.0,0.0,76.38,11.09,78.74,81.31
sz300580,19.52,19.15,19.57,19.02,13634.0,1.56,19.22,2642.0,0.0,0.0,0.0,0.0,19.05,2.33,36.41,39.04
sz300581,33.79,32.18,35.69,32.01,335350.0,2.24,33.05,114216.0,0.0,0.0,0.0,0.0,141.49,14.54,104.47,104.47
sz300582,29.8,28.96,30.68,28.11,211477.0,3.29,28.85,62187.0,0.0,0.0,0.0,0.0,48.4,6.96,56.25,88.32
sz300583,23.12,22.95,23.39,22.55,20823.0,-3.51,23.96,4760.0,0.0,0.0,0.0,0.0,-15.41,1.51,19.36,24.8
sz300584,20.02,19.83,20.35,19.77,9256.0,0.6,19.9,1853.0,0.0,0.0,0.0,0.0,46.58,3.54,12.82,24.02
sz300585,13.45,13.44,13.47,13.2,16876.0,0.37,13.4,2252.0,0.0,0.0,0.0,0.0,51.39,3.92,21.52,21.52
sz300586,9.7,9.35,9.95,9.25,241163.0,3.3,9.39,23296.0,0.0,0.0,0.0,0.0,91.31,5.96,28.03,44.23
sz300587,12.8,12.25,13.15,12.25,150643.0,1.99,12.55,19291.0,0.0,0.0,0.0,0.0,27.34,4.59,60.91,74.13
sz300588,19.3,18.14,20.0,17.31,394088.0,6.45,18.13,72432.0,0.0,0.0,0.0,0.0,-35.04,10.68,20.26,31.96
sz300589,28.39,27.11,28.5,27.11,95085.0,2.9,27.59,26633.0,0.0,0.0,0.0,0.0,152.32,15.42,29.07,57.58
sz300590,19.58,19.51,19.8,19.35,41752.0,-0.81,19.74,8148.0,0.0,0.0,0.0,0.0,59.3,5.17,41.15,56.91
sz300591,9.98,9.54,10.12,9.42,283452.0,6.17,9.4,27799.0,0.0,0.0,0.0,0.0,-28.95,6.68,20.55,32.91
sz300592,26.69,26.31,26.69,25.91,43407.0,1.1,26.4,11412.0,0.0,0.0,0.0,0.0,-124.79,4.18,25.46,71.12
sz300593,41.12,39.04,41.57,38.6,59549.0,4.1,39.5,24341.0,0.0,0.0,0.0,0.0,63.89,12.69,81.54,108.91
sz300594,19.66,19.77,19.88,19.54,5638.0,-0.61,19.78,1109.0,0.0,0.0,0.0,0.0,23.04,1.98,13.34,17.69
sz300595,103.25,97.0,103.86,96.08,76125.0,5.93,97.47,77413.0,0.0,0.0,0.0,0.0,164.65,46.25,632.57,878.32
sz300596,41.06,40.79,41.48,40.55,10778.0,0.17,40.99,4422.0,0.0,0.0,0.0,0.0,26.3,3.82,74.83,84.18
sz300597,9.25,9.3,9.39,9.18,30708.0,-1.18,9.36,2849.0,0.0,0.0,0.0,0.0,69.33,2.68,20.42,22.2
sz300598,79.08,78.38,80.5,76.66,78506.0,-1.52,80.3,61451.0,0.0,0.0,0.0,0.0,173.71,12.12,125.21,125.22
sz300599,11.4,11.1,11.48,11.08,48240.0,2.15,11.16,5486.0,0.0,0.0,0.0,0.0,18.04,1.79,17.42,40.83
sz300600,13.64,13.43,13.84,13.41,69732.0,-0.15,13.66,9478.0,0.0,0.0,0.0,0.0,62.57,3.46,31.06,40.49
sz300601,145.56,148.7,150.6,145.46,67230.0,-1.93,148.43,99132.0,0.0,0.0,0.0,0.0,142.35,13.19,773.05,999.14
sz300602,19.01,18.37,19.3,18.07,74910.0,3.71,18.33,14040.0,0.0,0.0,0.0,0.0,47.88,3.95,59.15,96.27
sz300603,10.29,10.22,10.36,10.11,64302.0,-0.48,10.34,6574.0,0.0,0.0,0.0,0.0,-4.49,2.96,24.83,43.38
sz300604,76.19,70.5,76.19,68.51,78444.0,5.09,72.5,56968.0,0.0,0.0,0.0,0.0,191.56,20.86,165.26,239.08
sz300605,12.7,12.61,12.79,12.48,44332.0,-0.86,12.81,5591.0,0.0,0.0,0.0,0.0,35.13,4.35,13.06,20.99
sz300606,18.47,18.54,18.8,18.32,6514.0,-0.54,18.57,1207.0,0.0,0.0,0.0,0.0,25.78,3.59,10.24,17.26
sz300607,20.74,21.0,21.55,20.5,53627.0,-2.08,21.18,11242.0,0.0,0.0,0.0,0.0,19.28,3.93,57.43,88.33
sz300608,19.05,18.6,19.74,17.01,337889.0,-1.6,19.36,62016.0,0.0,0.0,0.0,0.0,57.91,5.09,31.08,39.98
sz300609,17.7,17.79,17.96,17.3,56815.0,0.57,17.6,9984.0,0.0,0.0,0.0,0.0,-272.53,2.04,16.07,21.58
sz300610,13.48,13.51,13.58,13.25,102583.0,-2.74,13.86,13735.0,0.0,0.0,0.0,0.0,17.09,2.83,21.42,28.7
sz300611,10.65,10.6,10.85,10.56,45167.0,-0.19,10.67,4823.0,0.0,0.0,0.0,0.0,35.52,2.87,12.96,19.06
sz300612,16.3,16.3,16.49,16.16,18264.0,-1.21,16.5,2980.0,0.0,0.0,0.0,0.0,-117.67,9.34,26.2,26.41
sz300613,172.99,165.78,176.0,165.0,22864.0,-0.58,174.0,39187.0,0.0,0.0,0.0,0.0,225.76,15.13,195.83,207.73
sz300615,12.58,12.52,12.82,12.42,26261.0,-0.71,12.67,3295.0,0.0,0.0,0.0,0.0,495.92,5.0,12.91,23.55
sz300616,85.46,80.5,85.88,79.26,9615.0,5.87,80.72,8059.0,0.0,0.0,0.0,0.0,64.1,4.87,111.21,169.79
sz300617,46.65,45.64,47.48,45.62,9125.0,1.52,45.95,4257.0,0.0,0.0,0.0,0.0,37.5,6.53,30.18,60.34
sz300618,91.82,84.52,92.73,83.09,269575.0,7.02,85.8,240597.0,0.0,0.0,0.0,0.0,69.05,6.62,203.62,284.29
sz300619,26.65,25.77,27.79,25.77,77282.0,4.14,25.59,20680.0,0.0,0.0,0.0,0.0,104.46,4.09,15.09,19.9
sz300620,55.4,53.0,56.0,52.45,26848.0,0.45,55.15,14536.0,0.0,0.0,0.0,0.0,79.13,4.28,56.27,60.12
sz300621,9.48,9.34,9.59,9.32,46239.0,0.53,9.43,4375.0,0.0,0.0,0.0,0.0,30.92,2.24,18.37,19.72
sz300622,21.29,20.92,21.88,20.92,24020.0,1.77,20.92,5138.0,0.0,0.0,0.0,0.0,38.37,5.69,22.55,36.73
sz300623,33.5,32.58,33.74,32.08,252401.0,0.99,33.17,83659.0,0.0,0.0,0.0,0.0,72.15,9.49,214.66,246.73
sz300624,56.38,57.4,57.4,54.14,67265.0,-4.12,58.8,37378.0,0.0,0.0,0.0,0.0,60.08,8.48,62.3,73.26
sz300625,16.14,15.69,16.24,15.62,33110.0,2.28,15.78,5320.0,0.0,0.0,0.0,0.0,18.97,2.04,22.34,45.19
sz300626,9.88,9.33,9.91,9.3,92773.0,3.78,9.52,9002.0,0.0,0.0,0.0,0.0,103.54,3.17,11.97,17.78
sz300627,31.58,30.86,31.8,30.6,33644.0,1.06,31.25,10546.0,0.0,0.0,0.0,0.0,48.0,9.96,85.26,109.21
sz300628,87.98,86.19,88.45,85.61,34693.0,3.14,85.3,30371.0,0.0,0.0,0.0,0.0,61.72,15.86,422.76,794.45
sz300629,21.05,20.69,21.3,20.54,21753.0,1.2,20.8,4582.0,0.0,0.0,0.0,0.0,51.12,3.14,18.17,27.69
sz300630,49.81,49.74,50.35,49.18,16648.0,0.14,49.74,8297.0,0.0,0.0,0.0,0.0,48.52,9.97,160.05,217.68
sz300631,43.79,36.01,43.79,35.0,275754.0,20.01,36.49,109648.0,0.0,0.0,0.0,0.0,58.23,5.89,46.53,47.57
sz300632,14.63,14.49,14.66,14.3,57257.0,-0.07,14.64,8311.0,0.0,0.0,0.0,0.0,29.31,2.33,29.32,44.79
sz300633,31.8,29.84,32.16,29.1,85724.0,6.53,29.85,26987.0,0.0,0.0,0.0,0.0,-6842.95,9.24,127.2,128.42
sz300634,21.94,21.37,22.45,20.63,201375.0,1.95,21.52,43113.0,0.0,0.0,0.0,0.0,69.42,4.94,82.41,97.42
sz300635,19.13,19.46,19.46,19.02,7201.0,-0.98,19.32,1381.0,0.0,0.0,0.0,0.0,48.02,4.09,16.46,26.08
sz300636,15.3,14.95,15.6,14.93,14359.0,0.33,15.25,2200.0,0.0,0.0,0.0,0.0,42.34,4.01,26.85,31.5
sz300637,9.76,9.52,9.85,9.52,87793.0,0.83,9.68,8530.0,0.0,0.0,0.0,0.0,50.93,2.99,22.86,22.91
sz300638,45.36,0.0,0.0,0.0,0.0,0.0,45.36,0.0,0.0,0.0,0.0,0.0,60.11,11.2,116.75,187.5
sz300639,31.0,30.81,31.18,30.32,41997.0,0.71,30.78,12938.0,0.0,0.0,0.0,0.0,17.7,3.53,89.49,91.11
sz300640,6.7,6.69,6.76,6.65,11357.0,-0.3,6.72,761.0,0.0,0.0,0.0,0.0,56.68,2.9,7.94,19.22
sz300641,8.3,8.17,8.52,8.07,266617.0,0.12,8.29,22106.0,0.0,0.0,0.0,0.0,58.6,2.94,40.64,40.64
sz300642,83.27,78.03,84.45,78.03,13243.0,5.01,79.3,10876.0,0.0,0.0,0.0,0.0,46.63,5.87,62.29,75.83
sz300643,12.42,12.39,12.62,12.15,61703.0,-0.8,12.52,7629.0,0.0,0.0,0.0,0.0,46.2,5.4,24.84,24.84
sz300644,20.42,20.28,20.88,20.18,22310.0,-1.02,20.63,4556.0,0.0,0.0,0.0,0.0,31.21,3.01,19.27,22.21
sz300645,18.01,17.97,18.29,17.9,59919.0,-1.64,18.31,10798.0,0.0,0.0,0.0,0.0,54.62,3.59,22.93,22.93
sz300647,10.25,9.82,10.36,9.8,169006.0,3.43,9.91,17157.0,0.0,0.0,0.0,0.0,274.0,3.75,22.45,44.14
sz300648,33.4,30.38,33.91,30.38,79408.0,8.13,30.89,25871.0,0.0,0.0,0.0,0.0,61.71,4.99,26.68,49.36
sz300649,17.61,18.37,18.37,17.51,37620.0,-3.77,18.3,6682.0,0.0,0.0,0.0,0.0,44.16,4.93,18.19,22.54
sz300650,24.14,23.89,24.48,23.82,27672.0,-0.74,24.32,6694.0,0.0,0.0,0.0,0.0,38.47,4.35,13.05,25.91
sz300651,41.19,40.43,41.99,40.07,23201.0,-2.76,42.36,9516.0,0.0,0.0,0.0,0.0,172.88,7.84,28.27,53.03
sz300652,20.26,19.89,20.57,19.19,19559.0,1.5,19.96,3929.0,0.0,0.0,0.0,0.0,30.1,2.11,16.92,19.06
sz300653,73.0,71.0,73.52,69.15,31898.0,3.89,70.27,22950.0,0.0,0.0,0.0,0.0,61.3,13.26,87.6,87.6
sz300654,8.5,8.52,8.63,8.47,11945.0,-0.82,8.57,1019.0,0.0,0.0,0.0,0.0,43.94,3.24,14.7,15.47
sz300655,35.88,34.47,36.5,34.45,227612.0,1.96,35.19,81417.0,0.0,0.0,0.0,0.0,127.39,9.17,102.75,121.95
sz300656,33.24,31.83,33.56,31.43,31561.0,2.25,32.51,10356.0,0.0,0.0,0.0,0.0,70.31,7.27,27.49,39.82
sz300657,17.0,16.66,17.02,16.39,83335.0,0.65,16.89,13882.0,0.0,0.0,0.0,0.0,40.32,4.14,54.95,58.1
sz300658,10.87,10.58,11.29,10.56,35580.0,2.55,10.6,3900.0,0.0,0.0,0.0,0.0,9.27,2.24,14.67,24.75
sz300659,33.28,32.0,34.36,31.89,62263.0,3.32,32.21,20778.0,0.0,0.0,0.0,0.0,29.03,5.09,49.43,75.44
sz300660,20.1,20.14,20.32,19.84,25881.0,-2.05,20.52,5186.0,0.0,0.0,0.0,0.0,16.97,2.09,24.94,52.13
sz300661,236.46,229.0,238.54,224.0,27796.0,1.92,232.0,64669.0,0.0,0.0,0.0,0.0,166.25,35.18,514.16,555.07
sz300662,56.5,56.01,57.17,55.7,5673.0,0.44,56.25,3210.0,0.0,0.0,0.0,0.0,51.97,9.42,102.12,103.28
sz300663,39.02,39.8,40.49,35.7,424525.0,-5.54,41.31,163287.0,0.0,0.0,0.0,0.0,158.48,11.03,93.71,121.35
sz300664,6.44,6.44,6.5,6.42,48179.0,-0.31,6.46,3109.0,0.0,0.0,0.0,0.0,11.61,1.3,45.37,46.0
sz300665,8.53,8.48,8.58,8.43,16931.0,0.0,8.53,1444.0,0.0,0.0,0.0,0.0,49.18,3.16,10.93,14.78
sz300666,49.44,48.0,49.79,47.31,70785.0,1.73,48.6,34594.0,0.0,0.0,0.0,0.0,74.98,10.46,67.15,110.99
sz300667,23.17,23.0,23.4,22.6,18832.0,0.26,23.11,4325.0,0.0,0.0,0.0,0.0,72.1,4.07,33.46,46.06
sz300668,13.61,13.61,14.07,13.56,16282.0,-0.95,13.74,2237.0,0.0,0.0,0.0,0.0,104.97,3.3,7.74,14.34
sz300669,21.22,21.02,21.88,21.02,25462.0,0.52,21.11,5444.0,0.0,0.0,0.0,0.0,41.18,4.29,21.36,23.57
sz300670,7.62,7.64,7.73,7.55,37837.0,-0.39,7.65,2886.0,0.0,0.0,0.0,0.0,37.53,2.66,15.89,24.07
sz300671,162.68,138.33,166.3,135.0,215231.0,14.32,142.3,327853.0,0.0,0.0,0.0,0.0,214.57,30.37,333.42,333.42
sz300672,124.3,122.0,129.54,116.0,76057.0,1.06,123.0,93228.0,0.0,0.0,0.0,0.0,209.49,17.77,215.13,224.13
sz300673,23.97,23.61,24.28,23.37,48323.0,0.0,23.97,11553.0,0.0,0.0,0.0,0.0,48.04,3.71,38.92,60.74
sz300674,17.16,17.37,17.4,17.08,74609.0,-2.0,17.51,12846.0,0.0,0.0,0.0,0.0,26.94,4.85,75.8,113.49
sz300675,17.53,16.88,17.7,16.88,49190.0,2.88,17.04,8610.0,0.0,0.0,0.0,0.0,51.19,5.4,25.71,25.71
sz300676,115.21,114.48,115.76,113.7,21764.0,0.9,114.18,25084.0,0.0,0.0,0.0,0.0,19.27,5.74,286.09,476.87
sz300677,116.15,113.0,117.14,112.61,116591.0,2.29,113.55,134248.0,0.0,0.0,0.0,0.0,4.01,3.4,292.61,425.32
sz300678,20.29,20.18,20.44,19.82,70282.0,-0.93,20.48,14139.0,0.0,0.0,0.0,0.0,113.36,6.01,36.52,36.52
sz300679,29.46,28.81,29.99,28.03,90052.0,1.94,28.9,26280.0,0.0,0.0,0.0,0.0,35.1,3.37,91.4,124.09
sz300680,27.3,26.47,27.55,25.97,63625.0,3.96,26.26,17068.0,0.0,0.0,0.0,0.0,76.1,6.58,37.52,55.11
sz300681,37.36,35.4,37.99,35.09,20737.0,5.54,35.4,7606.0,0.0,0.0,0.0,0.0,141.45,4.85,16.32,28.24
sz300682,17.18,17.0,17.23,16.99,18594.0,0.47,17.1,3179.0,0.0,0.0,0.0,0.0,24.34,3.41,121.64,175.59
sz300683,42.72,42.5,43.3,41.51,7328.0,1.62,42.04,3137.0,0.0,0.0,0.0,0.0,-299.4,2.56,40.61,44.15
sz300684,20.54,20.35,20.7,20.22,36841.0,0.54,20.43,7557.0,0.0,0.0,0.0,0.0,29.12,3.73,35.23,57.71
sz300685,102.5,97.43,103.0,97.02,18461.0,3.64,98.9,18723.0,0.0,0.0,0.0,0.0,114.87,20.21,225.09,227.27
sz300686,16.45,16.32,16.57,16.18,20544.0,-0.3,16.5,3364.0,0.0,0.0,0.0,0.0,38.22,2.55,22.64,43.72
sz300687,22.56,22.1,22.85,21.72,161821.0,1.48,22.23,36088.0,0.0,0.0,0.0,0.0,43.25,8.02,57.25,79.56
sz300688,19.1,19.31,19.44,18.89,10577.0,-1.04,19.3,2017.0,0.0,0.0,0.0,0.0,135.08,3.57,14.16,20.86
sz300689,43.0,43.74,44.19,42.0,11887.0,-2.41,44.06,5105.0,0.0,0.0,0.0,0.0,123.58,4.75,24.6,29.24
sz300690,24.4,23.96,24.76,23.88,28811.0,0.62,24.25,7037.0,0.0,0.0,0.0,0.0,12.28,3.03,26.53,40.58
sz300691,17.75,17.13,17.82,17.13,95365.0,1.6,17.47,16732.0,0.0,0.0,0.0,0.0,53.21,4.22,32.49,39.97
sz300692,7.5,7.54,7.57,7.47,51021.0,-0.4,7.53,3836.0,0.0,0.0,0.0,0.0,18.04,1.72,28.09,31.78
sz300693,18.39,17.26,18.45,17.13,143825.0,5.81,17.38,25881.0,0.0,0.0,0.0,0.0,31.26,4.81,25.87,37.75
sz300694,11.43,11.38,11.74,11.28,94821.0,-2.64,11.74,10885.0,0.0,0.0,0.0,0.0,113.47,1.99,14.85,24.61
sz300695,51.2,51.23,51.35,51.03,1106.0,-0.08,51.24,566.0,0.0,0.0,0.0,0.0,22.28,1.83,34.14,34.14
sz300696,41.28,38.79,42.7,38.58,53737.0,5.49,39.13,22053.0,0.0,0.0,0.0,0.0,61.06,9.5,58.92,95.93
sz300697,13.24,13.14,13.49,13.06,107052.0,-0.45,13.3,14238.0,0.0,0.0,0.0,0.0,31.02,4.69,19.28,44.06
sz300698,19.84,19.83,20.14,19.58,13837.0,0.51,19.74,2742.0,0.0,0.0,0.0,0.0,-257.95,7.3,20.96,26.59
sz300699,69.67,68.16,70.35,68.01,51505.0,1.5,68.64,35760.0,0.0,0.0,0.0,0.0,52.44,10.04,359.75,361.13
sz300700,13.28,12.96,13.3,12.89,20693.0,1.92,13.03,2728.0,0.0,0.0,0.0,0.0,-193.29,2.94,10.26,14.23
sz300701,22.27,22.2,22.42,21.67,39919.0,-0.8,22.45,8802.0,0.0,0.0,0.0,0.0,24.58,5.68,40.09,40.09
sz300702,35.5,35.5,35.86,35.15,11767.0,-0.84,35.8,4173.0,0.0,0.0,0.0,0.0,19.48,3.34,68.1,123.53
sz300703,10.32,10.34,10.42,10.27,16455.0,-0.86,10.41,1698.0,0.0,0.0,0.0,0.0,30.78,2.76,16.48,18.97
sz300705,41.27,39.0,41.72,38.51,31726.0,3.88,39.73,13017.0,0.0,0.0,0.0,0.0,79.65,11.11,55.01,96.85
sz300706,28.19,26.77,28.19,26.2,85234.0,4.68,26.93,23232.0,0.0,0.0,0.0,0.0,467.35,8.99,23.01,39.78
sz300707,16.95,16.76,17.03,16.54,17161.0,1.44,16.71,2886.0,0.0,0.0,0.0,0.0,103.25,3.89,18.83,26.62
sz300708,34.0,32.84,34.66,31.4,293029.0,-0.82,34.28,96114.0,0.0,0.0,0.0,0.0,325.79,6.94,64.19,102.76
sz300709,39.07,38.5,39.6,38.36,22771.0,0.85,38.74,8922.0,0.0,0.0,0.0,0.0,36.62,3.41,41.6,54.17
sz300710,29.72,29.8,29.99,29.3,8857.0,-0.1,29.75,2633.0,0.0,0.0,0.0,0.0,31.62,3.18,17.31,20.39
sz300711,14.98,14.81,15.23,14.65,39476.0,0.67,14.88,5909.0,0.0,0.0,0.0,0.0,94.71,5.33,30.86,31.1
sz300712,59.72,50.02,61.39,49.8,71009.0,16.69,51.18,39816.0,0.0,0.0,0.0,0.0,211.84,10.46,108.75,108.75
sz300713,17.71,16.8,17.76,16.74,82532.0,3.75,17.07,14312.0,0.0,0.0,0.0,0.0,86.09,3.87,16.03,27.94
sz300715,24.01,23.81,24.6,23.74,35276.0,0.84,23.81,8518.0,0.0,0.0,0.0,0.0,30.6,3.19,65.41,93.68
sz300716,9.85,9.77,9.9,9.51,40724.0,0.72,9.78,3972.0,0.0,0.0,0.0,0.0,-5.83,3.0,15.76,15.76
sz300717,16.35,15.72,16.43,15.56,34210.0,3.48,15.8,5496.0,0.0,0.0,0.0,0.0,47.68,2.79,16.59,16.74
sz300718,15.84,16.06,16.22,15.65,54510.0,-2.46,16.24,8658.0,0.0,0.0,0.0,0.0,29.45,3.54,26.76,47.08
sz300719,14.89,14.46,15.18,14.42,72307.0,1.29,14.7,10763.0,0.0,0.0,0.0,0.0,35.55,3.79,26.86,37.82
sz300720,12.48,12.54,12.73,12.38,25634.0,-1.58,12.68,3210.0,0.0,0.0,0.0,0.0,30.43,4.45,12.44,24.26
sz300721,40.45,40.3,40.88,39.45,32537.0,0.7,40.17,13104.0,0.0,0.0,0.0,0.0,165.53,3.46,26.72,34.94
sz300722,51.28,50.16,52.88,50.0,61767.0,0.75,50.9,31993.0,0.0,0.0,0.0,0.0,158.36,18.78,82.88,89.6
sz300723,31.0,31.32,31.99,30.65,31997.0,-0.13,31.04,9974.0,0.0,0.0,0.0,0.0,35.74,5.68,39.75,89.48
sz300724,104.65,97.5,104.72,95.4,80681.0,6.14,98.6,81245.0,0.0,0.0,0.0,0.0,56.13,6.42,177.08,363.87
sz300725,140.38,135.61,141.88,135.0,44595.0,3.51,135.62,62324.0,0.0,0.0,0.0,0.0,124.17,14.19,228.21,280.34
sz300726,68.6,63.0,68.8,63.0,53552.0,7.98,63.53,35765.0,0.0,0.0,0.0,0.0,44.74,12.35,125.39,274.47
sz300727,34.58,33.51,35.47,33.03,85722.0,1.89,33.94,29451.0,0.0,0.0,0.0,0.0,65.0,7.27,38.95,43.88
sz300729,24.67,24.81,25.19,24.4,18207.0,-1.87,25.14,4500.0,0.0,0.0,0.0,0.0,18.95,4.35,42.65,44.55
sz300730,16.2,16.12,17.1,16.07,89991.0,-2.88,16.68,14731.0,0.0,0.0,0.0,0.0,92.86,6.02,19.0,25.84
sz300731,28.4,28.96,31.01,28.3,35818.0,-2.1,29.01,10476.0,0.0,0.0,0.0,0.0,113.44,5.89,33.36,35.75
sz300732,10.82,10.81,10.88,10.72,14202.0,-0.37,10.86,1533.0,0.0,0.0,0.0,0.0,9.5,1.22,28.98,29.79
sz300733,21.3,20.79,21.48,20.79,16831.0,1.19,21.05,3569.0,0.0,0.0,0.0,0.0,129.52,2.81,25.32,36.51
sz300735,11.51,11.54,11.63,11.4,47535.0,-1.2,11.65,5455.0,0.0,0.0,0.0,0.0,27.85,2.18,86.92,89.16
sz300736,10.69,10.74,10.96,10.62,21210.0,-2.2,10.93,2275.0,0.0,0.0,0.0,0.0,-19.91,7.53,13.62,13.93
sz300737,17.44,17.3,18.19,16.92,211521.0,1.34,17.21,37266.0,0.0,0.0,0.0,0.0,19.47,4.38,147.07,199.84
sz300738,21.64,20.19,21.69,19.85,100831.0,7.29,20.17,21248.0,0.0,0.0,0.0,0.0,67.81,6.23,81.87,82.59
sz300739,16.23,15.93,16.36,15.75,32001.0,1.25,16.03,5149.0,0.0,0.0,0.0,0.0,38.52,3.4,44.26,45.32
sz300740,19.42,19.54,19.9,19.35,70109.0,-2.61,19.94,13701.0,0.0,0.0,0.0,0.0,47.47,5.76,73.26,79.83
sz300741,48.88,48.84,50.9,48.3,18934.0,-0.85,49.3,9288.0,0.0,0.0,0.0,0.0,25.4,4.29,56.64,301.04
sz300742,26.35,26.51,26.6,25.67,26065.0,-0.57,26.5,6803.0,0.0,0.0,0.0,0.0,239.01,5.67,11.36,20.68
sz300743,12.48,12.37,12.7,12.22,30652.0,0.81,12.38,3835.0,0.0,0.0,0.0,0.0,53.19,4.3,12.25,17.29
sz300745,23.3,23.0,23.5,22.91,20426.0,1.7,22.91,4734.0,0.0,0.0,0.0,0.0,-10.04,3.22,26.68,26.7
sz300746,12.12,12.05,12.45,12.03,72553.0,-1.22,12.27,8846.0,0.0,0.0,0.0,0.0,37.98,2.23,25.37,27.36
sz300747,108.82,108.8,110.8,106.49,23702.0,0.86,107.89,25856.0,0.0,0.0,0.0,0.0,79.3,11.71,272.84,313.4
sz300748,37.28,35.4,39.48,34.17,759926.0,5.31,35.4,280834.0,0.0,0.0,0.0,0.0,83.03,12.27,154.64,257.51
sz300749,9.41,9.31,9.5,9.24,25076.0,0.75,9.34,2356.0,0.0,0.0,0.0,0.0,31.7,2.41,8.02,19.31
sz300750,542.5,520.0,542.5,507.13,181457.0,5.29,515.23,965426.0,0.0,0.0,0.0,0.0,185.92,19.41,11011.35,12634.87
sz300751,447.18,417.85,456.21,412.06,16225.0,7.02,417.85,71068.0,0.0,0.0,0.0,0.0,102.54,18.44,234.65,461.05
sz300752,20.57,17.0,20.57,16.87,181444.0,20.01,17.14,35860.0,0.0,0.0,0.0,0.0,-4498.6,4.57,11.21,39.67
sz300753,22.13,21.67,22.28,21.64,8437.0,1.56,21.79,1861.0,0.0,0.0,0.0,0.0,25.99,3.66,13.05,27.89
sz300755,38.75,39.98,39.98,38.17,45113.0,-0.46,38.93,17502.0,0.0,0.0,0.0,0.0,34.64,5.52,46.35,161.51
sz300756,30.1,29.9,30.46,29.42,7489.0,0.77,29.87,2248.0,0.0,0.0,0.0,0.0,63.62,2.86,10.04,30.58
sz300757,37.15,36.88,37.35,36.32,3991.0,0.73,36.88,1472.0,0.0,0.0,0.0,0.0,-81.47,5.42,20.38,38.64
sz300758,24.16,24.07,24.76,24.07,16399.0,-0.7,24.33,3997.0,0.0,0.0,0.0,0.0,31.25,3.13,29.01,58.32
sz300759,199.49,188.85,202.02,188.85,62400.0,6.05,188.11,122716.0,0.0,0.0,0.0,0.0,120.35,17.42,568.03,1584.72
sz300760,457.65,440.0,466.0,437.12,51670.0,5.35,434.4,235854.0,0.0,0.0,0.0,0.0,78.81,25.33,2284.29,5563.61
sz300761,32.11,32.0,32.45,31.82,13967.0,0.66,31.9,4482.0,0.0,0.0,0.0,0.0,17.55,1.88,38.46,129.69
sz300762,27.35,26.22,27.58,26.2,40034.0,3.4,26.45,10807.0,0.0,0.0,0.0,0.0,58.97,4.51,47.27,107.2
sz300763,194.0,168.08,202.88,166.02,65644.0,11.78,173.55,122112.0,0.0,0.0,0.0,0.0,131.35,24.74,208.06,480.31
sz300765,13.94,13.84,13.97,13.71,14710.0,0.14,13.92,2038.0,0.0,0.0,0.0,0.0,24.5,2.76,19.03,76.11
sz300766,15.31,15.5,15.63,15.08,132329.0,-2.48,15.7,20212.0,0.0,0.0,0.0,0.0,97.15,3.88,47.38,61.26
sz300767,82.24,82.19,84.48,81.96,17715.0,-1.31,83.33,14679.0,0.0,0.0,0.0,0.0,98.72,14.56,95.09,165.8
sz300768,38.03,37.5,38.29,37.25,7093.0,0.96,37.67,2682.0,0.0,0.0,0.0,0.0,53.71,7.92,52.71,152.12
sz300769,219.46,198.51,221.0,195.73,32212.0,8.65,201.99,68428.0,0.0,0.0,0.0,0.0,1246.83,9.07,119.78,196.69
sz300770,47.47,46.99,47.56,46.6,13630.0,0.81,47.09,6441.0,0.0,0.0,0.0,0.0,18.5,4.23,67.19,109.68
sz300771,23.39,23.5,23.58,23.32,3612.0,0.09,23.37,846.0,0.0,0.0,0.0,0.0,17.6,2.14,17.46,37.42
sz300772,19.17,19.02,19.36,18.61,58668.0,-1.59,19.48,11177.0,0.0,0.0,0.0,0.0,27.26,3.31,29.69,57.86
sz300773,27.86,27.65,27.89,27.42,50075.0,0.25,27.79,13858.0,0.0,0.0,0.0,0.0,22.43,5.58,106.71,222.89
sz300775,38.03,36.37,38.2,35.71,62673.0,4.48,36.4,23405.0,0.0,0.0,0.0,0.0,77.99,9.62,100.4,188.44
sz300776,155.0,151.68,155.98,149.58,7403.0,0.98,153.5,11323.0,0.0,0.0,0.0,0.0,43.72,9.12,70.45,163.99
sz300777,42.37,40.6,43.43,40.6,39933.0,3.44,40.96,16865.0,0.0,0.0,0.0,0.0,71.56,13.92,111.12,169.48
sz300778,19.39,19.29,19.5,19.13,7200.0,0.26,19.34,1392.0,0.0,0.0,0.0,0.0,23.07,2.42,11.17,24.24
sz300779,17.79,17.31,18.27,17.06,36818.0,-0.11,17.81,6521.0,0.0,0.0,0.0,0.0,59.62,2.69,12.32,17.79
sz300780,14.99,14.93,15.25,14.85,13931.0,-0.33,15.04,2096.0,0.0,0.0,0.0,0.0,23.72,2.09,9.57,21.99
sz300781,21.87,22.08,22.6,21.75,22966.0,-0.82,22.05,5052.0,0.0,0.0,0.0,0.0,123.09,3.79,7.83,24.04
sz300782,509.5,492.0,511.5,485.0,40264.0,3.22,493.6,202664.0,0.0,0.0,0.0,0.0,120.25,27.72,973.68,1699.49
sz300783,43.99,43.62,44.38,43.45,22826.0,1.17,43.48,10018.0,0.0,0.0,0.0,0.0,41.18,8.05,99.85,176.4
sz300785,93.62,92.1,94.1,91.89,4155.0,1.23,92.48,3872.0,0.0,0.0,0.0,0.0,50.81,5.04,29.32,83.17
sz300786,21.7,21.52,21.99,21.52,12252.0,-1.18,21.96,2659.0,0.0,0.0,0.0,0.0,22.99,2.24,11.28,18.54
sz300787,29.34,29.21,29.95,28.88,27802.0,0.14,29.3,8176.0,0.0,0.0,0.0,0.0,37.5,3.63,15.28,44.83
sz300788,35.95,35.65,36.05,35.6,4618.0,0.42,35.8,1654.0,0.0,0.0,0.0,0.0,21.28,3.54,18.12,68.36
sz300789,24.45,23.99,24.54,23.5,2259.0,0.91,24.23,549.0,0.0,0.0,0.0,0.0,31.21,2.69,7.53,20.24
sz300790,44.0,40.9,44.51,40.0,71393.0,4.51,42.1,30144.0,0.0,0.0,0.0,0.0,58.0,6.5,47.53,96.41
sz300791,49.24,49.0,49.8,48.55,10155.0,0.04,49.22,4979.0,0.0,0.0,0.0,0.0,33.48,3.95,25.33,88.63
sz300792,50.86,50.48,51.32,50.28,10658.0,-0.12,50.92,5415.0,0.0,0.0,0.0,0.0,34.84,7.02,46.79,110.06
sz300793,17.75,17.6,19.48,17.0,138198.0,6.29,16.7,25035.0,0.0,0.0,0.0,0.0,78.43,4.01,18.09,47.34
sz300795,18.72,17.76,18.9,17.76,7946.0,3.03,18.17,1479.0,0.0,0.0,0.0,0.0,-30.06,4.48,6.91,18.75
sz300796,19.28,18.85,19.56,18.47,15828.0,2.17,18.87,3055.0,0.0,0.0,0.0,0.0,37.77,2.23,11.93,23.36
sz300797,16.31,15.4,16.48,15.31,90777.0,5.29,15.49,14611.0,0.0,0.0,0.0,0.0,46.35,5.14,12.46,40.48
sz300798,8.99,9.05,9.15,8.97,20426.0,-0.99,9.08,1845.0,0.0,0.0,0.0,0.0,104.16,3.07,18.9,37.56
sz300799,60.17,56.0,62.3,54.81,25670.0,6.21,56.65,15147.0,0.0,0.0,0.0,0.0,55.98,8.61,19.64,61.42
sz300800,20.6,20.41,20.81,20.2,49197.0,-0.77,20.76,10088.0,0.0,0.0,0.0,0.0,18.12,2.66,29.83,49.11
sz300801,18.35,18.38,18.55,18.25,9880.0,-0.43,18.43,1815.0,0.0,0.0,0.0,0.0,21.52,2.14,15.32,39.64
sz300802,42.9,42.4,44.43,41.51,100146.0,-3.57,44.49,42763.0,0.0,0.0,0.0,0.0,72.99,6.77,35.94,69.69
sz300803,36.3,36.2,37.18,35.28,81793.0,0.22,36.22,29714.0,0.0,0.0,0.0,0.0,93.33,12.08,79.9,147.01
sz300805,13.65,13.46,13.67,13.41,9217.0,0.89,13.53,1253.0,0.0,0.0,0.0,0.0,40.86,3.43,17.48,57.77
sz300806,50.28,48.95,51.35,48.49,23670.0,2.42,49.09,11910.0,0.0,0.0,0.0,0.0,46.63,7.5,52.06,95.54
sz300807,27.14,27.05,27.64,26.66,20315.0,0.33,27.05,5520.0,0.0,0.0,0.0,0.0,-509.76,2.95,8.03,18.41
sz300808,15.78,15.57,15.84,15.4,58607.0,0.64,15.68,9162.0,0.0,0.0,0.0,0.0,66.56,2.33,7.83,25.25
sz300809,20.65,20.47,20.73,20.2,10882.0,-0.15,20.68,2233.0,0.0,0.0,0.0,0.0,42.97,2.33,9.39,32.4
sz300810,26.94,25.9,27.3,25.71,26973.0,3.02,26.15,7210.0,0.0,0.0,0.0,0.0,166.88,3.15,21.04,31.8
sz300811,58.65,55.0,59.66,54.19,36138.0,4.03,56.38,20657.0,0.0,0.0,0.0,0.0,51.55,6.89,29.61,60.81
sz300812,23.25,22.17,23.4,22.15,24570.0,2.33,22.72,5669.0,0.0,0.0,0.0,0.0,42.15,4.11,14.08,32.44
sz300813,44.04,44.0,44.4,43.63,4148.0,0.2,43.95,1827.0,0.0,0.0,0.0,0.0,45.2,5.16,7.19,22.89
sz300815,34.16,33.81,34.78,33.79,12074.0,0.06,34.14,4141.0,0.0,0.0,0.0,0.0,14.86,3.49,39.82,94.55
sz300816,82.5,82.5,83.66,80.0,4336.0,0.0,82.5,3524.0,0.0,0.0,0.0,0.0,49.0,8.49,30.5,66.0
sz300817,21.39,20.77,21.39,20.24,14892.0,2.99,20.77,3144.0,0.0,0.0,0.0,0.0,29.71,2.86,8.97,25.94
sz300818,27.44,27.44,27.65,27.11,7027.0,-0.18,27.49,1924.0,0.0,0.0,0.0,0.0,26.68,2.14,8.37,19.21
sz300819,29.72,29.01,29.92,29.01,19348.0,1.4,29.31,5716.0,0.0,0.0,0.0,0.0,238.17,3.78,8.76,29.56
sz300820,68.67,61.56,74.08,60.33,84040.0,7.0,64.18,57293.0,0.0,0.0,0.0,0.0,57.79,5.98,20.46,65.46
sz300821,12.75,12.69,12.95,12.53,228482.0,0.16,12.73,29001.0,0.0,0.0,0.0,0.0,43.78,3.78,53.17,153.0
sz300822,25.28,24.8,25.5,24.8,10527.0,1.2,24.98,2658.0,0.0,0.0,0.0,0.0,22.79,3.42,10.49,40.45
sz300823,23.24,23.18,23.37,23.11,4492.0,0.09,23.22,1043.0,0.0,0.0,0.0,0.0,23.44,2.41,8.87,21.74
sz300824,25.56,24.96,26.14,24.95,30026.0,1.87,25.09,7721.0,0.0,0.0,0.0,0.0,51.75,8.75,24.58,55.57
sz300825,29.0,29.84,30.3,28.1,118201.0,-2.46,29.73,34434.0,0.0,0.0,0.0,0.0,68.4,5.83,70.95,88.64
sz300826,20.1,20.0,20.19,19.87,7525.0,-0.45,20.19,1508.0,0.0,0.0,0.0,0.0,29.88,2.18,10.22,22.51
sz300827,49.08,43.7,50.8,43.0,83704.0,11.34,44.08,39685.0,0.0,0.0,0.0,0.0,87.32,7.53,26.47,64.79
sz300828,20.97,20.52,21.06,20.41,11516.0,2.19,20.52,2397.0,0.0,0.0,0.0,0.0,33.71,3.24,11.65,23.13
sz300829,67.44,67.03,68.37,66.54,31906.0,-1.19,68.25,21548.0,0.0,0.0,0.0,0.0,110.54,9.17,66.99,121.83
sz300830,10.34,10.23,10.42,10.12,112929.0,-0.86,10.43,11577.0,0.0,0.0,0.0,0.0,61.22,4.03,19.78,44.47
sz300831,15.22,15.2,15.39,14.86,86739.0,-1.68,15.48,13135.0,0.0,0.0,0.0,0.0,142.98,6.42,28.08,48.7
sz300832,59.81,59.18,60.37,58.52,23133.0,0.83,59.32,13834.0,0.0,0.0,0.0,0.0,47.21,9.1,162.11,470.5
sz300833,49.82,50.18,50.5,49.05,1938.0,-0.72,50.18,958.0,0.0,0.0,0.0,0.0,77.73,2.43,10.5,42.01
sz300835,47.7,45.59,48.5,45.22,49124.0,4.86,45.49,23273.0,0.0,0.0,0.0,0.0,39.31,3.96,19.22,33.71
sz300836,37.77,37.13,37.94,36.83,4586.0,1.67,37.15,1723.0,0.0,0.0,0.0,0.0,111.94,3.02,12.0,18.6
sz300837,44.72,43.3,44.74,43.01,6031.0,3.28,43.3,2671.0,0.0,0.0,0.0,0.0,34.5,4.71,14.87,44.72
sz300838,15.78,15.67,15.86,15.56,9040.0,0.7,15.67,1426.0,0.0,0.0,0.0,0.0,30.47,2.81,8.31,21.51
sz300839,20.0,20.2,20.23,19.86,13211.0,-2.25,20.46,2642.0,0.0,0.0,0.0,0.0,40.21,2.46,9.26,20.8
sz300840,13.84,13.69,14.1,13.62,29060.0,0.58,13.76,4022.0,0.0,0.0,0.0,0.0,68.98,3.45,8.3,33.22
sz300841,263.07,263.69,265.5,259.2,5366.0,-0.03,263.15,14045.0,0.0,0.0,0.0,0.0,53.36,11.4,166.07,236.76
sz300842,72.5,0.0,0.0,0.0,0.0,0.0,72.5,0.0,0.0,0.0,0.0,0.0,93.42,8.38,50.4,72.5
sz300843,26.99,26.05,27.18,25.6,39243.0,3.02,26.2,10479.0,0.0,0.0,0.0,0.0,34.51,4.68,10.05,40.19
sz300845,21.3,21.25,21.48,21.23,7176.0,-0.47,21.4,1529.0,0.0,0.0,0.0,0.0,32.86,3.01,12.41,19.67
sz300846,13.89,13.99,14.03,13.71,37181.0,-0.71,13.99,5166.0,0.0,0.0,0.0,0.0,201.8,7.55,36.87,57.13
sz300847,15.18,15.04,15.45,15.04,77368.0,-2.82,15.62,11783.0,0.0,0.0,0.0,0.0,48.54,4.1,11.23,44.93
sz300848,31.72,32.17,32.48,31.1,26710.0,-0.75,31.96,8466.0,0.0,0.0,0.0,0.0,36.89,5.25,10.58,42.3
sz300849,14.0,14.05,14.16,13.86,18129.0,-1.34,14.19,2536.0,0.0,0.0,0.0,0.0,71.04,2.98,5.25,21.0
sz300850,113.99,107.39,114.5,106.12,30501.0,6.15,107.39,34180.0,0.0,0.0,0.0,0.0,43.66,12.94,51.35,205.41
sz300851,32.75,32.81,32.81,32.3,2195.0,-0.18,32.81,717.0,0.0,0.0,0.0,0.0,21.38,2.47,7.12,28.47
sz300852,43.4,42.04,43.69,42.04,9450.0,2.6,42.3,4080.0,0.0,0.0,0.0,0.0,34.93,4.83,11.06,44.24
sz300853,39.33,38.51,39.79,38.06,16704.0,0.05,39.31,6520.0,0.0,0.0,0.0,0.0,34.39,4.94,14.45,57.79
sz300855,39.0,37.89,39.28,37.54,12341.0,2.82,37.93,4771.0,0.0,0.0,0.0,0.0,59.19,7.37,19.5,78.0
sz300856,48.67,49.22,49.22,48.47,4978.0,-0.79,49.06,2421.0,0.0,0.0,0.0,0.0,33.43,3.65,13.73,54.94
sz300857,28.05,26.61,28.25,26.46,41477.0,4.47,26.85,11492.0,0.0,0.0,0.0,0.0,65.04,4.86,14.48,57.94
sz300858,38.92,38.03,39.18,38.03,9158.0,1.62,38.3,3551.0,0.0,0.0,0.0,0.0,56.09,6.05,14.45,57.81
sz300859,26.36,27.44,27.96,26.1,52337.0,-5.86,28.0,14187.0,0.0,0.0,0.0,0.0,-121.54,6.82,10.21,40.86
sz300860,57.07,57.2,57.64,56.81,8034.0,-0.21,57.19,4589.0,0.0,0.0,0.0,0.0,29.07,2.51,19.54,78.15
sz300861,83.71,79.58,84.7,79.05,15350.0,4.9,79.8,12677.0,0.0,0.0,0.0,0.0,64.11,9.72,33.49,334.85
sz300862,37.59,37.0,37.7,36.75,22238.0,0.51,37.4,8298.0,0.0,0.0,0.0,0.0,37.13,2.75,12.39,49.57
sz300863,77.7,77.74,78.23,76.4,14081.0,-2.36,79.58,10877.0,0.0,0.0,0.0,0.0,77.83,7.49,10.73,42.91
sz300864,52.67,52.0,53.6,51.91,12369.0,0.4,52.46,6527.0,0.0,0.0,0.0,0.0,36.31,4.4,12.01,48.04
sz300865,28.77,28.8,28.97,28.48,6721.0,0.31,28.68,1932.0,0.0,0.0,0.0,0.0,43.08,3.13,6.88,27.53
sz300866,149.0,144.1,149.94,144.1,9773.0,0.07,148.89,14444.0,0.0,0.0,0.0,0.0,65.71,11.46,56.73,605.58
sz300867,29.78,29.26,30.04,29.12,21310.0,2.16,29.15,6345.0,0.0,0.0,0.0,0.0,21.75,2.87,18.65,80.92
sz300868,30.15,29.8,30.18,29.73,7260.0,1.04,29.84,2180.0,0.0,0.0,0.0,0.0,41.69,2.13,9.65,38.59
sz300869,67.32,66.67,69.2,66.56,15581.0,1.08,66.6,10554.0,0.0,0.0,0.0,0.0,40.99,17.08,27.6,270.49
sz300870,58.23,57.83,58.98,56.3,11442.0,1.39,57.43,6610.0,0.0,0.0,0.0,0.0,29.4,3.93,14.73,58.93
sz300871,38.26,37.62,38.93,37.49,17359.0,1.22,37.8,6646.0,0.0,0.0,0.0,0.0,33.68,4.4,15.9,63.42
sz300872,33.8,33.73,34.04,33.5,20349.0,-0.24,33.88,6868.0,0.0,0.0,0.0,0.0,45.35,3.49,19.0,75.94
sz300873,45.93,44.26,46.43,44.21,15042.0,2.87,44.65,6882.0,0.0,0.0,0.0,0.0,27.75,3.39,15.31,61.24
sz300875,68.58,67.92,68.86,67.61,4181.0,0.44,68.28,2863.0,0.0,0.0,0.0,0.0,47.87,3.92,13.17,52.67
sz300876,33.38,32.82,33.47,32.6,12324.0,1.21,32.98,4077.0,0.0,0.0,0.0,0.0,35.01,4.18,8.01,32.04
sz300877,37.87,37.32,38.07,37.22,10437.0,0.48,37.69,3933.0,0.0,0.0,0.0,0.0,15.2,2.87,11.36,45.44
sz300878,48.6,48.2,48.7,47.83,12963.0,1.0,48.12,6268.0,0.0,0.0,0.0,0.0,27.85,2.96,9.77,39.09
sz300879,23.94,23.65,23.99,23.48,7478.0,0.25,23.88,1787.0,0.0,0.0,0.0,0.0,51.45,4.06,9.58,38.3
sz300880,23.61,23.35,23.92,23.12,10472.0,0.0,23.61,2474.0,0.0,0.0,0.0,0.0,45.58,5.73,9.45,37.78
sz300881,30.23,29.26,30.6,29.26,19641.0,2.2,29.58,5926.0,0.0,0.0,0.0,0.0,57.54,4.11,7.56,30.23
sz300882,16.26,16.2,16.38,16.1,15732.0,0.0,16.26,2559.0,0.0,0.0,0.0,0.0,39.26,4.05,8.31,33.24
sz300883,12.08,11.91,12.12,11.91,22903.0,0.42,12.03,2761.0,0.0,0.0,0.0,0.0,62.99,3.03,10.45,41.8
sz300884,25.41,25.39,25.6,25.03,18670.0,0.12,25.38,4730.0,0.0,0.0,0.0,0.0,27.84,3.7,11.43,45.74
sz300885,23.18,21.8,23.44,21.6,51760.0,6.72,21.72,11843.0,0.0,0.0,0.0,0.0,45.92,4.82,8.81,35.23
sz300886,31.29,30.77,31.45,30.75,6303.0,1.33,30.88,1963.0,0.0,0.0,0.0,0.0,61.46,4.46,5.84,23.33
sz300887,92.41,88.23,94.89,87.16,20282.0,3.71,89.1,18755.0,0.0,0.0,0.0,0.0,76.42,7.11,28.45,126.42
sz300888,114.42,113.85,115.63,113.51,14415.0,-0.06,114.49,16491.0,0.0,0.0,0.0,0.0,12.29,4.8,54.1,487.99
sz300889,22.98,22.88,23.12,22.85,10905.0,-0.04,22.99,2508.0,0.0,0.0,0.0,0.0,51.44,2.36,8.96,35.85
sz300890,56.84,53.98,58.0,53.81,35445.0,3.36,54.99,19967.0,0.0,0.0,0.0,0.0,91.76,5.5,14.21,56.84
sz300891,17.52,17.0,17.57,16.86,113641.0,2.52,17.09,19750.0,0.0,0.0,0.0,0.0,64.22,6.07,17.52,70.08
sz300892,46.55,46.2,47.19,46.14,8979.0,0.02,46.54,4194.0,0.0,0.0,0.0,0.0,32.9,4.32,11.64,46.55
sz300893,22.51,22.22,22.79,22.0,15775.0,0.58,22.38,3547.0,0.0,0.0,0.0,0.0,33.2,4.58,8.44,33.77
sz300895,31.21,30.88,31.45,30.7,10509.0,0.0,31.21,3257.0,0.0,0.0,0.0,0.0,64.69,3.22,9.08,36.32
sz300896,783.5,753.0,791.25,745.0,32369.0,2.82,761.99,250219.0,0.0,0.0,0.0,0.0,298.74,39.57,386.88,1695.18
sz300897,35.02,34.7,35.28,34.68,4183.0,0.09,34.99,1467.0,0.0,0.0,0.0,0.0,33.06,2.92,5.95,23.81
sz300898,37.14,37.0,37.7,36.7,18581.0,-1.49,37.7,6898.0,0.0,0.0,0.0,0.0,48.15,6.02,11.51,46.05
sz300899,39.22,37.47,39.8,37.19,14777.0,4.92,37.38,5753.0,0.0,0.0,0.0,0.0,50.45,4.18,6.26,25.02
sz300900,34.45,33.87,35.1,33.75,26945.0,0.38,34.32,9295.0,0.0,0.0,0.0,0.0,71.08,4.77,16.18,72.43
sz300901,16.5,16.3,16.71,16.18,35032.0,1.29,16.29,5774.0,0.0,0.0,0.0,0.0,38.01,4.1,9.9,39.6
sz300902,23.65,23.4,23.86,23.35,10367.0,0.72,23.48,2448.0,0.0,0.0,0.0,0.0,54.62,3.84,7.57,30.27
sz300903,30.18,29.73,30.48,29.73,19163.0,0.53,30.02,5798.0,0.0,0.0,0.0,0.0,48.74,4.52,13.01,52.01
sz300905,28.68,28.0,28.98,27.99,15731.0,1.81,28.17,4504.0,0.0,0.0,0.0,0.0,35.29,3.22,10.32,41.3
sz300906,35.7,36.2,36.45,35.43,7629.0,-0.58,35.91,2728.0,0.0,0.0,0.0,0.0,46.0,3.64,7.14,28.56
sz300907,29.26,28.76,29.37,28.6,9199.0,1.53,28.82,2681.0,0.0,0.0,0.0,0.0,37.95,3.82,7.02,28.09
sz300908,58.67,58.2,59.26,58.06,7590.0,0.19,58.56,4461.0,0.0,0.0,0.0,0.0,42.01,4.04,14.67,58.67
sz300909,43.2,43.35,43.84,42.61,16495.0,-0.74,43.52,7102.0,0.0,0.0,0.0,0.0,41.09,3.78,10.9,43.59
sz300910,102.4,104.0,104.43,100.8,6693.0,-2.01,104.5,6852.0,0.0,0.0,0.0,0.0,71.44,7.62,38.4,153.6
sz300911,70.8,72.0,72.18,69.71,11824.0,-0.7,71.3,8362.0,0.0,0.0,0.0,0.0,45.08,7.54,18.88,75.52
sz300912,35.54,34.9,35.86,34.5,8508.0,0.79,35.26,3016.0,0.0,0.0,0.0,0.0,38.56,3.3,9.95,39.79
sz300913,25.53,25.39,25.79,25.23,15885.0,0.31,25.45,4059.0,0.0,0.0,0.0,0.0,39.94,3.91,7.82,31.27
sz300915,54.25,54.5,56.19,53.85,15097.0,-1.24,54.93,8235.0,0.0,0.0,0.0,0.0,49.13,3.65,12.21,48.83
sz300916,63.96,63.0,64.5,62.68,5691.0,0.98,63.34,3630.0,0.0,0.0,0.0,0.0,38.15,4.71,10.22,40.85
sz300999,81.6,79.0,82.82,78.78,165246.0,2.64,79.5,134540.0,0.0,0.0,0.0,0.0,69.61,5.24,320.69,4424.02
sz399634,4514.55,4421.4,4520.3,4409.79,34765861.0,1.43,4450.73,9330743.0,0.0,0.0,0.0,0.0,33.11,0.0,63311.65,82031.56
sz399616,6956.75,6794.68,6985.27,6773.84,12690046.0,1.67,6842.79,3087684.0,0.0,0.0,0.0,0.0,24.33,0.0,19564.56,27925.14
sz399382,3525.75,3412.96,3528.86,3394.4,105182857.0,2.28,3447.15,12290143.0,0.0,0.0,0.0,0.0,21.6,0.0,53839.97,67264.32
sz399656,8499.72,8328.95,8523.27,8305.16,43306071.0,1.65,8362.13,15986396.0,0.0,0.0,0.0,0.0,31.33,0.0,132367.14,170404.27
sz399351,10824.46,10689.07,10862.17,10674.46,26363294.0,0.54,10766.17,6256660.0,0.0,0.0,0.0,0.0,16.7,0.0,61732.34,86644.98
sz399392,3229.81,3135.82,3236.87,3126.13,55920662.0,2.22,3159.69,19122300.0,0.0,0.0,0.0,0.0,33.12,0.0,129805.44,166036.42
sz399397,2452.36,2422.18,2454.13,2416.22,11953179.0,0.56,2438.77,2792012.0,0.0,0.0,0.0,0.0,33.37,0.0,23886.18,27932.94
sz399390,2094.13,2102.31,2104.27,2085.19,6977831.0,-0.53,2105.25,445399.0,0.0,0.0,0.0,0.0,14.04,0.0,14381.72,17077.3
sz399375,5482.84,5432.24,5486.09,5422.18,29483885.0,0.15,5474.38,2881409.0,0.0,0.0,0.0,0.0,11.36,0.0,31475.61,39056.7
sz399359,2596.35,2571.4,2601.29,2564.94,13935890.0,0.71,2578.04,1390478.0,0.0,0.0,0.0,0.0,11.64,0.0,30952.32,37061.83
sz399621,3076.52,3051.2,3080.4,3033.89,2330202.0,0.46,3062.47,488714.0,0.0,0.0,0.0,0.0,37.03,0.0,3707.17,4699.47
sz399973,1887.95,1806.48,1890.5,1801.17,4781561.0,3.86,1817.83,1765458.0,0.0,0.0,0.0,0.0,57.24,0.0,10196.48,11863.29
sz399701,10221.88,10160.86,10239.54,10147.74,36549173.0,0.15,10206.17,7847322.0,0.0,0.0,0.0,0.0,23.33,0.0,89738.54,112992.56
sz399406,12125.1,12071.82,12130.76,12060.91,18145998.0,0.01,12123.99,1798756.0,0.0,0.0,0.0,0.0,13.87,0.0,27495.17,33565.93
sz399627,2403.85,2378.27,2407.88,2372.01,36674092.0,0.62,2388.94,5139900.0,0.0,0.0,0.0,0.0,17.49,0.0,40532.89,52177.62
sz399088,5060.96,4906.2,5074.27,4886.05,34762604.0,2.68,4928.86,13641995.0,0.0,0.0,0.0,0.0,42.42,0.0,94252.72,119086.56
sz399411,3409.86,3404.94,3411.97,3397.9,30629199.0,-0.32,3420.95,4234336.0,0.0,0.0,0.0,0.0,7.44,0.0,120139.16,167987.22
sz399648,10508.25,10415.2,10525.5,10390.41,39578033.0,0.28,10478.73,8588549.0,0.0,0.0,0.0,0.0,26.65,0.0,79515.35,105347.87
sz399704,5182.53,5012.39,5196.72,4952.18,20174700.0,2.26,5068.04,3468753.0,0.0,0.0,0.0,0.0,32.87,0.0,8120.94,10330.11
sz399249,1627.59,1572.13,1646.81,1560.17,1601657.0,1.69,1600.54,260027.0,0.0,0.0,0.0,0.0,48.02,0.0,597.94,622.01
sz399350,2731.47,2659.58,2735.88,2648.95,9087327.0,2.13,2674.6,1587194.0,0.0,0.0,0.0,0.0,17.2,0.0,9545.26,11863.66
sz399102,3531.41,3415.29,3536.32,3401.63,129431746.0,2.81,3434.85,25464167.0,0.0,0.0,0.0,0.0,82.15,0.0,86105.22,129452.26
sz399285,4708.91,4575.44,4724.61,4558.09,16315055.0,1.85,4623.25,4911415.0,0.0,0.0,0.0,0.0,38.25,0.0,29400.37,34121.96
sz399990,2192.29,2200.67,2200.7,2170.31,8054715.0,-1.34,2222.02,626696.0,0.0,0.0,0.0,0.0,10.34,0.0,8756.06,10264.07
sz399238,998.01,993.68,1000.51,990.75,143151.0,0.2,996.05,7069.0,0.0,0.0,0.0,0.0,-16.94,0.0,153.68,157.5
sz399391,4021.48,3996.71,4034.17,3992.65,36120911.0,0.24,4011.79,7143049.0,0.0,0.0,0.0,0.0,21.64,0.0,117154.31,130537.8
sz399905,6764.13,6661.85,6765.43,6642.57,147646952.0,0.81,6709.5,17626675.0,0.0,0.0,0.0,0.0,21.88,0.0,102100.05,122451.37
sz399647,17807.87,17262.29,17902.1,17211.14,5519625.0,2.85,17314.55,3492482.0,0.0,0.0,0.0,0.0,42.78,0.0,24161.28,36196.53
sz399670,4817.55,4685.3,4833.33,4658.34,27910663.0,1.83,4730.97,7850208.0,0.0,0.0,0.0,0.0,28.97,0.0,52283.9,69002.23
sz399360,4794.36,4724.11,4797.0,4702.59,29541460.0,0.43,4773.68,5194191.0,0.0,0.0,0.0,0.0,32.66,0.0,31503.03,35732.61
sz399970,3903.75,3791.33,3913.29,3777.97,35438923.0,2.09,3823.93,10532405.0,0.0,0.0,0.0,0.0,43.82,0.0,67796.2,82056.54
sz399355,4299.08,4208.47,4315.76,4200.17,15806091.0,1.51,4234.95,4323663.0,0.0,0.0,0.0,0.0,15.23,0.0,52046.77,67196.59
sz399369,1928.43,1900.17,1933.88,1896.3,22879662.0,1.09,1907.7,5702175.0,0.0,0.0,0.0,0.0,17.65,0.0,73042.69,87835.52
sz399689,912.3,918.06,918.06,908.13,2598446.0,-0.82,919.88,148627.0,0.0,0.0,0.0,0.0,11.47,0.0,1943.95,3250.78
sz399678,1098.62,1069.47,1099.79,1068.2,4710830.0,1.86,1078.56,1984866.0,0.0,0.0,0.0,0.0,48.07,0.0,3370.39,21342.45
sz399933,15899.01,15469.91,15990.56,15427.76,10513531.0,2.12,15568.22,5297057.0,0.0,0.0,0.0,0.0,41.03,0.0,43164.95,53519.91
sz399319,2070.42,2014.98,2073.39,2004.54,81275258.0,1.44,2041.09,6428554.0,0.0,0.0,0.0,0.0,16.08,0.0,39990.53,48132.98
sz399654,2667.2,2646.54,2669.25,2640.04,16148802.0,0.26,2660.32,2211159.0,0.0,0.0,0.0,0.0,34.49,0.0,13113.25,17231.61
sz399630,2081.99,2026.04,2086.75,2018.56,52740456.0,2.37,2033.71,18052634.0,0.0,0.0,0.0,0.0,30.06,0.0,124271.49,158517.83
sz399368,7830.68,7541.14,7836.81,7527.13,8433947.0,3.25,7584.47,2410687.0,0.0,0.0,0.0,0.0,64.75,0.0,15059.73,17783.62
sz399989,18515.07,17771.23,18643.79,17725.92,4725341.0,3.65,17863.44,3614138.0,0.0,0.0,0.0,0.0,52.35,0.0,21613.54,34881.89
sz399412,3892.31,3653.25,3895.49,3610.34,27022749.0,5.6,3685.98,11728510.0,0.0,0.0,0.0,0.0,58.7,0.0,47819.77,60460.95
sz399371,6484.69,6454.8,6492.67,6449.75,114780330.0,0.03,6483.06,10767243.0,0.0,0.0,0.0,0.0,8.22,0.0,199128.44,266933.1
sz399322,10853.58,10759.38,10877.37,10745.3,19807931.0,0.76,10771.59,6389664.0,0.0,0.0,0.0,0.0,9.93,0.0,119736.18,167427.32
sz399928,1843.34,1845.75,1846.27,1826.16,11080244.0,-1.49,1871.26,704858.0,0.0,0.0,0.0,0.0,10.98,0.0,20364.71,24499.24
sz399684,3530.78,3513.51,3545.14,3501.36,6235985.0,0.73,3505.08,2284555.0,0.0,0.0,0.0,0.0,30.97,0.0,28949.97,37292.03
sz399435,4865.51,4848.93,4879.37,4813.85,9873967.0,-0.1,4870.34,1482015.0,0.0,0.0,0.0,0.0,17.42,0.0,9793.42,11646.93
sz399635,2539.43,2468.45,2544.89,2462.07,17837997.0,2.18,2485.18,9630618.0,0.0,0.0,0.0,0.0,61.67,0.0,52230.78,77151.95
sz399640,2848.08,2749.6,2853.29,2738.47,67965738.0,2.96,2766.1,16600400.0,0.0,0.0,0.0,0.0,68.65,0.0,69600.22,92521.36
sz399341,2381.4,2350.74,2389.45,2344.5,21587278.0,1.19,2353.41,6463750.0,0.0,0.0,0.0,0.0,23.35,0.0,79481.85,96530.03
sz399324,12487.63,12403.85,12534.47,12379.61,15451441.0,0.5,12425.35,3281359.0,0.0,0.0,0.0,0.0,17.32,0.0,52273.09,60054.45
sz399604,2126.51,2110.66,2129.22,2104.79,20193999.0,0.32,2119.63,2654916.0,0.0,0.0,0.0,0.0,14.12,0.0,21941.77,27835.58
sz399620,5200.21,5061.95,5214.08,5035.96,37503146.0,1.86,5105.2,7926205.0,0.0,0.0,0.0,0.0,42.78,0.0,44608.87,52806.52
sz399407,3072.83,2990.3,3074.13,2979.35,34728656.0,1.71,3021.18,9249801.0,0.0,0.0,0.0,0.0,32.69,0.0,39875.09,47759.58
sz399809,2081.79,2088.27,2107.17,2071.21,6862160.0,-0.76,2097.8,942041.0,0.0,0.0,0.0,0.0,10.2,0.0,31568.95,44086.99
sz399685,3578.65,3472.9,3596.61,3462.96,7844925.0,2.73,3483.41,3922156.0,0.0,0.0,0.0,0.0,43.38,0.0,26818.29,39542.58
sz399419,1727.98,1698.66,1728.84,1696.72,6903835.0,1.05,1709.99,740302.0,0.0,0.0,0.0,0.0,12.24,0.0,9805.88,12627.16
sz399657,8354.52,8215.42,8363.81,8194.0,98191236.0,1.26,8250.85,25048931.0,0.0,0.0,0.0,0.0,29.26,0.0,181999.29,234388.77
sz399803,5059.53,4874.07,5073.85,4850.36,15463686.0,2.69,4927.22,7260147.0,0.0,0.0,0.0,0.0,44.35,0.0,52328.14,59716.95
sz399317,6044.83,5934.59,6051.34,5922.3,661324661.0,1.27,5969.03,97696030.0,0.0,0.0,0.0,0.0,18.92,0.0,670596.7,868754.6
sz399344,8024.91,7833.54,8040.87,7807.6,98191236.0,1.98,7869.01,25048931.0,0.0,0.0,0.0,0.0,29.26,0.0,181999.29,234388.77
sz399275,7057.19,6828.7,7103.84,6806.08,4949756.0,3.16,6841.29,2842006.0,0.0,0.0,0.0,0.0,58.43,0.0,16823.16,27415.59
sz399313,6111.95,6025.97,6127.55,6016.12,53504793.0,0.99,6051.87,16961229.0,0.0,0.0,0.0,0.0,13.53,0.0,287262.53,357916.55
sz399367,4596.28,4613.54,4636.06,4577.73,8095562.0,-0.98,4642.0,700434.0,0.0,0.0,0.0,0.0,7.22,0.0,12523.1,13935.29
sz399633,6590.81,6477.04,6597.54,6459.68,98191236.0,1.19,6513.3,25048931.0,0.0,0.0,0.0,0.0,29.25,0.0,181975.61,234361.73
sz399622,1687.02,1700.8,1700.85,1679.04,4503908.0,-0.88,1702.06,280146.0,0.0,0.0,0.0,0.0,12.35,0.0,2552.12,4055.51
sz399330,7181.33,7000.03,7202.5,6976.3,43306071.0,2.15,7030.28,15986396.0,0.0,0.0,0.0,0.0,31.33,0.0,132367.14,170404.27
sz399812,9149.24,9043.95,9166.18,9024.64,11331424.0,0.68,9087.1,5623927.0,0.0,0.0,0.0,0.0,22.75,0.0,64678.66,90961.39
sz399403,11646.46,11486.86,11692.09,11466.39,17570387.0,1.0,11530.66,8955045.0,0.0,0.0,0.0,0.0,39.63,0.0,115110.83,133243.81
sz399690,2669.36,2582.63,2675.89,2572.91,10867031.0,2.44,2605.79,5582358.0,0.0,0.0,0.0,0.0,41.96,0.0,34329.1,45062.63
sz399017,3807.51,3736.81,3811.5,3725.85,20583510.0,1.23,3761.29,6724586.0,0.0,0.0,0.0,0.0,40.72,0.0,39626.99,51563.03
sz399681,1471.12,1418.69,1472.81,1410.33,31359711.0,2.81,1430.94,5862328.0,0.0,0.0,0.0,0.0,26.38,0.0,23200.81,30194.81
sz399817,1148.38,1129.44,1149.42,1126.56,15958068.0,1.51,1131.29,1608276.0,0.0,0.0,0.0,0.0,28.27,0.0,5921.41,7413.65
sz399356,12050.02,11898.25,12096.7,11887.86,18398236.0,0.7,11966.74,5850855.0,0.0,0.0,0.0,0.0,16.74,0.0,73463.07,97724.87
sz399611,3607.95,3492.47,3619.38,3478.65,29754293.0,2.74,3511.62,13610979.0,0.0,0.0,0.0,0.0,44.88,0.0,93431.09,130607.33
sz399914,6465.82,6461.35,6510.17,6441.92,29745372.0,-0.32,6486.57,4058166.0,0.0,0.0,0.0,0.0,7.65,0.0,114928.99,171809.12
sz399297,3583.0,3567.08,3583.55,3560.32,7270858.0,0.04,3581.42,561267.0,0.0,0.0,0.0,0.0,13.18,0.0,5398.54,7161.74
sz399315,4994.06,4881.85,4996.77,4868.94,78729499.0,1.56,4917.45,15650857.0,0.0,0.0,0.0,0.0,24.11,0.0,105074.94,128526.37
sz399629,2491.12,2463.98,2492.32,2456.93,42605243.0,0.58,2476.82,4077895.0,0.0,0.0,0.0,0.0,15.02,0.0,21301.55,25418.11
sz399326,7942.38,7679.58,7975.72,7637.39,8975940.0,3.25,7692.69,3509947.0,0.0,0.0,0.0,0.0,34.71,0.0,20595.13,31204.03
sz399683,2014.94,1972.4,2023.3,1967.95,14494744.0,1.62,1982.79,3217989.0,0.0,0.0,0.0,0.0,24.62,0.0,20256.47,29114.51
sz399101,13368.94,13117.1,13385.76,13080.16,155457639.0,1.29,13198.31,22372289.0,0.0,0.0,0.0,0.0,36.58,0.0,114206.5,146487.28
sz399618,18314.48,17725.93,18416.75,17675.32,5008408.0,3.04,17774.02,3390023.0,0.0,0.0,0.0,0.0,46.76,0.0,22742.19,34397.18
sz399363,5599.04,5453.5,5616.65,5430.77,14329088.0,1.57,5512.36,4819290.0,0.0,0.0,0.0,0.0,47.42,0.0,32145.13,38563.91
sz399804,1829.86,1824.84,1832.04,1820.0,2682633.0,-0.19,1833.26,445038.0,0.0,0.0,0.0,0.0,24.81,0.0,3510.62,4655.63
sz399010,7374.66,7229.64,7381.1,7208.76,125886061.0,1.26,7282.64,17144539.0,0.0,0.0,0.0,0.0,37.52,0.0,60509.93,76502.29
sz399002,18661.01,18227.22,18693.72,18167.94,135952717.0,1.89,18314.84,30842937.0,0.0,0.0,0.0,0.0,29.27,0.0,207467.41,267260.34
sz399437,6187.37,6136.6,6212.2,6133.14,10505702.0,0.13,6179.25,1667135.0,0.0,0.0,0.0,0.0,18.52,0.0,21232.11,27155.16
sz399666,1819.8,1755.13,1822.31,1748.56,51331291.0,2.67,1772.42,20068602.0,0.0,0.0,0.0,0.0,54.51,0.0,96684.46,127014.15
sz399244,695.38,694.84,698.47,693.03,2948666.0,-0.01,695.45,230513.0,0.0,0.0,0.0,0.0,36.53,0.0,1921.34,2826.31
sz399291,4085.84,3980.46,4088.65,3964.49,12520295.0,1.67,4018.66,2677607.0,0.0,0.0,0.0,0.0,53.51,0.0,7985.96,10901.77
sz399361,4386.87,4337.23,4394.64,4324.96,9760426.0,0.85,4349.72,1394940.0,0.0,0.0,0.0,0.0,40.28,0.0,9288.12,13169.41
sz399235,1132.7,1120.78,1134.28,1118.79,5305631.0,0.57,1126.23,367554.0,0.0,0.0,0.0,0.0,34.73,0.0,2155.86,2677.56
sz399373,7720.65,7699.23,7755.62,7685.74,33819215.0,-0.06,7724.93,4575958.0,0.0,0.0,0.0,0.0,7.46,0.0,142012.71,197442.57
sz399662,2519.0,2431.85,2524.71,2422.48,40787581.0,2.68,2453.18,16740146.0,0.0,0.0,0.0,0.0,45.34,0.0,112161.8,140574.57
sz399967,11197.67,10816.34,11209.36,10795.4,7299241.0,2.83,10889.26,2087164.0,0.0,0.0,0.0,0.0,65.01,0.0,12885.91,15538.46
sz399434,1850.38,1846.63,1854.66,1837.21,6379047.0,-0.1,1852.23,463272.0,0.0,0.0,0.0,0.0,38.26,0.0,5679.61,6793.74
sz399642,2523.09,2443.5,2528.08,2433.91,37700831.0,2.37,2464.71,8666537.0,0.0,0.0,0.0,0.0,48.72,0.0,43739.15,56747.01
sz399016,4671.35,4556.23,4677.33,4544.11,18657179.0,1.78,4589.82,9320887.0,0.0,0.0,0.0,0.0,51.99,0.0,60750.2,78985.36
sz399991,1882.95,1859.77,1885.95,1856.42,60081073.0,0.38,1875.88,5169239.0,0.0,0.0,0.0,0.0,12.81,0.0,57569.15,70182.56
sz399993,5973.44,5771.03,6012.28,5763.74,3745388.0,2.83,5809.22,2856672.0,0.0,0.0,0.0,0.0,62.57,0.0,17599.05,25747.94
sz399995,3525.71,3515.59,3528.34,3502.6,8625101.0,-0.22,3533.66,572678.0,0.0,0.0,0.0,0.0,6.45,0.0,9757.63,11174.33
sz399646,10803.48,10676.61,10836.9,10644.53,16362847.0,0.91,10706.21,5055313.0,0.0,0.0,0.0,0.0,28.35,0.0,45983.42,61682.5
sz399976,5564.13,5208.01,5566.58,5151.52,18392218.0,5.77,5260.77,8761309.0,0.0,0.0,0.0,0.0,158.78,0.0,31692.92,42256.8
sz399807,1222.27,1214.75,1223.6,1213.4,4725138.0,0.33,1218.25,422019.0,0.0,0.0,0.0,0.0,11.23,0.0,7921.0,10384.43
sz399705,4041.81,3903.46,4048.98,3874.97,58423057.0,2.89,3928.17,13903820.0,0.0,0.0,0.0,0.0,37.41,0.0,79156.59,98704.17
sz399357,3191.87,3171.91,3199.23,3169.14,29302499.0,-0.09,3194.78,4545038.0,0.0,0.0,0.0,0.0,8.69,0.0,101843.45,134688.09
sz399422,3453.71,3388.33,3457.48,3383.7,47957116.0,1.1,3416.22,7099593.0,0.0,0.0,0.0,0.0,30.81,0.0,37397.55,49194.33
sz399811,4567.86,4442.75,4583.12,4412.72,37607316.0,1.63,4494.56,9918808.0,0.0,0.0,0.0,0.0,44.95,0.0,44828.43,58472.48
sz399248,939.57,939.87,944.4,933.23,3418821.0,-0.39,943.27,305320.0,0.0,0.0,0.0,0.0,-34.14,0.0,2574.58,3549.38
sz399612,3228.2,3124.87,3238.43,3112.51,29754293.0,2.74,3142.05,13610979.0,0.0,0.0,0.0,0.0,44.88,0.0,93431.09,130607.33
sz399913,17739.27,17188.39,17864.46,17141.1,5716432.0,2.54,17299.62,4327020.0,0.0,0.0,0.0,0.0,50.54,0.0,34241.37,42950.54
sz399310,8712.88,8567.65,8735.06,8551.56,31398950.0,1.3,8600.81,11763932.0,0.0,0.0,0.0,0.0,18.12,0.0,190471.18,233665.42
sz399284,3788.91,3734.45,3796.95,3712.09,9469547.0,0.55,3768.03,2101034.0,0.0,0.0,0.0,0.0,45.18,0.0,16391.33,19194.87
sz399553,10098.12,9860.33,10127.25,9845.9,11055110.0,1.44,9954.69,5483447.0,0.0,0.0,0.0,0.0,33.54,0.0,69446.05,72750.39
sz399242,1205.41,1187.19,1209.83,1187.1,5758669.0,1.01,1193.31,490505.0,0.0,0.0,0.0,0.0,-198.07,0.0,3122.03,3561.08
sz399934,6103.15,6099.63,6143.32,6082.04,39431489.0,-0.34,6124.0,4636418.0,0.0,0.0,0.0,0.0,7.8,0.0,123575.48,183259.44
sz399671,11140.88,10967.33,11179.17,10935.4,9846623.0,1.45,10981.85,4434872.0,0.0,0.0,0.0,0.0,33.55,0.0,45595.08,61107.68
sz399358,6203.27,5853.09,6205.92,5811.8,22976796.0,4.78,5920.1,7813114.0,0.0,0.0,0.0,0.0,30.74,0.0,34781.6,43403.71
sz399699,3778.95,3743.67,3780.78,3725.55,17711947.0,0.13,3773.88,3433711.0,0.0,0.0,0.0,0.0,15.8,0.0,19433.22,26078.07
sz399106,2446.99,2394.44,2449.86,2387.43,384821024.0,1.68,2406.59,59287195.0,0.0,0.0,0.0,0.0,36.39,0.0,286750.28,379509.75
sz399312,6110.21,5985.29,6123.09,5972.27,137676996.0,1.51,6019.43,35655106.0,0.0,0.0,0.0,0.0,19.99,0.0,367260.41,450705.87
sz399378,3180.13,3127.6,3185.67,3122.95,85048877.0,1.21,3142.1,23654580.0,0.0,0.0,0.0,0.0,12.88,0.0,303574.99,381121.17
sz399707,6057.14,6003.63,6081.25,6001.05,14497520.0,0.19,6045.41,2135785.0,0.0,0.0,0.0,0.0,20.65,0.0,24859.51,34715.46
sz399362,10302.29,9958.6,10329.98,9918.89,37629378.0,2.77,10024.57,17279829.0,0.0,0.0,0.0,0.0,42.9,0.0,116487.15,154840.85
sz399966,5894.43,5864.02,5920.3,5861.41,15977482.0,-0.08,5899.41,2665346.0,0.0,0.0,0.0,0.0,14.22,0.0,42346.99,63390.32
sz399608,4337.55,4182.64,4349.05,4169.05,26889135.0,2.72,4222.52,9669905.0,0.0,0.0,0.0,0.0,48.85,0.0,50252.57,66399.1
sz399239,1827.05,1805.48,1828.29,1794.54,36069660.0,0.31,1821.32,4927086.0,0.0,0.0,0.0,0.0,93.97,0.0,17383.83,21829.09
sz399638,7397.74,6990.56,7419.33,6920.57,23725177.0,4.6,7072.56,6112189.0,0.0,0.0,0.0,0.0,42.64,0.0,17731.13,26082.52
sz399303,7798.1,7666.67,7801.26,7647.14,230485104.0,1.06,7716.58,27983731.0,0.0,0.0,0.0,0.0,35.74,0.0,101486.89,125017.06
sz399703,8540.71,8477.01,8551.55,8462.33,71447144.0,0.27,8518.08,14303113.0,0.0,0.0,0.0,0.0,24.28,0.0,135879.06,170980.51
sz399551,10165.22,9923.05,10189.08,9903.39,17158047.0,1.44,10021.08,4007863.0,0.0,0.0,0.0,0.0,41.71,0.0,30081.47,34252.09
sz399641,3017.21,2921.37,3023.86,2909.36,71556603.0,2.69,2938.07,19895596.0,0.0,0.0,0.0,0.0,43.81,0.0,111636.47,144765.67
sz399693,3761.43,3720.12,3763.34,3695.98,8762259.0,0.24,3752.38,1329220.0,0.0,0.0,0.0,0.0,44.42,0.0,11453.57,13717.16
sz399965,5199.22,5224.27,5253.91,5180.27,7671392.0,-1.03,5253.2,638115.0,0.0,0.0,0.0,0.0,6.83,0.0,12037.15,13396.08
sz399386,11191.6,10862.59,11254.71,10834.76,13546862.0,2.49,10919.79,6343358.0,0.0,0.0,0.0,0.0,43.93,0.0,49620.55,65453.0
sz399903,5092.37,5036.88,5106.54,5031.95,53262130.0,0.62,5061.16,14967444.0,0.0,0.0,0.0,0.0,12.72,0.0,272255.93,338160.22
sz399292,1210.3,1192.02,1212.39,1188.48,64313065.0,0.64,1202.64,6384390.0,0.0,0.0,0.0,0.0,65.96,0.0,18818.16,22561.21
sz399400,4539.79,4454.73,4547.77,4445.92,201408484.0,1.32,4480.43,44184153.0,0.0,0.0,0.0,0.0,15.63,0.0,466982.52,601798.97
sz399108,1220.45,1213.09,1221.48,1211.27,285875.0,0.55,1213.76,10832.0,0.0,0.0,0.0,0.0,11.84,0.0,678.22,4460.88
sz399932,25592.08,25454.39,25678.94,25406.84,8231677.0,0.32,25509.23,3913326.0,0.0,0.0,0.0,0.0,39.23,0.0,70944.51,75968.68
sz399318,4538.5,4542.93,4542.93,4513.12,619003.0,0.35,4522.77,42600.0,0.0,0.0,0.0,0.0,16.87,0.0,879.12,5096.95
sz399639,2579.43,2502.43,2580.79,2493.01,21038330.0,2.04,2527.84,3150034.0,0.0,0.0,0.0,0.0,23.0,0.0,14459.29,17631.31
sz399614,4141.34,3985.68,4146.31,3962.8,36528524.0,3.04,4019.16,7114506.0,0.0,0.0,0.0,0.0,27.13,0.0,25782.83,33457.63
sz399676,3581.06,3548.22,3585.47,3539.77,19094130.0,0.42,3566.2,5131340.0,0.0,0.0,0.0,0.0,44.36,0.0,32514.68,46543.7
sz399384,4553.77,4469.49,4574.67,4456.61,27940203.0,1.22,4499.09,5898002.0,0.0,0.0,0.0,0.0,26.35,0.0,48620.27,62492.67
sz399806,1399.04,1380.65,1399.77,1379.02,10514375.0,1.24,1381.88,999051.0,0.0,0.0,0.0,0.0,28.42,0.0,4483.6,5572.12
sz399243,2719.71,2672.74,2727.95,2666.6,2037117.0,1.65,2675.63,510167.0,0.0,0.0,0.0,0.0,56.06,0.0,2419.93,4809.89
sz399003,8274.17,8224.87,8294.25,8204.17,152479.0,0.54,8230.04,7384.0,0.0,0.0,0.0,0.0,10.45,0.0,478.49,3124.49
sz399665,1945.31,1928.04,1946.51,1924.51,33151699.0,0.48,1936.09,5068369.0,0.0,0.0,0.0,0.0,28.05,0.0,48621.64,61571.09
sz000939,0.15,0.0,0.0,0.0,0.0,0.0,0.15,0.0,0.0,0.0,0.0,0.0,-0.17,-0.16,4.56,5.89
sz399987,10510.81,10360.46,10535.97,10319.62,3492045.0,1.56,10349.57,3036234.0,0.0,0.0,0.0,0.0,54.05,0.0,54026.94,56014.64
sz399997,18952.72,18698.09,19020.59,18627.14,2405450.0,1.41,18689.96,2734926.0,0.0,0.0,0.0,0.0,53.68,0.0,51012.12,51856.29
sz399555,5984.01,5916.14,6001.04,5900.38,20954023.0,0.82,5935.2,4377813.0,0.0,0.0,0.0,0.0,9.47,0.0,89655.14,128383.51
sz399282,4496.26,4467.22,4502.49,4423.23,11155214.0,-0.21,4505.61,1646056.0,0.0,0.0,0.0,0.0,59.26,0.0,8875.01,10747.36
sz399644,4844.84,4794.27,4854.59,4785.15,35244235.0,0.76,4808.51,6032111.0,0.0,0.0,0.0,0.0,24.88,0.0,47641.26,58427.51
sz399694,3288.44,3157.41,3293.72,3148.43,18587242.0,2.94,3194.46,10161663.0,0.0,0.0,0.0,0.0,68.24,0.0,48493.8,65481.45
sz399427,3472.63,3348.29,3480.62,3336.97,15072070.0,2.79,3378.39,12698391.0,0.0,0.0,0.0,0.0,40.88,0.0,121806.08,142600.44
sz399436,2968.33,2976.35,2980.3,2941.84,9604630.0,-1.29,3007.05,658423.0,0.0,0.0,0.0,0.0,10.38,0.0,8976.62,11041.81
sz399643,4054.03,3894.4,4065.83,3868.83,19361829.0,3.76,3907.28,8918398.0,0.0,0.0,0.0,0.0,76.07,0.0,48453.3,66165.58
sz399011,6874.96,6718.54,6884.49,6697.43,224077297.0,1.77,6755.72,42193470.0,0.0,0.0,0.0,0.0,30.93,0.0,242510.97,310892.47
sz399680,735.23,738.07,738.57,722.79,2235425.0,-2.03,750.48,206649.0,0.0,0.0,0.0,0.0,16.68,0.0,1342.17,1591.12
sz000018,0.27,0.0,0.0,0.0,0.0,0.0,0.27,0.0,0.0,0.0,0.0,0.0,-0.14,-0.35,2.69,4.59
sz399440,1517.48,1471.8,1519.8,1467.47,40416115.0,3.2,1470.44,1423548.0,0.0,0.0,0.0,0.0,12.48,0.0,8256.48,9941.07
sz399402,3903.76,3822.83,3912.81,3812.7,87405004.0,1.24,3855.95,14347452.0,0.0,0.0,0.0,0.0,17.24,0.0,132577.02,177531.1
sz399398,13717.66,13543.91,13723.74,13502.32,13406653.0,1.0,13581.83,6573146.0,0.0,0.0,0.0,0.0,28.54,0.0,110995.45,127786.78
sz399278,2691.85,2617.94,2699.13,2606.91,36389404.0,2.42,2628.34,10138112.0,0.0,0.0,0.0,0.0,37.45,0.0,72578.54,93775.52
sz399295,6952.12,6762.35,6978.96,6735.16,6716340.0,2.56,6778.43,3798372.0,0.0,0.0,0.0,0.0,53.5,0.0,22861.64,33686.2
sz399706,8931.22,8749.68,8963.08,8726.19,23004292.0,1.85,8769.31,9268149.0,0.0,0.0,0.0,0.0,36.82,0.0,77435.35,106008.44
sz399663,1651.62,1643.33,1653.36,1640.96,14878887.0,0.2,1648.33,1528582.0,0.0,0.0,0.0,0.0,18.28,0.0,17551.57,22415.89
sz399631,2329.37,2310.67,2331.94,2306.3,83437672.0,0.29,2322.6,9431879.0,0.0,0.0,0.0,0.0,13.74,0.0,74910.07,92480.84
sz399810,2871.93,2848.57,2875.67,2841.44,8801983.0,0.47,2858.57,1060135.0,0.0,0.0,0.0,0.0,30.11,0.0,9167.64,12239.32
sz399673,3458.24,3311.24,3471.1,3289.14,13686003.0,4.02,3324.56,8051388.0,0.0,0.0,0.0,0.0,66.56,0.0,42603.76,57919.37
sz399808,3998.75,3748.91,4002.34,3706.91,42174162.0,6.04,3770.96,12031327.0,0.0,0.0,0.0,0.0,54.07,0.0,44256.37,54153.44
sz399408,12102.18,12075.64,12111.29,12050.04,32136244.0,-0.14,12118.82,2298823.0,0.0,0.0,0.0,0.0,14.64,0.0,20686.54,23468.37
sz399280,5030.62,4894.96,5054.72,4880.29,4073410.0,2.61,4902.81,2159848.0,0.0,0.0,0.0,0.0,52.0,0.0,14323.77,23421.46
sz399233,3104.39,3021.62,3107.84,3010.47,257853314.0,2.19,3037.89,44593352.0,0.0,0.0,0.0,0.0,39.65,0.0,202183.79,267718.31
sz399655,13313.06,13122.96,13318.98,13077.26,18290909.0,0.97,13185.5,5636397.0,0.0,0.0,0.0,0.0,29.32,0.0,59075.72,74513.21
sz399682,2012.22,1940.4,2014.95,1920.3,17440567.0,3.48,1944.64,4891097.0,0.0,0.0,0.0,0.0,40.49,0.0,33641.11,41866.1
sz399394,17341.68,16812.19,17445.56,16765.59,9146147.0,2.62,16898.81,5841677.0,0.0,0.0,0.0,0.0,46.16,0.0,45933.69,61167.57
sz399396,33130.82,32752.3,33212.58,32678.74,4997916.0,0.93,32824.75,4038097.0,0.0,0.0,0.0,0.0,49.94,0.0,67370.72,75048.52
sz399432,7394.27,6993.99,7410.62,6903.08,7893474.0,4.57,7071.18,6102555.0,0.0,0.0,0.0,0.0,107.65,0.0,30199.44,39458.28
sz399234,814.97,815.76,818.68,809.4,8693320.0,-0.33,817.68,726673.0,0.0,0.0,0.0,0.0,15.7,0.0,3552.98,5445.46
sz399557,2115.46,2086.12,2118.91,2082.21,12914059.0,0.48,2105.25,2839196.0,0.0,0.0,0.0,0.0,34.09,0.0,23893.76,27971.69
sz399352,9620.69,9514.74,9648.84,9503.88,44828463.0,0.48,9574.83,9117464.0,0.0,0.0,0.0,0.0,18.46,0.0,70326.24,100003.53
sz399405,3113.36,2995.28,3120.33,2985.89,37088656.0,2.79,3028.86,16044671.0,0.0,0.0,0.0,0.0,40.4,0.0,117937.3,144212.18
sz399702,8987.12,8927.9,8998.28,8913.09,52712804.0,0.17,8971.87,10522377.0,0.0,0.0,0.0,0.0,23.12,0.0,109879.15,137857.98
sz399439,1236.19,1224.1,1237.68,1217.39,8763038.0,-0.3,1239.94,335354.0,0.0,0.0,0.0,0.0,11.69,0.0,13962.51,16447.66
sz399672,4631.97,4613.1,4638.18,4595.15,8337205.0,0.11,4627.0,2003357.0,0.0,0.0,0.0,0.0,14.14,0.0,25839.62,30374.28
sz399983,5742.33,5767.3,5804.33,5702.8,3144362.0,-0.83,5790.38,382621.0,0.0,0.0,0.0,0.0,6.24,0.0,8116.76,8865.96
sz399441,6096.69,5868.76,6132.54,5859.29,3436482.0,3.11,5912.93,3033320.0,0.0,0.0,0.0,0.0,66.12,0.0,19028.43,27608.07
sz399556,3172.63,3030.65,3174.7,3016.88,19734720.0,3.9,3053.67,7397381.0,0.0,0.0,0.0,0.0,29.63,0.0,41731.77,50781.36
sz399348,7211.39,7160.83,7223.23,7151.02,40286308.0,0.16,7199.9,5026542.0,0.0,0.0,0.0,0.0,12.84,0.0,49771.42,60738.2
sz399418,3902.38,3827.33,3903.78,3813.56,27739104.0,1.36,3850.05,7169848.0,0.0,0.0,0.0,0.0,21.87,0.0,62023.83,74879.27
sz399321,7566.11,7542.92,7599.69,7536.64,27918867.0,-0.1,7573.99,4784549.0,0.0,0.0,0.0,0.0,8.19,0.0,146988.35,199585.1
sz399552,9978.63,9904.91,9999.05,9893.51,18158693.0,0.31,9947.44,5220543.0,0.0,0.0,0.0,0.0,16.95,0.0,109155.0,128369.95
sz399652,4042.76,3886.69,4052.73,3870.63,10162312.0,2.7,3936.36,3117082.0,0.0,0.0,0.0,0.0,82.45,0.0,11655.41,14010.71
sz399311,5182.62,5085.88,5190.21,5075.44,331406823.0,1.31,5115.69,59302014.0,0.0,0.0,0.0,0.0,16.44,0.0,542676.31,694029.55
sz399996,3349.86,3301.79,3354.46,3284.55,31865306.0,0.36,3337.94,6437540.0,0.0,0.0,0.0,0.0,30.35,0.0,44714.35,49951.0
sz399277,3928.47,3871.17,3948.18,3854.21,7514600.0,0.94,3892.02,2559811.0,0.0,0.0,0.0,0.0,42.85,0.0,12959.93,23202.68
sz399998,1629.78,1637.95,1639.77,1613.35,8054715.0,-1.58,1655.97,626696.0,0.0,0.0,0.0,0.0,10.34,0.0,8756.06,10264.07
sz000043,20.25,0.0,0.0,0.0,0.0,0.0,20.25,0.0,0.0,0.0,0.0,0.0,43.61,2.59,135.03,214.72
sz399636,5237.35,5026.37,5249.59,4992.65,23931310.0,3.29,5070.43,5595945.0,0.0,0.0,0.0,0.0,31.59,0.0,26605.21,33228.49
sz399100,11090.6,10862.46,11102.68,10829.57,364937895.0,1.6,10916.28,58103250.0,0.0,0.0,0.0,0.0,35.2,0.0,283565.19,371922.01
sz399428,3157.51,3088.76,3159.75,3078.41,37446274.0,1.54,3109.49,6419349.0,0.0,0.0,0.0,0.0,35.61,0.0,26163.46,30729.44
sz399971,1206.86,1203.34,1209.77,1199.78,7214370.0,-0.03,1207.2,806642.0,0.0,0.0,0.0,0.0,33.0,0.0,8240.18,9806.19
sz399619,7029.68,6999.24,7055.96,6990.18,5788995.0,-0.34,7053.41,1096535.0,0.0,0.0,0.0,0.0,16.75,0.0,15594.96,17527.8
sz399346,5609.3,5448.88,5626.92,5425.51,23017449.0,2.81,5455.8,10525366.0,0.0,0.0,0.0,0.0,33.43,0.0,86649.95,110705.84
sz399393,4960.11,4976.75,4999.58,4939.9,8783832.0,-0.93,5006.47,766194.0,0.0,0.0,0.0,0.0,7.44,0.0,13317.32,14900.19
sz399005,9821.59,9579.83,9848.55,9548.08,34765861.0,1.74,9654.08,9330743.0,0.0,0.0,0.0,0.0,33.11,0.0,63317.94,82041.28
sz399286,3753.58,3696.6,3763.65,3690.39,16430696.0,0.75,3725.82,3089477.0,0.0,0.0,0.0,0.0,29.35,0.0,20754.95,22596.17
sz399001,14940.05,14592.75,14966.23,14545.29,384821024.0,1.86,14667.65,59287195.0,0.0,0.0,0.0,0.0,36.39,0.0,286750.28,379509.75
sz399668,3603.82,3486.6,3610.3,3481.88,24147661.0,2.22,3525.52,4586967.0,0.0,0.0,0.0,0.0,29.88,0.0,15982.96,21338.54
sz399335,5080.27,4952.69,5095.89,4934.95,12776771.0,2.09,4976.13,2714548.0,0.0,0.0,0.0,0.0,21.26,0.0,21606.85,26728.81
sz399626,2408.59,2331.39,2416.09,2321.5,25058626.0,2.92,2340.34,11309022.0,0.0,0.0,0.0,0.0,38.53,0.0,72811.87,99036.21
sz399236,1477.66,1464.11,1480.79,1460.73,7697122.0,0.89,1464.67,790258.0,0.0,0.0,0.0,0.0,37.17,0.0,4751.97,6274.35
sz399667,5421.33,5201.01,5439.91,5168.12,12811373.0,4.03,5211.3,7700459.0,0.0,0.0,0.0,0.0,59.84,0.0,42428.88,59886.66
sz399697,4662.5,4583.95,4669.54,4571.9,15996912.0,0.89,4621.52,2681734.0,0.0,0.0,0.0,0.0,70.72,0.0,9637.19,14713.65
sz399624,2328.69,2272.77,2330.3,2265.44,82503608.0,1.66,2290.66,14731327.0,0.0,0.0,0.0,0.0,33.01,0.0,57277.8,73067.24
sz399645,11275.6,11167.56,11292.16,11153.63,18954530.0,0.68,11199.73,4267255.0,0.0,0.0,0.0,0.0,21.1,0.0,65176.46,77101.17
sz399240,1433.99,1423.73,1439.57,1423.19,8260443.0,0.06,1433.17,1312838.0,0.0,0.0,0.0,0.0,18.01,0.0,17335.39,20419.15
sz399328,13964.47,13760.5,14016.58,13718.03,9044747.0,1.44,13766.43,4093073.0,0.0,0.0,0.0,0.0,24.85,0.0,54869.59,65091.65
sz399012,4463.41,4306.08,4472.38,4287.44,55644928.0,3.04,4331.63,16007549.0,0.0,0.0,0.0,0.0,64.81,0.0,67660.6,97646.69
sz399431,7159.47,7170.3,7228.1,7134.71,15274571.0,-0.32,7182.21,1306634.0,0.0,0.0,0.0,0.0,6.22,0.0,68724.4,104684.27
sz399353,2543.39,2499.39,2555.88,2498.64,16767863.0,1.53,2505.01,2016506.0,0.0,0.0,0.0,0.0,39.58,0.0,20225.02,26280.89
sz399802,6150.99,6056.61,6152.58,6037.65,71174534.0,0.91,6095.42,8990440.0,0.0,0.0,0.0,0.0,23.72,0.0,47789.13,57167.6
sz399420,1350.13,1343.25,1356.4,1342.4,10610687.0,-0.08,1351.24,2106354.0,0.0,0.0,0.0,0.0,12.99,0.0,36763.01,53283.28
sz399628,2129.19,2083.3,2130.83,2076.38,26217620.0,1.42,2099.48,5383944.0,0.0,0.0,0.0,0.0,23.24,0.0,20826.58,27779.24
sz399423,3286.7,3224.46,3292.68,3220.69,15500248.0,1.14,3249.6,3268024.0,0.0,0.0,0.0,0.0,22.34,0.0,24936.76,33568.33
sz399637,3271.73,3295.91,3304.2,3258.96,5045912.0,-0.97,3303.66,411960.0,0.0,0.0,0.0,0.0,7.15,0.0,5689.56,6542.29
sz399660,3343.15,3257.23,3350.39,3249.29,29754293.0,1.97,3278.48,13610979.0,0.0,0.0,0.0,0.0,44.88,0.0,93431.09,130607.33
sz399006,3409.59,3278.13,3419.7,3261.32,129431746.0,3.57,3291.99,25464167.0,0.0,0.0,0.0,0.0,82.15,0.0,86105.22,129452.26
sz399651,2406.63,2379.23,2415.59,2370.78,9383432.0,0.81,2387.4,2569525.0,0.0,0.0,0.0,0.0,24.42,0.0,31499.9,37186.24
sz399293,6856.75,6572.56,6880.4,6531.82,9618349.0,3.92,6598.16,7424962.0,0.0,0.0,0.0,0.0,69.02,0.0,44140.67,62061.23
sz399554,8818.36,8780.35,8842.2,8768.4,17784062.0,-0.05,8822.74,3888818.0,0.0,0.0,0.0,0.0,10.39,0.0,105098.12,143273.1
sz399901,5478.19,5420.59,5480.98,5417.1,76269731.0,0.42,5455.26,11021289.0,0.0,0.0,0.0,0.0,11.85,0.0,99812.22,144298.45
sz399982,7723.41,7640.55,7725.98,7622.09,147646952.0,0.51,7684.05,17626675.0,0.0,0.0,0.0,0.0,21.88,0.0,102100.05,122451.37
sz399623,9629.51,9421.07,9642.28,9391.52,89535451.0,1.51,9486.35,15838285.0,0.0,0.0,0.0,0.0,31.55,0.0,93626.95,119186.0
sz399389,3420.43,3387.49,3423.48,3371.7,9990735.0,0.37,3407.88,1420775.0,0.0,0.0,0.0,0.0,42.13,0.0,8853.25,11368.05
sz399387,5140.65,5134.32,5171.34,5122.16,32815915.0,-0.25,5153.39,3923371.0,0.0,0.0,0.0,0.0,7.89,0.0,113399.53,169373.43
sz399433,1912.2,1876.36,1921.92,1875.29,15975192.0,1.63,1881.44,1981613.0,0.0,0.0,0.0,0.0,44.68,0.0,20132.63,25898.1
sz399613,3098.67,3091.54,3104.39,3053.0,2853673.0,-1.29,3139.2,255903.0,0.0,0.0,0.0,0.0,16.42,0.0,1749.0,2030.84
sz399007,6559.32,6402.9,6572.36,6381.69,98191236.0,1.94,6434.24,25048931.0,0.0,0.0,0.0,0.0,29.25,0.0,181975.91,234363.64
sz399374,6208.14,6012.81,6214.23,5994.25,24698375.0,2.41,6062.24,6876446.0,0.0,0.0,0.0,0.0,24.16,0.0,40686.68,49552.64
sz399974,1988.95,1959.22,1991.25,1956.21,38428678.0,0.78,1973.64,9458467.0,0.0,0.0,0.0,0.0,16.38,0.0,123907.75,146906.18
sz399279,3745.45,3646.35,3758.42,3633.85,15705090.0,1.65,3684.67,4149017.0,0.0,0.0,0.0,0.0,44.6,0.0,26212.39,31980.67
sz399417,4668.83,4395.36,4678.68,4345.54,32587825.0,5.01,4446.12,10878341.0,0.0,0.0,0.0,0.0,69.21,0.0,39918.6,50404.15
sz399401,4674.45,4577.74,4677.05,4565.41,208727837.0,1.41,4609.31,30768718.0,0.0,0.0,0.0,0.0,24.38,0.0,180768.73,220756.95
sz399283,3501.25,3399.72,3515.35,3383.22,8581257.0,2.04,3431.21,2220636.0,0.0,0.0,0.0,0.0,32.3,0.0,13457.78,15145.15
sz399610,7782.15,7565.12,7800.59,7537.76,22773728.0,2.0,7629.81,5573370.0,0.0,0.0,0.0,0.0,41.31,0.0,38207.24,45817.84
sz399281,4145.78,4059.06,4159.94,4033.26,20585442.0,0.99,4105.11,3604920.0,0.0,0.0,0.0,0.0,39.74,0.0,18142.26,22161.29
sz399959,1542.92,1488.08,1544.19,1484.83,6127345.0,2.97,1498.43,1726349.0,0.0,0.0,0.0,0.0,57.07,0.0,11125.55,13209.97
sz399438,1904.25,1913.78,1915.42,1894.47,11811084.0,-0.79,1919.46,818409.0,0.0,0.0,0.0,0.0,14.51,0.0,13727.16,16059.69
sz399015,2413.68,2365.34,2415.77,2358.74,88124581.0,1.26,2383.67,11350533.0,0.0,0.0,0.0,0.0,47.46,0.0,35021.92,43610.61
sz399625,2559.62,2485.7,2563.97,2476.87,112257901.0,2.32,2501.68,28342307.0,0.0,0.0,0.0,0.0,39.75,0.0,150708.89,203674.57
sz399675,3125.72,3093.88,3128.52,3074.48,24552358.0,0.04,3124.51,3807994.0,0.0,0.0,0.0,0.0,67.84,0.0,14391.19,18080.84
sz399677,3667.17,3650.75,3670.27,3620.58,24552358.0,-0.44,3683.37,3807994.0,0.0,0.0,0.0,0.0,67.83,0.0,14388.52,18078.19
sz399674,3361.91,3275.16,3377.44,3266.14,19094130.0,2.29,3286.58,5131340.0,0.0,0.0,0.0,0.0,44.36,0.0,32514.68,46543.7
sz399399,8749.45,8635.45,8769.18,8622.24,110322425.0,0.84,8676.52,21142457.0,0.0,0.0,0.0,0.0,13.44,0.0,274365.96,358671.86
sz399231,1496.58,1509.64,1528.66,1486.78,5405419.0,-1.36,1517.17,667676.0,0.0,0.0,0.0,0.0,14.49,0.0,4174.46,5788.09
sz399669,13409.39,13380.82,13470.72,13332.35,8333891.0,0.13,13391.81,2491765.0,0.0,0.0,0.0,0.0,30.22,0.0,30224.73,38507.6
sz399691,3026.36,2896.76,3040.09,2886.15,6270503.0,3.4,2926.92,4345362.0,0.0,0.0,0.0,0.0,71.4,0.0,20994.02,28142.85
sz399664,1313.8,1274.95,1315.75,1268.89,34611809.0,2.24,1285.02,9938622.0,0.0,0.0,0.0,0.0,38.54,0.0,50197.43,64759.16
sz399241,2195.0,2211.98,2221.04,2187.8,8110652.0,-1.3,2223.9,623660.0,0.0,0.0,0.0,0.0,8.27,0.0,7595.5,8605.35
sz399658,5503.29,5405.87,5511.11,5392.65,34765861.0,1.3,5432.75,9330743.0,0.0,0.0,0.0,0.0,33.11,0.0,63321.54,82044.16
sz399294,4245.52,4160.79,4261.72,4148.91,14885580.0,1.42,4186.01,4173806.0,0.0,0.0,0.0,0.0,27.98,0.0,38394.89,48142.85
sz399339,10194.02,9893.39,10222.47,9856.59,34253372.0,2.33,9961.71,11241079.0,0.0,0.0,0.0,0.0,53.77,0.0,72791.93,97017.49
sz399314,5593.55,5495.52,5606.58,5485.16,122678986.0,1.25,5524.53,28533296.0,0.0,0.0,0.0,0.0,14.27,0.0,361907.58,473272.6
sz399376,6497.96,6323.29,6502.26,6302.99,39578238.0,2.05,6367.3,6461654.0,0.0,0.0,0.0,0.0,19.28,0.0,25714.93,32138.76
sz399050,3518.6,3463.78,3534.13,3458.14,17946479.0,0.69,3494.42,4434996.0,0.0,0.0,0.0,0.0,23.54,0.0,33036.52,46127.93
sz399385,16293.01,16153.94,16321.53,16123.04,11475277.0,0.73,16175.06,5054111.0,0.0,0.0,0.0,0.0,39.83,0.0,76988.33,86533.13
sz399316,5300.35,5203.45,5303.8,5188.96,129998339.0,1.22,5236.58,15117861.0,0.0,0.0,0.0,0.0,24.76,0.0,75693.79,92230.58
sz399409,4750.52,4618.41,4758.32,4602.5,43032760.0,1.98,4658.47,8019559.0,0.0,0.0,0.0,0.0,33.53,0.0,25252.57,30332.28
sz399320,2326.23,2288.01,2332.42,2284.03,23615680.0,1.28,2296.93,3137052.0,0.0,0.0,0.0,0.0,24.41,0.0,38391.36,49253.71
sz399661,6029.41,6002.22,6031.39,5995.5,22242515.0,0.21,6016.66,3589652.0,0.0,0.0,0.0,0.0,16.61,0.0,57773.18,67000.15
sz399650,3288.17,3224.88,3302.01,3214.61,9596050.0,1.58,3237.14,2282375.0,0.0,0.0,0.0,0.0,28.33,0.0,24651.01,30078.52
sz399365,19353.2,19234.21,19425.94,19202.59,9170700.0,0.52,19253.14,4773268.0,0.0,0.0,0.0,0.0,40.29,0.0,74033.42,82577.57
sz399615,4355.98,4201.25,4361.26,4170.49,22010251.0,3.26,4218.6,5677147.0,0.0,0.0,0.0,0.0,39.43,0.0,36681.55,45965.71
sz399992,1786.62,1751.16,1787.44,1744.16,12667430.0,1.48,1760.63,1670158.0,0.0,0.0,0.0,0.0,27.92,0.0,8599.2,10649.56
sz399383,3126.31,3041.86,3129.62,3027.24,52593676.0,2.35,3054.42,9261192.0,0.0,0.0,0.0,0.0,23.84,0.0,74827.25,93070.14
sz399692,3380.21,3353.69,3383.71,3340.21,14507640.0,0.29,3370.39,2812986.0,0.0,0.0,0.0,0.0,51.52,0.0,18483.61,26381.09
sz399814,1598.17,1591.25,1600.92,1586.7,9496896.0,0.02,1597.91,2315370.0,0.0,0.0,0.0,0.0,26.82,0.0,21694.7,29079.49
sz399632,6547.7,6395.7,6565.27,6378.03,43306071.0,1.74,6435.82,15986396.0,0.0,0.0,0.0,0.0,31.33,0.0,132388.28,170429.54
sz399237,1270.82,1241.07,1274.39,1241.07,2935153.0,2.33,1241.89,431024.0,0.0,0.0,0.0,0.0,29.14,0.0,5560.07,6523.69
sz399004,9395.47,9158.27,9423.17,9127.22,43306071.0,2.18,9194.69,15986396.0,0.0,0.0,0.0,0.0,31.33,0.0,132388.28,170429.54
sz399687,3461.22,3371.05,3470.4,3355.06,40988111.0,1.76,3401.47,8312992.0,0.0,0.0,0.0,0.0,44.82,0.0,45811.0,54244.23
sz399813,5941.59,5827.97,5952.49,5804.81,20058439.0,1.04,5880.48,4813029.0,0.0,0.0,0.0,0.0,54.18,0.0,31504.69,36845.41
sz399686,2229.94,2213.82,2238.67,2213.0,7427869.0,-0.12,2232.6,1227062.0,0.0,0.0,0.0,0.0,19.28,0.0,16959.0,19909.86
sz399296,8246.84,7830.65,8273.16,7762.55,10742597.0,4.7,7876.41,8019573.0,0.0,0.0,0.0,0.0,80.8,0.0,36339.56,48117.07
sz399377,6581.99,6536.0,6586.06,6520.0,51477230.0,0.22,6567.69,3309877.0,0.0,0.0,0.0,0.0,11.8,0.0,25640.12,30433.83
sz399653,3644.01,3571.44,3654.75,3558.29,25049203.0,1.91,3575.61,7546972.0,0.0,0.0,0.0,0.0,30.01,0.0,75103.07,99260.01
sz399649,3733.9,3712.3,3740.0,3700.67,9357604.0,0.23,3725.32,1666402.0,0.0,0.0,0.0,0.0,21.1,0.0,19985.31,23497.21
sz399107,2560.4,2505.35,2563.41,2498.0,384535150.0,1.68,2518.08,59276363.0,0.0,0.0,0.0,0.0,37.31,0.0,286071.25,375045.88
sz399404,4844.03,4849.26,4863.9,4829.09,26492018.0,-0.35,4861.26,2330326.0,0.0,0.0,0.0,0.0,7.15,0.0,111061.75,162261.09
sz399688,1570.27,1558.6,1574.33,1549.15,1546361.0,0.18,1567.44,404410.0,0.0,0.0,0.0,0.0,35.86,0.0,3249.14,4172.79
sz399695,2822.78,2758.15,2825.54,2751.98,30744310.0,1.63,2777.49,7341188.0,0.0,0.0,0.0,0.0,42.2,0.0,23198.0,32333.29
sz399381,2051.8,2051.11,2054.43,2031.8,15533141.0,-1.34,2079.66,867663.0,0.0,0.0,0.0,0.0,11.36,0.0,22435.54,27539.78
sz399550,8534.75,8457.13,8554.6,8450.8,14931529.0,0.41,8500.0,5427381.0,0.0,0.0,0.0,0.0,10.43,0.0,116669.37,155934.4
sz399410,2475.55,2418.96,2480.54,2406.56,7592593.0,2.02,2426.62,1318788.0,0.0,0.0,0.0,0.0,30.04,0.0,6357.85,7987.26
sz399008,1802.77,1762.47,1805.28,1756.7,76080696.0,1.57,1774.87,14811068.0,0.0,0.0,0.0,0.0,31.25,0.0,88788.88,113423.27
sz399986,6917.61,6927.32,6981.15,6893.66,16070945.0,-0.3,6938.38,1345739.0,0.0,0.0,0.0,0.0,6.24,0.0,69343.42,106641.94
sz399606,3629.89,3489.93,3640.65,3472.04,17837997.0,3.58,3504.54,9630618.0,0.0,0.0,0.0,0.0,61.67,0.0,52230.78,77151.95
sz399018,5053.19,4929.94,5055.53,4918.57,13380428.0,1.64,4971.7,7223324.0,0.0,0.0,0.0,0.0,66.6,0.0,40325.43,53274.98
sz399372,7081.52,6878.86,7103.2,6857.04,30414475.0,2.38,6916.86,15319337.0,0.0,0.0,0.0,0.0,39.52,0.0,145088.36,171706.62
sz399659,4552.55,4478.31,4557.52,4466.06,135952717.0,1.07,4504.23,30842937.0,0.0,0.0,0.0,0.0,29.27,0.0,207489.05,267281.86
sz399602,1605.07,1569.24,1610.08,1563.85,19700037.0,1.6,1579.84,5753949.0,0.0,0.0,0.0,0.0,26.81,0.0,42107.92,51831.7
sz399013,6215.12,6109.51,6225.42,6091.74,90859134.0,1.2,6141.7,19758803.0,0.0,0.0,0.0,0.0,24.37,0.0,147782.36,180027.35
sz399805,2873.35,2853.63,2878.0,2840.56,27707978.0,0.02,2872.78,4000732.0,0.0,0.0,0.0,0.0,12.59,0.0,31993.14,39880.7
sz399354,10066.39,9818.05,10086.97,9793.28,56488660.0,1.8,9888.86,21288744.0,0.0,0.0,0.0,0.0,14.35,0.0,92603.11,110708.05
sz399366,2714.82,2646.6,2717.37,2635.98,96342436.0,1.49,2674.84,9217819.0,0.0,0.0,0.0,0.0,16.69,0.0,57945.98,69995.18
sz399232,2257.51,2200.74,2261.97,2189.89,5937511.0,0.98,2235.61,939953.0,0.0,0.0,0.0,0.0,39.23,0.0,2576.92,3243.06
sz399009,5261.75,5155.61,5264.46,5138.72,54885165.0,1.41,5188.59,9062536.0,0.0,0.0,0.0,0.0,24.86,0.0,49608.47,63957.46
sz399333,11224.03,10947.75,11254.84,10911.47,34765861.0,1.76,11029.76,9330743.0,0.0,0.0,0.0,0.0,33.11,0.0,63311.65,82031.56
sz399370,6552.28,6362.65,6565.24,6343.6,94691088.0,2.34,6402.3,28657438.0,0.0,0.0,0.0,0.0,31.44,0.0,211518.23,253430.01
sz399972,7070.23,6911.17,7092.96,6892.43,46178254.0,1.71,6951.31,14845742.0,0.0,0.0,0.0,0.0,27.71,0.0,122493.48,150381.16
sz399429,1495.6,1463.01,1495.71,1459.57,24674791.0,1.38,1475.2,3823328.0,0.0,0.0,0.0,0.0,25.64,0.0,19155.54,22243.61
sz399994,1806.34,1780.6,1807.71,1769.98,15190186.0,0.68,1794.22,2889716.0,0.0,0.0,0.0,0.0,52.49,0.0,19476.18,22733.1
sz399617,16985.22,16961.47,17099.8,16886.88,4121505.0,0.15,16960.02,2015570.0,0.0,0.0,0.0,0.0,31.74,0.0,26474.09,34157.66
sz399975,792.17,785.14,795.31,784.82,14474899.0,0.2,790.61,2135245.0,0.0,0.0,0.0,0.0,20.71,0.0,24574.77,34562.35
sz399395,6040.32,5781.69,6058.05,5724.82,41913426.0,3.04,5861.98,6149915.0,0.0,0.0,0.0,0.0,40.54,0.0,16798.98,20145.92
sz399337,7046.92,6840.61,7066.21,6811.33,30010190.0,2.46,6877.93,12904468.0,0.0,0.0,0.0,0.0,40.5,0.0,82420.87,113366.77
sz399935,5848.47,5723.4,5863.91,5687.85,37722290.0,1.13,5783.15,8860052.0,0.0,0.0,0.0,0.0,46.64,0.0,50628.42,61200.86
sz399698,24118.52,23893.63,24157.94,23824.53,4113602.0,0.54,23988.45,393083.0,0.0,0.0,0.0,0.0,19.72,0.0,2333.94,3350.63
sz399276,7707.54,7400.89,7725.46,7361.94,9595680.0,3.55,7443.47,5972173.0,0.0,0.0,0.0,0.0,77.86,0.0,32787.43,44070.92
sz399388,5842.45,5651.39,5854.01,5622.91,53694674.0,2.31,5710.67,13676125.0,0.0,0.0,0.0,0.0,44.17,0.0,69167.29,82352.21
sz399364,12855.73,12500.49,12887.07,12466.64,40290332.0,2.23,12575.86,16132676.0,0.0,0.0,0.0,0.0,37.45,0.0,130836.58,152336.95
sz399300,5140.49,5052.42,5152.77,5045.41,148549060.0,1.13,5083.1,33673140.0,0.0,0.0,0.0,0.0,14.54,0.0,392433.1,507448.94
sz399696,3537.6,3400.4,3540.68,3380.52,31910484.0,3.24,3426.46,6468163.0,0.0,0.0,0.0,0.0,47.52,0.0,20704.73,25900.09
