,kaipan_price,kaipan_money
sh600000,10.45,6475864.999999999
sh600004,12.7,364489.99999999994
sh600006,6.2,967200.0
sh600007,12.26,4904.0
sh600008,3.06,222767.99999999997
sh600009,55.95,3105225.0
sh600010,1.57,5973536.0
sh600011,4.11,1081341.0000000002
sh600012,7.28,143416.0
sh600015,6.25,559375.0
sh600016,4.92,1312656.0
sh600017,2.82,66270.0
sh600018,4.56,550000.0
sh600019,8.21,1486831.0000000002
sh600020,3.34,90000.0
sh600021,7.33,381893.0
sh600022,1.75,1103550.0
sh600023,3.7,374440.0
sh600025,6.02,1992619.9999999998
sh600026,6.41,176275.0
sh600027,3.45,170000.0
sh600028,4.38,4019526.0
sh600029,6.68,2541740.0
sh600030,23.41,3290000.0
sh600031,32.48,73719856.0
sh600033,2.68,871536.0
sh600035,2.88,10368.0
sh600036,49.72,23980000.0
sh600037,9.4,389160.00000000006
sh600038,51.62,299396.0
sh600039,6.61,220000.0
sh600048,14.4,3261600.0
sh600050,4.14,1186938.0
sh600051,7.98,49476.00000000001
sh600052,3.39,1071918.0
sh600053,17.33,143839.0
sh600054,10.9,190750.0
sh600055,12.68,100000.0
sh600056,12.9,166410.0
sh600057,6.64,185919.99999999997
sh600058,8.08,426624.0
sh600059,11.25,410000.0
sh600060,11.68,469535.99999999994
sh600061,12.64,466416.0
sh600062,11.56,250000.0
sh600063,4.23,210000.0
sh600064,9.76,347456.0
sh600066,14.5,152250.0
sh600067,3.37,10784.0
sh600068,7.39,305207.0
sh600070,6.48,110160.00000000001
sh600071,13.57,48852.0
sh600072,11.62,380000.0
sh600073,8.24,40376.0
sh600075,7.23,338364.00000000006
sh600076,4.27,48250.99999999999
sh600077,2.63,24722.0
sh600078,3.11,150000.0
sh600079,33.76,310000.0
sh600080,5.99,1198.0
sh600081,10.96,243312.00000000003
sh600082,2.96,29008.0
sh600083,6.5,6500.0
sh600084,2.5,0.0
sh600085,27.94,3886454.0
sh600086,0.16,0.0
sh600088,11.7,595529.9999999999
sh600089,11.13,5311236.0
sh600090,1.66,490000.0
sh600091,1.8,19260.0
sh600093,8.34,447858.0
sh600094,3.6,206640.0
sh600095,8.17,354578.0
sh600096,8.21,6124660.000000001
sh600097,9.85,668815.0
sh600098,6.01,155659.0
sh600099,6.47,277563.0
sh600100,5.78,12138.000000000002
sh600101,5.6,101359.99999999999
sh600103,2.15,162540.0
sh600104,19.78,2274700.0
sh600105,3.12,60840.0
sh600106,2.66,26600.0
sh600107,8.1,622890.0
sh600108,2.75,143275.0
sh600109,12.53,1362010.9999999998
sh600110,6.75,478575.0
sh600111,19.33,8781618.999999998
sh600112,1.39,44897.0
sh600113,6.22,177269.99999999997
sh600114,7.42,18550.0
sh600115,5.58,294066.0
sh600116,8.86,43414.0
sh600117,4.18,1130690.0
sh600118,32.18,2284780.0
sh600119,6.55,0.0
sh600120,5.79,217125.0
sh600121,5.64,5151575.999999999
sh600122,1.22,649528.0
sh600123,5.58,585900.0
sh600125,5.2,70000.0
sh600126,6.11,370877.0
sh600127,8.92,297928.0
sh600128,6.64,683920.0
sh600129,14.63,137522.0
sh600130,3.36,43680.0
sh600131,14.48,37648.0
sh600132,123.4,765080.0
sh600133,5.81,27888.0
sh600135,6.09,280140.0
sh600136,6.15,70110.0
sh600137,13.55,5420.0
sh600138,12.81,821121.0000000001
sh600139,2.8,107800.0
sh600141,14.25,589950.0
sh600143,20.05,5335305.0
sh600145,1.41,19739.999999999996
sh600146,1.39,853737.9999999999
sh600148,13.23,101871.0
sh600149,5.5,5989500.0
sh600150,16.3,3714770.0000000005
sh600151,7.07,53732.00000000001
sh600152,6.2,620.0
sh600153,8.34,99246.0
sh600155,9.96,892416.0
sh600156,3.82,16044.0
sh600157,1.6,15099040.0
sh600158,11.58,419196.0
sh600159,2.45,96530.0
sh600160,8.81,435214.00000000006
sh600161,36.31,1474186.0
sh600162,1.88,96820.0
sh600163,4.63,52318.99999999999
sh600165,5.53,11060.0
sh600166,4.06,1246014.0
sh600167,9.8,1306340.0000000002
sh600168,6.95,68110.0
sh600169,2.29,286021.0
sh600170,2.94,283416.0
sh600171,16.4,3937639.9999999995
sh600172,3.26,319154.0
sh600173,4.81,86580.0
sh600176,18.56,2550144.0
sh600177,7.8,1021800.0
sh600178,6.96,183048.0
sh600179,4.65,69750.0
sh600180,5.28,25344.0
sh600182,14.71,50014.00000000001
sh600183,24.3,2690000.0
sh600184,10.09,15135.0
sh600185,6.33,2002179.0
sh600186,2.74,24386.0
sh600187,2.44,43920.0
sh600188,13.95,2428694.9999999995
sh600189,11.25,1611000.0
sh600190,2.93,54498.0
sh600191,3.18,470640.00000000006
sh600192,4.18,0.0
sh600193,6.72,47712.0
sh600195,11.6,419920.0
sh600196,40.81,2060905.0000000002
sh600197,22.65,4672695.0
sh600198,6.2,93620.0
sh600199,13.01,4969820.0
sh600200,6.3,17544240.0
sh600201,20.16,340000.0
sh600202,4.81,6569017.0
sh600203,8.02,20000.0
sh600206,11.42,830000.0
sh600207,5.55,18315.0
sh600208,3.1,700000.0
sh600209,4.31,12929.999999999998
sh600210,4.69,100366.00000000001
sh600211,46.35,88065.0
sh600212,3.78,39690.0
sh600213,6.5,107250.0
sh600215,6.75,10000.0
sh600216,13.58,236292.0
sh600217,5.12,36352.0
sh600218,9.25,925000.0
sh600219,3.73,11155684.0
sh600220,2.42,1218712.0
sh600221,1.76,2089296.0
sh600222,5.87,162599.0
sh600223,13.4,3458540.0
sh600225,1.69,10000.0
sh600226,2.39,771253.0000000001
sh600227,2.73,37128.0
sh600228,11.77,1051060.9999999998
sh600229,6.33,0.0
sh600230,10.52,275624.0
sh600231,3.17,2153381.0
sh600232,5.05,0.0
sh600233,10.38,160000.0
sh600234,9.71,67970.0
sh600235,5.52,135240.0
sh600236,5.31,11151.0
sh600237,6.04,668628.0
sh600238,9.5,1261600.0
sh600239,2.18,92432.0
sh600241,3.21,642.0
sh600242,2.75,33275.0
sh600243,3.04,304.0
sh600246,7.94,493074.00000000006
sh600247,0.65,0.0
sh600248,4.3,31389.999999999996
sh600249,5.18,261589.99999999997
sh600250,4.9,330000.0
sh600251,6.9,1237860.0
sh600252,2.83,158197.0
sh600255,2.32,140824.0
sh600256,3.08,976976.0
sh600257,7.28,51173304.0
sh600258,26.15,1120000.0
sh600259,36.5,1073100.0
sh600260,8.47,155001.00000000003
sh600261,3.88,97776.0
sh600262,15.4,0.0
sh600265,15.92,11144.0
sh600266,4.98,218622.00000000003
sh600267,14.49,70000.0
sh600268,6.58,118440.00000000001
sh600269,3.68,170000.0
sh600271,12.42,120474.0
sh600272,6.86,85064.0
sh600273,9.47,152467.0
sh600275,2.84,93152.0
sh600276,82.35,30173039.999999996
sh600277,3.12,610000.0
sh600278,8.55,9405.000000000002
sh600279,3.7,1549560.0
sh600280,4.38,31098.0
sh600281,3.75,42000.0
sh600282,4.35,2410000.0
sh600283,10.78,215600.0
sh600284,6.08,124640.00000000001
sh600285,8.9,80000.0
sh600287,5.66,280000.0
sh600288,11.99,110000.0
sh600289,3.83,1532.0
sh600290,3.41,1994850.0
sh600291,2.95,121245.0
sh600292,7.6,4841960.0
sh600293,2.27,529818.0
sh600295,18.01,17919950.000000004
sh600297,3.03,2164935.0
sh600298,58.5,1719900.0
sh600299,12.05,90375.0
sh600300,3.76,1470000.0
sh600301,6.36,0.0
sh600302,4.81,20000.0
sh600303,3.8,104120.0
sh600305,18.36,640000.0
sh600306,8.36,47652.0
sh600307,1.99,775105.0
sh600308,5.73,37245.00000000001
sh600309,104.9,8161220.000000001
sh600310,4.72,798624.0
sh600311,1.52,1337752.0
sh600312,6.46,17442.0
sh600313,4.69,164150.00000000003
sh600315,44.0,1500400.0
sh600316,32.84,410500.0
sh600317,2.6,0.0
sh600318,7.01,100000.0
sh600319,4.36,159140.0
sh600320,3.31,410000.0
sh600321,2.02,492274.0
sh600322,2.1,69090.0
sh600323,25.36,309392.0
sh600325,6.3,1481760.0
sh600326,7.18,280000.0
sh600327,4.21,2040166.0
sh600328,8.34,425339.99999999994
sh600329,18.8,157920.0
sh600330,8.38,257266.00000000003
sh600331,2.03,466087.99999999994
sh600332,27.3,70000.0
sh600333,5.0,51000.0
sh600335,5.27,106981.0
sh600336,6.75,220000.0
sh600337,5.16,480000.0
sh600338,10.55,1200000.0
sh600339,2.88,796032.0
sh600340,6.4,936320.0000000001
sh600343,9.6,71040.0
sh600345,14.76,109224.0
sh600346,29.72,4793836.0
sh600348,5.33,710000.0
sh600350,6.99,930369.0
sh600351,5.08,155448.0
sh600352,13.8,1052940.0
sh600353,4.88,70000.0
sh600354,4.16,36608.00000000001
sh600355,2.24,70560.0
sh600356,7.87,9444.0
sh600358,3.38,0.0
sh600359,7.69,266074.0
sh600360,6.83,278664.0
sh600361,3.91,220133.0
sh600362,26.2,58850000.0
sh600363,23.1,415800.0
sh600365,2.62,26724.0
sh600366,6.62,70834.0
sh600367,8.19,893528.9999999999
sh600368,3.71,1136002.0
sh600369,4.62,151074.0
sh600370,3.19,638.0
sh600371,11.4,165300.0
sh600372,14.82,394212.0
sh600373,11.08,644856.0
sh600375,6.92,10000.0
sh600376,5.81,36603.0
sh600377,9.97,104685.00000000001
sh600378,21.0,308700.0
sh600379,8.31,455388.0
sh600380,13.24,1034044.0
sh600381,5.74,300000.0
sh600382,5.57,36205.0
sh600383,11.57,1130000.0
sh600385,5.16,516.0
sh600386,3.64,0.0
sh600387,5.8,232579.99999999997
sh600388,8.73,157140.0
sh600389,22.86,683514.0
sh600390,6.31,63100.0
sh600391,17.66,8830.0
sh600392,15.68,5942720.0
sh600393,2.49,61016205.00000001
sh600395,7.06,263337.99999999994
sh600396,2.55,46920.0
sh600397,2.57,120276.0
sh600398,6.6,389400.0
sh600399,13.62,23207118.0
sh600400,3.11,7464.0
sh600403,4.49,1100948.0000000002
sh600405,6.13,10318016.0
sh600406,30.55,1429740.0
sh600408,3.06,126072.0
sh600409,11.0,1802900.0
sh600410,7.06,127785.99999999999
sh600415,4.97,419964.99999999994
sh600416,17.89,139542.0
sh600418,8.29,564549.0
sh600419,13.95,694710.0
sh600420,9.7,607220.0
sh600421,10.03,0.0
sh600422,8.78,2724433.9999999995
sh600423,2.74,2097744.0
sh600425,3.87,650000.0
sh600426,35.64,1910304.0
sh600428,4.14,2375946.0
sh600429,5.15,1620000.0
sh600433,5.02,10040.0
sh600435,7.97,321191.0
sh600436,313.66,4579436.0
sh600438,32.15,8825175.0
sh600439,2.64,331056.0
sh600444,9.13,5478.0
sh600446,13.5,110700.0
sh600448,3.31,30000.0
sh600449,14.39,20000.0
sh600452,18.65,180000.0
sh600455,19.79,15832.0
sh600456,38.05,403330.0
sh600458,8.31,98058.0
sh600459,21.98,470372.0
sh600460,28.01,11509309.000000002
sh600461,6.7,56950.0
sh600462,2.32,0.0
sh600463,6.46,3876.0
sh600466,4.01,625158.9999999999
sh600467,2.72,1091264.0000000002
sh600468,3.99,30000.0
sh600469,5.05,141400.0
sh600470,4.28,133108.00000000003
sh600475,12.61,66833.0
sh600476,9.82,16694.0
sh600477,3.87,110000.0
sh600478,3.76,1015200.0
sh600479,9.31,1652525.0
sh600480,7.9,10270.0
sh600481,4.79,490000.0
sh600482,16.69,65091.00000000001
sh600483,9.3,166470.0
sh600485,1.39,0.0
sh600486,116.3,523350.0
sh600487,12.09,303459.0
sh600488,5.04,425880.0
sh600489,8.53,6156953.999999999
sh600490,4.25,1820275.0
sh600491,5.05,9090.0
sh600493,5.08,52832.00000000001
sh600495,3.89,24507.000000000004
sh600496,4.96,1001424.0
sh600497,4.87,4836884.0
sh600498,18.27,246644.99999999997
sh600499,9.76,3217871.9999999995
sh600500,5.37,86457.0
sh600501,8.67,72828.0
sh600502,3.96,201960.0
sh600503,3.57,17492.999999999996
sh600505,6.7,136010.0
sh600506,7.77,2047394.9999999998
sh600507,9.6,2860000.0
sh600508,9.53,80052.0
sh600509,6.04,1177800.0
sh600510,6.63,40000.0
sh600511,32.45,369930.0
sh600512,2.73,782418.0
sh600513,9.16,429604.0
sh600515,9.62,233766.0
sh600516,9.12,1790000.0
sh600517,6.56,1210000.0
sh600518,2.06,180000.0
sh600519,2021.0,73766500.0
sh600520,7.23,0.0
sh600521,18.84,955187.9999999999
sh600522,10.62,438605.99999999994
sh600523,13.79,151690.0
sh600525,5.28,30000.0
sh600526,6.25,1390000.0
sh600527,2.7,2645190.0
sh600528,8.55,205200.0
sh600529,38.52,450000.0
sh600530,2.93,133901.0
sh600531,5.96,4351396.0
sh600532,15.01,28519.0
sh600533,3.03,8180.999999999999
sh600535,13.27,339712.0
sh600536,51.01,500000.0
sh600537,3.61,33572.99999999999
sh600538,7.25,289275.0
sh600539,7.39,0.0
sh600540,5.74,1357510.0
sh600543,7.09,960000.0
sh600545,3.18,51834.0
sh600546,6.2,851260.0
sh600547,20.0,3572000.0
sh600548,10.49,100000.0
sh600549,18.1,1743030.0000000002
sh600550,4.14,108467.99999999999
sh600551,7.27,65429.99999999999
sh600552,7.95,220000.0
sh600555,1.64,84788.0
sh600556,9.84,87576.0
sh600557,9.87,12831.0
sh600558,3.11,397147.0
sh600559,20.79,2122659.0
sh600560,8.66,0.0
sh600561,4.23,0.0
sh600562,14.02,100944.0
sh600563,113.5,488050.0
sh600565,3.0,96300.0
sh600566,19.35,356040.0
sh600567,3.53,630000.0
sh600568,1.76,207856.0
sh600569,3.65,13200000.0
sh600570,82.98,1833858.0000000002
sh600571,7.47,110556.0
sh600572,4.17,127184.99999999999
sh600573,9.44,190000.0
sh600575,2.16,533520.0000000001
sh600576,6.0,1382400.0
sh600577,3.56,7120.0
sh600578,3.28,1059767.9999999998
sh600579,4.78,8126.000000000001
sh600580,10.51,260000.0
sh600581,4.6,1047879.9999999999
sh600582,3.38,29406.0
sh600583,4.38,639480.0
sh600584,35.6,4260000.0
sh600585,49.98,2950000.0
sh600586,6.47,834629.9999999999
sh600587,13.6,159120.0
sh600588,36.5,1832300.0
sh600589,2.73,3276.0
sh600590,5.64,550000.0
sh600592,10.6,70000.0
sh600593,23.21,170000.0
sh600594,5.7,690840.0
sh600595,3.09,0.0
sh600596,12.12,1384104.0
sh600597,18.38,1516350.0
sh600598,15.37,201346.99999999997
sh600599,5.14,0.0
sh600600,86.96,617416.0
sh600601,3.55,45795.0
sh600602,5.75,44275.0
sh600603,4.81,71188.0
sh600604,5.96,139464.0
sh600605,12.8,0.0
sh600606,5.49,271206.0
sh600608,4.2,28980.0
sh600609,4.52,6327.999999999999
sh600610,7.42,283444.0
sh600611,3.55,313110.0
sh600612,56.66,373956.0
sh600613,4.55,22750.0
sh600614,0.74,0.0
sh600615,6.1,0.0
sh600616,6.54,389130.0
sh600617,3.95,13035.0
sh600618,8.17,131537.0
sh600619,7.46,592324.0
sh600620,6.22,18660.0
sh600621,15.12,178416.0
sh600622,3.22,80000.0
sh600623,7.35,499064.99999999994
sh600624,6.94,81198.0
sh600626,3.92,70168.0
sh600628,8.46,43146.0
sh600629,7.12,0.0
sh600630,5.0,0.0
sh600633,7.41,12597.0
sh600634,0.82,0.0
sh600635,3.74,110000.0
sh600636,11.0,33000.0
sh600637,9.29,479363.99999999994
sh600638,5.81,0.0
sh600639,12.2,50000.0
sh600640,11.82,313230.0
sh600641,12.74,89180.0
sh600642,5.63,340052.0
sh600643,6.88,76368.0
sh600644,5.85,1800000.0
sh600645,18.41,160167.0
sh600647,10.98,410000.0
sh600648,14.04,1537380.0
sh600649,5.02,33132.0
sh600650,10.03,43129.0
sh600651,3.72,8220000.0
sh600652,1.62,95094.0
sh600653,1.69,90583.99999999999
sh600654,1.56,0.0
sh600655,11.49,3052893.0
sh600657,3.75,30375.0
sh600658,4.91,0.0
sh600660,45.19,10515712.999999998
sh600661,14.48,27512.0
sh600662,8.92,348772.0
sh600663,11.08,280000.0
sh600664,2.75,24475.0
sh600665,3.1,169260.0
sh600666,1.55,130000.0
sh600667,8.13,174795.00000000003
sh600668,13.7,40000.0
sh600671,8.36,836.0
sh600673,4.86,79704.00000000001
sh600674,11.88,207900.0
sh600675,3.35,37185.0
sh600676,4.46,149410.0
sh600677,3.01,0.0
sh600678,5.56,53376.0
sh600679,12.11,33908.0
sh600681,5.0,104000.0
sh600682,9.27,54692.99999999999
sh600683,4.61,184861.0
sh600684,2.88,40000.0
sh600685,24.8,332320.0
sh600686,7.02,200069.99999999997
sh600687,0.3,0.0
sh600688,3.68,286304.0
sh600689,6.61,0.0
sh600690,31.55,1202055.0
sh600691,3.06,2501856.0
sh600692,7.45,60000.0
sh600693,4.39,187891.99999999997
sh600694,20.8,507520.0
sh600695,3.46,107952.0
sh600696,17.88,14304.0
sh600697,13.2,10000.0
sh600698,2.58,27090.000000000004
sh600699,18.42,1451496.0
sh600701,0.32,324640.0
sh600702,104.0,7342400.0
sh600703,23.63,2500053.9999999995
sh600704,4.72,70328.0
sh600705,3.94,605578.0
sh600706,7.71,177330.0
sh600707,10.85,33018720.0
sh600708,2.47,7410.000000000001
sh600710,6.56,16832959.999999996
sh600711,6.55,2544675.0
sh600712,4.12,4465668.0
sh600713,4.31,43099.99999999999
sh600714,6.17,170000.0
sh600715,2.8,1742159.9999999998
sh600716,4.08,88944.0
sh600717,4.92,168264.0
sh600718,9.15,164700.0
sh600719,3.62,77106.0
sh600720,14.45,1663195.0
sh600721,3.35,100500.0
sh600722,6.02,694708.0
sh600723,8.43,10959.0
sh600724,3.76,27824.0
sh600725,1.84,0.0
sh600726,2.22,33966.0
sh600727,6.82,20460.000000000004
sh600728,6.4,1889280.0
sh600729,30.94,3094.0
sh600730,4.34,1302.0
sh600731,10.27,4108.0
sh600732,10.8,500000.0
sh600733,12.0,98980000.0
sh600734,1.92,2560703.9999999995
sh600735,7.49,66022852.0
sh600736,4.44,17316.000000000004
sh600737,9.31,835107.0
sh600738,5.95,0.0
sh600739,21.57,355905.0
sh600740,6.13,560282.0
sh600741,26.67,410000.0
sh600742,9.52,39984.0
sh600743,2.15,53319.99999999999
sh600744,5.94,5502816.0
sh600745,96.08,1780000.0
sh600746,13.19,2130185.0
sh600748,4.69,58625.0
sh600749,10.97,168938.0
sh600750,10.51,12612.0
sh600751,2.06,1141034.0
sh600753,23.85,9540.0
sh600754,55.06,253276.00000000003
sh600755,6.75,625725.0
sh600756,12.73,145122.0
sh600757,5.55,2419800.0
sh600758,3.06,291006.0
sh600759,2.04,482256.00000000006
sh600760,62.85,1445550.0
sh600761,12.67,140000.0
sh600763,282.78,6928109.999999999
sh600764,27.0,97200.0
sh600765,17.31,1087067.9999999998
sh600766,4.77,1443401.9999999998
sh600767,3.92,103487.99999999999
sh600768,8.27,132319.99999999997
sh600769,7.24,17190656.0
sh600770,5.24,142528.0
sh600771,17.73,771255.0
sh600773,9.55,615975.0000000001
sh600774,15.31,62771.0
sh600775,6.77,40000.0
sh600776,11.41,374248.0
sh600777,1.56,251160.0
sh600778,3.52,43296.0
sh600779,95.98,6689806.0
sh600780,4.07,614163.0
sh600781,2.64,50000.0
sh600782,6.48,2126088.0
sh600783,12.75,65025.0
sh600784,5.23,82111.0
sh600785,11.97,21546.0
sh600787,5.6,606479.9999999999
sh600789,7.42,203308.0
sh600790,3.25,21450.0
sh600791,3.73,57441.99999999999
sh600792,3.91,460000.0
sh600793,11.46,107724.0
sh600794,3.52,55264.0
sh600795,2.24,248640.0
sh600796,4.84,0.0
sh600797,6.52,75632.0
sh600798,4.94,1349114.0000000002
sh600800,4.94,5434.0
sh600801,22.72,550000.0
sh600802,7.9,194340.0
sh600803,17.68,113152.0
sh600804,5.95,301070.0
sh600805,3.73,34316.0
sh600807,3.35,38190.0
sh600808,3.65,652985.0
sh600809,357.27,13897803.0
sh600810,10.52,305080.0
sh600811,3.26,272862.0
sh600812,8.79,40000.0
sh600814,8.31,21846159.000000004
sh600815,2.82,2082287.9999999998
sh600816,2.05,370000.0
sh600817,16.46,0.0
sh600818,9.41,1305167.0
sh600819,5.28,38016.0
sh600820,5.33,35711.0
sh600821,4.3,360000.0
sh600822,9.63,0.0
sh600823,4.28,170000.0
sh600824,3.73,52220.00000000001
sh600825,4.32,22896.0
sh600826,8.75,176750.0
sh600827,20.42,3569416.0000000005
sh600828,3.8,3255460.0
sh600829,6.26,10000.0
sh600830,4.8,13919.999999999998
sh600831,5.77,418901.99999999994
sh600833,9.72,86508.0
sh600834,10.14,1440000.0
sh600835,18.49,120184.99999999999
sh600836,4.75,243200.0
sh600837,10.8,1211760.0
sh600838,6.43,161392.99999999997
sh600839,2.58,350622.0
sh600841,9.63,259047.00000000003
sh600843,5.77,2659392.9999999995
sh600844,4.24,501592.0
sh600845,61.58,1120756.0
sh600846,9.72,53460.0
sh600847,9.47,1660000.0
sh600848,18.51,185100.00000000003
sh600850,27.43,320000.0
sh600851,9.02,930000.0
sh600853,2.65,46640.0
sh600854,3.51,39663.0
sh600855,13.35,73425.0
sh600856,1.46,3810000.0
sh600857,10.12,70000.0
sh600858,6.1,0.0
sh600859,32.5,799500.0
sh600860,4.97,98903.0
sh600861,14.81,70000.0
sh600862,27.35,131280.00000000003
sh600863,2.45,31605.0
sh600864,5.81,254477.99999999997
sh600865,7.78,376552.0
sh600866,4.1,107009.99999999999
sh600867,12.15,3056940.0
sh600868,3.09,385941.0
sh600869,3.65,158045.0
sh600870,3.17,19337.0
sh600871,2.04,198084.0
sh600872,52.2,6310000.0
sh600873,5.85,1358370.0
sh600874,6.31,49848.99999999999
sh600875,11.92,586464.0
sh600876,16.68,133440.0
sh600877,15.0,1854000.0
sh600879,6.93,860000.0
sh600880,4.12,13184.0
sh600881,2.89,69360.0
sh600882,61.78,345968.0
sh600883,8.66,171468.0
sh600884,13.25,1050725.0
sh600885,52.0,1778400.0
sh600886,10.08,422352.00000000006
sh600887,38.7,7400000.0
sh600888,6.29,0.0
sh600889,4.69,40000.0
sh600890,3.09,926691.0
sh600891,0.33,201696.0
sh600892,4.1,13529.999999999998
sh600893,42.2,2890700.0000000005
sh600894,8.19,42588.0
sh600895,17.3,1529320.0
sh600896,5.99,4912998.0
sh600897,18.51,35169.00000000001
sh600898,5.62,35406.0
sh600900,20.38,2093025.9999999998
sh600901,5.7,64980.00000000001
sh600903,9.68,92928.0
sh600908,5.95,1015665.0
sh600909,6.14,1579822.0
sh600917,9.36,2250000.0
sh600918,13.13,349258.00000000006
sh600919,6.15,768135.0
sh600926,15.2,858800.0
sh600928,4.93,40000.0
sh600929,6.29,350000.0
sh600933,14.88,69936.0
sh600936,3.02,83050.0
sh600939,3.53,706.0
sh600956,14.39,8120000.0
sh600958,8.75,446250.0
sh600959,3.22,118174.0
sh600960,4.03,3775304.0
sh600961,6.33,160000.0
sh600962,7.06,0.0
sh600963,5.43,1293426.0
sh600965,5.38,11298.0
sh600966,16.17,738969.0
sh600967,10.08,220000.0
sh600968,2.51,370000.0
sh600969,6.64,8632.0
sh600970,8.96,73472.0
sh600971,6.12,970000.0
sh600973,4.13,30149.0
sh600975,6.83,210364.0
sh600976,30.12,1048176.0
sh600977,13.77,287793.0
sh600978,0.52,0.0
sh600979,3.12,420000.0
sh600980,16.19,441987.00000000006
sh600981,2.97,170000.0
sh600982,3.5,396200.0
sh600983,8.69,119922.0
sh600984,12.74,863771.9999999999
sh600985,10.87,571762.0
sh600986,4.38,406464.0
sh600987,5.59,50000.0
sh600988,15.45,8449605.0
sh600989,15.82,570000.0
sh600990,42.56,59584.0
sh600992,6.34,90000.0
sh600993,17.97,530000.0
sh600995,6.72,12768.0
sh600996,4.9,51940.00000000001
sh600997,6.62,1340000.0
sh600998,17.39,69560.0
sh600999,18.3,2089860.0000000002
sh601000,2.65,287525.0
sh601001,5.14,444096.0
sh601002,5.14,10000.0
sh601003,7.29,397305.0
sh601005,2.38,18550000.0
sh601006,6.84,4831776.0
sh601007,8.14,35002.00000000001
sh601008,4.05,84240.0
sh601009,9.23,928538.0000000001
sh601010,3.03,59388.0
sh601011,4.03,60000.0
sh601012,86.22,24693408.0
sh601015,6.56,1627535.9999999998
sh601016,4.09,1084668.0
sh601018,4.1,127100.0
sh601019,6.22,176026.0
sh601020,8.66,1128398.0
sh601021,58.75,505250.0
sh601028,18.4,64400.0
sh601038,10.4,312000.0
sh601058,9.99,1598400.0
sh601066,30.08,1876991.9999999998
sh601068,3.17,24726.0
sh601069,13.01,940000.0
sh601077,4.12,230000.0
sh601086,3.93,4716.0
sh601088,19.76,1460264.0000000002
sh601098,10.8,254880.00000000003
sh601099,3.45,2191785.0
sh601100,86.42,3517294.0
sh601101,4.01,265862.99999999994
sh601106,2.82,210000.0
sh601107,3.27,17658.0
sh601108,10.64,930000.0
sh601111,8.83,177483.0
sh601113,3.81,8905875.0
sh601116,10.04,310235.99999999994
sh601117,6.69,3030570.0
sh601118,5.34,420000.0
sh601126,7.92,210000.0
sh601127,30.26,7650000.0
sh601128,7.18,264224.0
sh601137,10.3,210000.0
sh601138,14.29,1614770.0
sh601139,7.07,260883.0
sh601155,48.02,1170000.0
sh601158,5.45,280000.0
sh601162,4.98,926778.0000000001
sh601163,16.32,176256.0
sh601166,20.89,30658164.0
sh601168,13.8,15083400.0
sh601169,4.73,1458259.0000000002
sh601177,7.0,0.0
sh601179,4.2,162960.0
sh601186,7.95,790000.0
sh601187,9.08,67192.0
sh601188,2.75,10000.0
sh601198,10.76,160000.0
sh601199,3.87,311922.0
sh601200,11.16,100000.0
sh601208,13.16,211876.00000000003
sh601211,15.94,2030000.0
sh601212,2.76,3398111.9999999995
sh601216,5.65,2795620.0
sh601218,4.07,30000.0
sh601222,6.76,164267.99999999997
sh601225,11.24,2250000.0
sh601226,4.07,407.0
sh601228,3.29,57904.0
sh601229,8.31,953157.0
sh601231,18.65,382324.99999999994
sh601233,20.05,6105225.0
sh601236,13.64,100000.0
sh601238,10.54,1413414.0
sh601258,1.49,950000.0
sh601288,3.35,1385560.0
sh601298,6.57,120231.0
sh601311,10.86,1490000.0
sh601318,75.79,32953492.000000004
sh601319,5.88,270000.0
sh601326,2.68,80000.0
sh601328,4.86,3020000.0
sh601330,8.86,192262.0
sh601333,2.27,41314.0
sh601336,45.7,3089320.0
sh601339,4.86,300348.0
sh601360,13.87,350000.0
sh601366,6.51,0.0
sh601368,5.33,158301.0
sh601369,8.08,203616.0
sh601375,4.37,1360000.0
sh601377,8.56,2690000.0
sh601388,3.84,2927232.0
sh601390,5.5,2157100.0
sh601398,5.42,3369072.0
sh601399,3.82,96645.99999999999
sh601456,14.54,849135.9999999999
sh601500,5.74,10000.0
sh601512,9.27,237312.0
sh601515,5.87,265911.0
sh601518,2.24,26432.000000000004
sh601519,8.01,84105.0
sh601555,8.82,241668.00000000003
sh601566,10.69,40622.0
sh601567,6.46,89794.0
sh601568,9.1,34580.0
sh601577,9.63,230000.0
sh601579,9.55,1277790.0000000002
sh601588,2.37,63279.00000000001
sh601595,12.09,42315.0
sh601598,4.69,747586.0
sh601599,3.13,31926.0
sh601600,4.32,9740000.0
sh601601,34.05,3272204.9999999995
sh601606,10.06,250000.0
sh601607,19.6,346920.0
sh601608,3.47,211323.0
sh601609,10.33,3645457.0
sh601611,8.06,2600000.0
sh601615,16.43,836286.9999999999
sh601616,3.23,30000.0
sh601618,3.42,2181960.0
sh601619,3.57,136374.0
sh601628,30.04,680000.0
sh601633,31.02,4578552.0
sh601636,12.99,3112404.0
sh601658,5.52,3230000.0
sh601666,5.76,400000.0
sh601668,5.19,2600000.0
sh601669,3.91,352682.0
sh601677,19.01,2313517.0
sh601678,5.93,8524375.0
sh601686,12.22,270000.0
sh601688,16.74,2413908.0
sh601689,34.54,1140000.0
sh601696,17.22,514878.0
sh601698,17.92,610000.0
sh601699,6.36,1220000.0
sh601700,4.54,60000.0
sh601702,8.01,2145879.0
sh601717,11.33,310000.0
sh601718,2.63,150000.0
sh601727,5.39,530000.0
sh601766,6.11,2080455.0
sh601777,5.54,190000.0
sh601778,6.23,233625.0
sh601788,15.75,1067850.0
sh601789,3.75,10000.0
sh601798,7.44,568416.0
sh601799,184.66,517047.99999999994
sh601800,6.79,494312.0
sh601801,5.0,130000.0
sh601808,14.28,1012452.0
sh601811,10.4,1129440.0
sh601816,5.76,594432.0
sh601818,3.89,1665309.0
sh601827,8.37,3733019.9999999995
sh601828,9.02,10000.0
sh601838,10.51,790000.0
sh601857,4.27,1180000.0
sh601858,10.23,40920.00000000001
sh601860,3.84,185088.0
sh601865,25.52,507847.99999999994
sh601866,2.94,621516.0
sh601869,24.31,77792.0
sh601872,4.9,318500.00000000006
sh601877,32.86,430466.0
sh601878,11.85,827129.9999999999
sh601880,1.74,520000.0
sh601881,9.86,172550.0
sh601882,13.25,119250.0
sh601886,7.22,167504.0
sh601888,285.27,12466299.0
sh601890,5.41,601051.0
sh601898,6.68,1100000.0
sh601899,10.57,98672007.0
sh601900,7.8,70000.0
sh601901,8.65,490000.0
sh601908,7.18,310000.0
sh601916,3.96,211067.99999999997
sh601918,3.42,1178532.0
sh601919,14.35,18781280.0
sh601928,6.72,180000.0
sh601929,1.87,30000.0
sh601933,6.41,2101198.0
sh601939,7.24,3130000.0
sh601949,7.68,65279.99999999999
sh601952,10.22,445592.0
sh601958,6.07,294395.0
sh601965,15.03,120000.0
sh601966,53.98,1047211.9999999999
sh601968,8.0,52000.0
sh601969,6.43,527903.0
sh601975,2.29,188009.0
sh601985,5.25,410000.0
sh601988,3.3,2813580.0
sh601989,4.13,670000.0
sh601990,9.36,800000.0
sh601991,2.66,448210.00000000006
sh601992,2.83,104993.0
sh601995,47.6,3090000.0
sh601996,3.19,10000.0
sh601997,7.88,1340000.0
sh601998,5.32,366548.0
sh601999,5.82,484224.0
sh603000,16.9,950000.0
sh603001,7.28,12376.0
sh603002,7.65,319005.0
sh603003,7.47,30000.0
sh603005,63.2,1706400.0
sh603006,9.41,10000.0
sh603007,4.78,10000.0
sh603008,24.96,170000.0
sh603009,5.42,0.0
sh603010,25.97,530000.0
sh603011,4.89,20000.0
sh603012,5.82,582.0
sh603013,14.17,21255.0
sh603015,5.94,594.0
sh603016,28.95,280000.0
sh603017,10.18,0.0
sh603018,11.25,32625.0
sh603019,29.0,1218000.0
sh603020,8.98,10000.0
sh603021,5.3,33920.0
sh603022,11.01,100000.0
sh603023,4.1,819.9999999999999
sh603025,19.89,800000.0
sh603026,81.0,36660000.0
sh603027,33.06,22431210.0
sh603028,11.88,23760.000000000004
sh603029,12.58,6290.0
sh603030,4.37,437.0
sh603031,27.38,8214.0
sh603032,12.88,391552.00000000006
sh603033,20.4,6120.0
sh603035,13.12,36680000.0
sh603036,8.13,24390.000000000004
sh603037,16.26,40650.00000000001
sh603038,12.82,11538.0
sh603039,95.32,200000.0
sh603040,26.89,129072.0
sh603041,13.5,1350.0
sh603042,12.12,21816.0
sh603043,38.3,430000.0
sh603045,11.18,5590.0
sh603050,12.44,636928.0
sh603053,10.75,811625.0
sh603055,5.99,118602.0
sh603056,12.15,95985.0
sh603058,7.35,0.0
sh603059,20.56,16448.0
sh603060,25.1,370000.0
sh603063,13.68,68400.0
sh603066,8.01,10000.0
sh603067,7.28,1121120.0
sh603068,55.23,60753.0
sh603069,18.28,1160000.0
sh603076,50.4,806400.0
sh603077,1.6,2210720.0
sh603078,28.0,780000.0
sh603079,21.27,436035.00000000006
sh603080,13.31,874467.0
sh603081,11.54,11540.0
sh603083,11.51,60000.0
sh603085,6.89,310000.0
sh603086,14.7,4409.999999999999
sh603087,126.8,1407480.0
sh603088,7.16,51552.0
sh603089,8.23,270000.0
sh603090,12.19,0.0
sh603093,15.64,150000.0
sh603095,23.43,152295.0
sh603096,49.94,4994.0
sh603098,18.23,1450000.0
sh603099,8.72,284272.0
sh603100,13.37,20000.0
sh603101,5.02,0.0
sh603103,15.22,54792.00000000001
sh603105,8.1,21060.0
sh603106,7.75,6230000.0
sh603108,11.94,100000.0
sh603109,22.45,125720.0
sh603110,39.67,19835.000000000004
sh603111,5.15,38110.0
sh603112,12.85,1752739.9999999998
sh603113,14.67,30861278.999999996
sh603115,14.75,19175.0
sh603116,6.18,23483.999999999996
sh603117,3.43,2401.0
sh603118,8.71,58357.00000000001
sh603121,10.1,141400.0
sh603123,7.26,620000.0
sh603126,10.17,1614996.0
sh603127,148.08,1870000.0
sh603128,12.29,99548.99999999999
sh603129,149.06,250000.0
sh603131,20.88,58464.0
sh603133,10.85,10850.0
sh603136,27.72,350000.0
sh603138,11.35,28375.0
sh603139,16.98,1541784.0
sh603155,36.03,28824.0
sh603156,25.75,70000.0
sh603157,2.02,173518.0
sh603158,16.7,20000.0
sh603159,13.05,50000.0
sh603160,104.7,960000.0
sh603161,15.81,279837.0
sh603165,13.25,42400.0
sh603166,6.56,70000.0
sh603167,8.46,129438.00000000001
sh603168,6.76,250000.0
sh603169,4.9,2382380.0000000005
sh603177,12.43,13672.999999999998
sh603178,8.74,10000.0
sh603179,30.25,27225.0
sh603180,69.9,580000.0
sh603181,18.31,54929.99999999999
sh603183,8.38,119834.00000000001
sh603185,119.91,2240000.0
sh603186,38.82,50466.0
sh603187,48.26,60000.0
sh603188,5.94,4752.0
sh603189,15.79,50528.0
sh603192,23.49,10000.0
sh603195,176.96,690144.0
sh603196,5.8,137460.0
sh603197,26.01,132651.0
sh603198,37.4,1585759.9999999998
sh603199,21.88,135656.0
sh603200,23.83,59575.0
sh603203,26.6,7980.000000000001
sh603208,113.31,45324.0
sh603212,27.96,70000.0
sh603214,25.7,9786560.0
sh603217,25.1,130520.0
sh603218,33.84,101520.0
sh603220,12.0,79200.0
sh603221,11.73,50000.0
sh603222,15.72,1928844.0000000002
sh603223,22.61,0.0
sh603225,16.15,92055.0
sh603226,8.56,29960.000000000004
sh603227,5.59,1611597.0
sh603228,26.75,40000.0
sh603229,37.28,63376.0
sh603232,19.93,2540000.0
sh603233,75.51,1313874.0000000002
sh603236,220.0,374000.0
sh603238,26.65,50000.0
sh603239,16.84,150000.0
sh603256,9.1,96459.99999999999
sh603258,27.15,510420.0
sh603259,136.2,20893080.0
sh603260,43.61,165718.0
sh603266,10.17,9153.0
sh603267,126.22,88354.0
sh603268,15.46,0.0
sh603269,11.55,1722105.0
sh603277,17.0,90100.0
sh603278,8.64,170000.0
sh603279,22.68,231336.0
sh603283,23.86,403233.99999999994
sh603286,14.1,87420.0
sh603288,171.0,5420000.0
sh603289,7.87,9444.0
sh603290,190.0,820000.0
sh603297,43.45,30000.0
sh603298,23.33,384945.0
sh603299,7.89,637512.0
sh603300,8.4,40000.0
sh603301,53.5,823900.0
sh603303,12.05,15665.0
sh603305,31.01,229474.00000000003
sh603306,23.62,7086.0
sh603308,26.24,160000.0
sh603309,12.9,40000.0
sh603311,11.34,10000.0
sh603313,31.86,388692.0
sh603315,12.84,60000.0
sh603316,6.68,668.0
sh603317,42.35,240000.0
sh603318,6.84,13680.000000000002
sh603319,31.33,140000.0
sh603320,11.18,173290.0
sh603321,7.28,10920.0
sh603322,15.35,13815.0
sh603323,4.63,169458.0
sh603326,12.25,40000.0
sh603327,15.78,80478.0
sh603328,6.92,22836.0
sh603329,11.73,35190.0
sh603330,25.37,20000.0
sh603331,10.3,38110.0
sh603332,18.1,124890.00000000001
sh603333,6.4,30000.0
sh603335,4.38,0.0
sh603336,9.67,1079172.0
sh603337,31.6,60000.0
sh603338,87.37,1370000.0
sh603339,9.3,10000.0
sh603345,232.57,511654.0
sh603348,25.0,715000.0
sh603351,21.56,20000.0
sh603353,42.19,220000.0
sh603355,36.61,150000.0
sh603356,10.99,51653.0
sh603357,9.27,150000.0
sh603358,22.75,20000.0
sh603359,16.71,1015968.0
sh603360,13.63,10000.0
sh603363,13.01,127498.0
sh603365,16.24,180000.0
sh603366,4.98,370000.0
sh603367,12.98,5192.0
sh603368,22.71,0.0
sh603369,51.11,1206196.0
sh603377,15.02,1920000.0
sh603378,56.55,200000.0
sh603379,16.49,10000.0
sh603380,21.48,100000.0
sh603383,26.5,320000.0
sh603385,11.43,22860.0
sh603386,17.21,960000.0
sh603387,33.17,550000.0
sh603388,6.16,139216.0
sh603389,3.97,0.0
sh603390,9.78,78240.0
sh603392,302.61,790000.0
sh603393,20.09,120000.0
sh603396,28.6,163020.0
sh603398,9.52,1632680.0
sh603399,4.13,190000.0
sh603408,16.68,1330000.0
sh603416,63.13,63130.00000000001
sh603421,8.92,290792.0
sh603429,29.38,76388.0
sh603439,20.56,4126392.0
sh603444,375.83,150000.0
sh603456,40.5,1460000.0
sh603458,16.2,192780.0
sh603466,21.18,2024807.9999999998
sh603477,17.5,3242750.0
sh603486,121.62,814854.0
sh603488,7.59,30000.0
sh603489,182.22,236886.0
sh603496,16.25,16250.0
sh603499,8.62,47410.0
sh603500,12.6,10080.0
sh603501,281.0,41540000.0
sh603505,25.1,205820.00000000003
sh603506,22.27,310000.0
sh603507,20.16,88704.0
sh603508,20.34,0.0
sh603515,27.48,60000.0
sh603516,26.45,58190.0
sh603517,78.17,800000.0
sh603518,5.75,28750.0
sh603519,16.3,10000.0
sh603520,64.0,2675200.0
sh603527,7.9,220000.0
sh603528,7.49,80000.0
sh603530,17.81,1780.9999999999998
sh603533,32.6,1004080.0000000001
sh603535,29.15,116600.0
sh603536,13.39,10000.0
sh603538,30.2,374480.0
sh603551,12.3,27060.000000000004
sh603555,2.83,3679.0
sh603556,12.76,57420.00000000001
sh603557,9.22,1090726.0
sh603558,8.46,19458.0
sh603559,12.69,5076.0
sh603565,29.91,8973.0
sh603566,20.01,174087.0
sh603567,13.8,0.0
sh603568,21.65,127734.99999999999
sh603569,7.21,15862.0
sh603577,8.98,49390.0
sh603578,20.3,54810.0
sh603579,33.0,66000.0
sh603580,10.82,10000.0
sh603583,61.58,0.0
sh603585,16.69,50000.0
sh603586,15.03,34569.0
sh603587,19.0,32300.0
sh603588,19.89,383877.0
sh603589,62.34,740000.0
sh603590,34.37,34370.0
sh603595,19.14,57420.00000000001
sh603596,30.36,160000.0
sh603598,12.02,441134.0
sh603599,27.21,73467.0
sh603600,11.92,330000.0
sh603601,10.88,433024.00000000006
sh603602,10.82,10000.0
sh603603,5.78,334084.0
sh603605,177.0,830000.0
sh603606,21.93,1482468.0
sh603607,15.58,1182522.0
sh603608,6.23,59808.00000000001
sh603609,11.65,64075.0
sh603610,27.45,200000.0
sh603611,12.49,210000.0
sh603612,18.37,810000.0
sh603613,140.17,880000.0
sh603615,9.05,544810.0
sh603616,5.98,636870.0000000001
sh603617,10.88,2176.0
sh603618,5.88,11760.0
sh603619,9.02,988592.0
sh603626,9.09,80000.0
sh603628,8.26,130000.0
sh603629,22.61,63307.99999999999
sh603630,16.71,260676.00000000003
sh603633,9.97,0.0
sh603636,10.03,109327.0
sh603637,7.48,10000.0
sh603638,56.91,110000.0
sh603639,24.55,49100.0
sh603648,8.13,143901.00000000003
sh603650,32.1,230000.0
sh603655,21.5,139750.0
sh603656,13.49,51262.0
sh603657,18.34,23842.0
sh603658,118.28,390324.0
sh603659,109.0,1155400.0
sh603660,7.44,2138256.0
sh603661,56.91,39837.0
sh603662,25.81,0.0
sh603663,14.3,10000.0
sh603665,15.59,20000.0
sh603666,91.33,639310.0
sh603667,8.27,0.0
sh603668,7.59,2504700.0
sh603669,8.84,33592.0
sh603676,8.3,130000.0
sh603677,10.73,0.0
sh603678,57.1,325470.0
sh603679,18.33,18330.0
sh603680,13.21,60000.0
sh603681,20.89,325884.0
sh603682,8.13,40000.0
sh603683,18.96,220000.0
sh603685,11.2,0.0
sh603686,16.5,475200.0
sh603687,8.63,10000.0
sh603688,17.35,32965.0
sh603689,10.02,40000.0
sh603690,31.06,121133.99999999999
sh603693,13.19,871859.0
sh603696,9.14,24678.000000000004
sh603697,16.43,70000.0
sh603698,15.37,493376.99999999994
sh603699,13.58,613816.0
sh603700,26.11,26110.000000000004
sh603701,8.0,8000.0
sh603703,13.37,10000.0
sh603706,14.15,210000.0
sh603707,37.32,3732.0
sh603708,19.79,360000.0
sh603709,21.4,200000.0
sh603711,20.94,50000.0
sh603712,35.55,561690.0
sh603713,127.5,190000.0
sh603716,14.19,7095.0
sh603717,10.15,20300.0
sh603718,14.82,632814.0
sh603719,47.24,113376.0
sh603721,15.19,17640000.0
sh603722,32.65,313439.99999999994
sh603725,7.73,39423.0
sh603726,12.2,1220.0
sh603727,16.55,150000.0
sh603728,13.75,2750.0
sh603729,13.3,0.0
sh603730,21.57,56082.00000000001
sh603733,25.13,834316.0
sh603737,190.5,1143000.0
sh603738,22.07,220000.0
sh603739,23.9,90820.0
sh603755,65.26,0.0
sh603757,20.6,630000.0
sh603758,9.98,10000.0
sh603766,3.39,107463.00000000001
sh603767,6.59,1318.0
sh603768,15.65,10000.0
sh603773,24.97,2497.0
sh603776,20.04,282564.0
sh603777,13.31,160000.0
sh603778,4.76,540000.0
sh603779,6.0,600.0
sh603786,68.48,205440.0
sh603787,20.84,30000.0
sh603788,13.51,25669.0
sh603789,13.29,34554.0
sh603790,10.66,135382.0
sh603797,7.91,400000.0
sh603798,9.3,53010.0
sh603799,72.8,30510480.0
sh603800,8.9,4450.0
sh603801,55.99,744667.0
sh603803,8.65,0.0
sh603806,80.85,274889.99999999994
sh603808,14.38,710000.0
sh603809,18.3,10980.000000000002
sh603810,26.73,160000.0
sh603811,26.08,130000.0
sh603813,13.42,100000.0
sh603815,9.4,174840.0
sh603816,79.86,295482.0
sh603817,6.68,27520000.0
sh603818,9.18,452574.0
sh603819,9.82,120000.0
sh603822,19.62,19620.0
sh603823,16.77,55341.0
sh603825,15.68,1506848.0
sh603826,40.54,10000.0
sh603828,4.28,27820.0
sh603829,10.85,8680.0
sh603833,153.0,1116900.0
sh603838,5.72,96095.99999999999
sh603839,9.2,2789440.0
sh603843,3.92,40768.0
sh603848,12.93,487460.99999999994
sh603855,18.93,15144.0
sh603856,13.45,170000.0
sh603858,21.7,106330.0
sh603859,31.37,550000.0
sh603860,23.0,542800.0
sh603861,8.0,279200.0
sh603863,9.42,0.0
sh603866,49.89,808218.0
sh603867,23.62,380282.0
sh603868,43.74,21870.0
sh603869,8.84,74256.0
sh603871,21.82,146194.0
sh603876,11.98,70682.0
sh603877,50.68,278740.0
sh603878,8.17,70000.0
sh603879,6.64,7967.999999999999
sh603880,10.62,70000.0
sh603881,43.25,968800.0
sh603882,132.5,1338250.0
sh603883,65.0,97500.0
sh603885,14.52,423984.0
sh603886,17.95,55644.99999999999
sh603887,14.92,240000.0
sh603888,17.83,390000.0
sh603889,5.12,0.0
sh603890,14.0,360000.0
sh603893,79.54,342022.0
sh603895,15.93,0.0
sh603896,35.82,35820.0
sh603897,16.74,13391.999999999998
sh603898,15.71,360000.0
sh603899,89.0,1120000.0
sh603900,6.74,3370.0000000000005
sh603901,13.21,680000.0
sh603903,11.19,80568.0
sh603906,31.0,150000.0
sh603908,21.9,35040.0
sh603909,16.35,30000.0
sh603912,14.0,862400.0
sh603915,38.81,210000.0
sh603916,29.75,648550.0
sh603917,9.84,140000.0
sh603918,9.66,12558.0
sh603919,36.39,1580000.0
sh603920,16.65,919079.9999999999
sh603922,16.55,0.0
sh603926,13.13,370000.0
sh603927,39.58,3870924.0
sh603928,11.73,5865.000000000001
sh603929,10.38,30000.0
sh603931,41.44,60000.0
sh603933,10.55,150000.0
sh603936,11.6,0.0
sh603937,9.77,20000.0
sh603938,29.8,610000.0
sh603939,86.71,26013.0
sh603948,17.98,62930.00000000001
sh603949,16.17,40425.00000000001
sh603950,20.92,30000.0
sh603955,13.71,5484.0
sh603956,15.9,19080.0
sh603958,6.5,0.0
sh603959,12.04,0.0
sh603960,26.35,123845.0
sh603963,7.58,1516.0
sh603966,16.48,85696.0
sh603967,12.76,24244.0
sh603968,16.6,90000.0
sh603969,4.57,421354.0
sh603970,19.72,59159.99999999999
sh603976,42.32,160000.0
sh603977,7.67,49855.0
sh603978,18.6,243660.00000000003
sh603979,14.99,391239.0
sh603980,6.37,7644.0
sh603982,17.21,382062.00000000006
sh603983,50.23,55253.0
sh603985,24.7,125970.0
sh603986,181.11,1811100.0
sh603987,20.0,272000.0
sh603988,17.18,1690000.0
sh603989,29.75,124950.0
sh603990,24.11,2039706.0000000002
sh603991,52.64,31584.000000000004
sh603992,17.74,40000.0
sh603993,5.74,13338038.0
sh603995,29.81,476959.99999999994
sh603996,2.74,860634.0
sh603997,8.47,30000.0
sh603998,5.85,5270000.0
sh603999,5.25,300000.0
sh605001,14.82,20000.0
sh605003,29.4,0.0
sh605006,11.93,1780000.0
sh605007,23.47,208883.0
sh605008,29.19,502068.0
sh605009,148.8,2886720.0
sh605018,15.66,280000.0
sh605050,12.95,730000.0
sh605058,25.03,250000.0
sh605066,13.67,20000.0
sh605068,33.4,90000.0
sh605088,19.3,460000.0
sh605099,39.4,2348240.0
sh605100,43.0,1341600.0
sh605108,26.2,1370000.0
sh605111,198.98,2686230.0
sh605116,16.98,714858.0
sh605118,16.5,3969900.0
sh605123,63.54,40000.0
sh605128,31.14,60000.0
sh605136,33.1,6984100.0
sh605151,20.49,235635.0
sh605158,12.28,1176424.0
sh605166,10.3,152440.0
sh605168,144.09,763677.0
sh605169,20.42,310384.0
sh605177,34.93,130000.0
sh605178,50.23,5023.0
sh605183,16.92,91368.0
sh605188,11.16,12198996.0
sh605198,28.69,2480000.0
sh605199,30.41,4366876.0
sh605218,15.45,1690000.0
sh605222,21.48,384492.0
sh605255,17.3,503430.0
sh605258,36.01,100000.0
sh605266,119.51,239020.00000000003
sh605288,111.01,22202.0
sh605299,14.51,2630000.0
sh605318,18.24,12680000.0
sh605333,17.2,8147639.999999999
sh605336,30.0,657000.0
sh605338,33.49,340000.0
sh605358,83.73,1530000.0
sh605366,12.35,100000.0
sh605369,54.6,1059240.0
sh605376,48.6,131220.0
sh605388,20.81,3881064.9999999995
sh605399,18.27,105966.00000000001
sz000001,20.36,4180000.0
sz000002,28.79,9060000.0
sz000004,18.5,490000.0
sz000005,2.3,30000.0
sz000006,5.38,40000.0
sz000007,3.69,40000.0
sz000008,2.28,80000.0
sz000009,9.94,1790000.0
sz000010,4.39,1430000.0
sz000011,12.97,240000.0
sz000012,7.22,1280000.0
sz000014,7.86,50000.0
sz000016,6.11,170000.0
sz000017,2.83,2830.0
sz000019,7.05,100000.0
sz000020,9.09,30000.0
sz000021,18.75,950000.0
sz000023,15.91,10000.0
sz000025,14.99,490000.0
sz000026,15.4,390000.0
sz000027,9.4,5280000.0
sz000028,42.44,280000.0
sz000029,7.61,70000.0
sz000030,7.48,90000.0
sz000031,3.88,90000.0
sz000032,20.8,20800.0
sz000034,17.32,230000.0
sz000035,4.34,30000.0
sz000036,3.81,880000.0
sz000037,8.59,120000.0
sz000038,10.88,90000.0
sz000039,16.5,1030000.0
sz000040,2.63,600000.0
sz000042,8.61,30000.0
sz000045,8.14,50000.0
sz000046,2.71,180000.0
sz000048,27.2,210000.0
sz000049,67.6,480000.0
sz000050,14.03,1240000.0
sz000055,4.37,10000.0
sz000056,3.36,1850000.0
sz000058,5.9,120000.0
sz000059,6.28,540000.0
sz000060,4.82,2790000.0
sz000061,5.79,60000.0
sz000062,13.27,1150000.0
sz000063,27.79,3080000.0
sz000065,8.4,990000.0
sz000066,12.74,650000.0
sz000068,2.7,270000.0
sz000069,10.26,5890000.0
sz000070,6.95,80000.0
sz000078,3.12,60000.0
sz000088,5.7,20000.0
sz000089,8.5,90000.0
sz000090,6.12,70000.0
sz000096,9.62,1160000.0
sz000099,6.92,130000.0
sz000100,9.14,12190000.0
sz000150,2.73,560000.0
sz000151,7.75,120000.0
sz000153,7.8,190000.0
sz000155,10.5,890000.0
sz000156,8.13,50000.0
sz000157,12.42,2250000.0
sz000158,4.98,570000.0
sz000159,5.52,660000.0
sz000166,4.56,780000.0
sz000301,14.92,1360000.0
sz000333,80.3,11490000.0
sz000338,19.15,6270000.0
sz000400,13.98,3030000.0
sz000401,14.65,340000.0
sz000402,6.54,1110000.0
sz000403,35.48,50000.0
sz000404,4.35,550000.0
sz000407,4.1,110000.0
sz000408,10.9,340000.0
sz000409,4.42,230000.0
sz000410,3.8,10000.0
sz000411,13.05,20000.0
sz000413,1.99,530000.0
sz000415,2.22,890000.0
sz000416,4.77,630000.0
sz000417,4.98,730000.0
sz000419,4.59,300000.0
sz000420,2.51,60000.0
sz000421,5.81,150000.0
sz000422,4.28,580000.0
sz000423,35.57,800000.0
sz000425,7.48,0.0
sz000426,6.44,810000.0
sz000428,3.38,600000.0
sz000429,7.16,30000.0
sz000430,5.9,220000.0
sz000488,10.67,2930000.0
sz000498,5.5,340000.0
sz000501,12.08,470000.0
sz000502,5.9,180000.0
sz000503,8.0,770000.0
sz000504,13.2,26400.0
sz000505,7.78,140000.0
sz000506,2.14,120000.0
sz000507,5.68,320000.0
sz000509,2.69,140000.0
sz000510,4.59,40000.0
sz000513,42.18,1340000.0
sz000514,3.54,10000.0
sz000516,14.89,4900000.0
sz000517,2.87,350000.0
sz000518,3.95,90000.0
sz000519,9.04,9600000.0
sz000520,3.12,70000.0
sz000521,3.56,100000.0
sz000523,2.82,420000.0
sz000524,8.3,120000.0
sz000525,5.24,350000.0
sz000526,36.53,250000.0
sz000528,10.2,4330000.0
sz000529,6.18,50000.0
sz000530,3.78,150000.0
sz000531,8.38,260000.0
sz000532,12.09,1370000.0
sz000533,3.31,250000.0
sz000534,12.63,10000.0
sz000536,2.92,70000.0
sz000537,5.61,50000.0
sz000538,111.91,2080000.0
sz000539,3.87,150000.0
sz000540,2.93,500000.0
sz000541,6.02,602.0
sz000543,4.28,760000.0
sz000544,6.51,40000.0
sz000545,3.0,570000.0
sz000546,6.94,100000.0
sz000547,16.9,2810000.0
sz000548,4.06,110000.0
sz000550,26.2,350000.0
sz000551,8.75,20000.0
sz000552,3.0,720000.0
sz000553,8.82,270000.0
sz000554,4.56,150000.0
sz000555,14.44,3240000.0
sz000557,3.82,190000.0
sz000558,3.02,260000.0
sz000559,5.19,770000.0
sz000560,3.87,220000.0
sz000561,6.56,40000.0
sz000563,3.28,60000.0
sz000564,2.59,880000.0
sz000565,5.28,190000.0
sz000566,6.69,800000.0
sz000567,9.79,320000.0
sz000568,235.68,22000000.0
sz000570,5.39,80000.0
sz000571,2.21,90000.0
sz000572,3.45,1060000.0
sz000573,2.85,90000.0
sz000576,11.5,180000.0
sz000581,24.34,930000.0
sz000582,10.26,440000.0
sz000584,8.3,940000.0
sz000585,1.61,40000.0
sz000586,7.14,10000.0
sz000587,1.77,10000.0
sz000589,7.15,380000.0
sz000590,8.07,10000.0
sz000591,6.49,2060000.0
sz000592,2.72,280000.0
sz000593,4.81,50000.0
sz000595,2.13,20000.0
sz000596,229.48,410000.0
sz000597,4.84,50000.0
sz000598,5.03,200000.0
sz000599,4.19,130000.0
sz000600,5.51,300000.0
sz000601,5.67,70000.0
sz000603,13.65,1350000.0
sz000605,5.63,630000.0
sz000606,3.22,2980000.0
sz000607,3.8,60000.0
sz000608,3.64,480000.0
sz000609,3.78,60000.0
sz000610,10.58,460000.0
sz000611,2.83,22640.0
sz000612,8.47,4300000.0
sz000613,5.36,710000.0
sz000615,11.68,1490000.0
sz000616,2.72,10150000.0
sz000617,6.29,460000.0
sz000619,5.44,48960.0
sz000620,2.58,680000.0
sz000622,3.6,90000.0
sz000623,15.63,370000.0
sz000625,14.57,11860000.0
sz000626,17.15,130000.0
sz000627,3.87,560000.0
sz000628,8.52,100000.0
sz000629,2.39,2210000.0
sz000630,2.99,18470000.0
sz000631,2.97,71280.0
sz000632,3.58,70000.0
sz000633,6.82,270000.0
sz000635,9.25,150000.0
sz000636,28.81,1860000.0
sz000637,3.9,70000.0
sz000638,4.7,240000.0
sz000639,4.95,50000.0
sz000650,7.33,320000.0
sz000651,61.7,45860000.0
sz000652,4.06,140000.0
sz000655,8.2,2690000.0
sz000656,7.08,430000.0
sz000657,7.9,640000.0
sz000659,3.78,60000.0
sz000661,447.99,2910000.0
sz000662,0.25,0.0
sz000663,5.11,70000.0
sz000665,4.04,250000.0
sz000666,8.06,300000.0
sz000667,1.9,2360000.0
sz000668,13.6,5440.0
sz000669,2.41,190000.0
sz000670,2.25,0.0
sz000671,6.34,2250000.0
sz000672,20.65,490000.0
sz000673,2.65,90000.0
sz000676,6.28,9150000.0
sz000677,2.71,4336.0
sz000678,5.13,20000.0
sz000679,3.56,17800.0
sz000680,4.33,60000.0
sz000681,14.8,120000.0
sz000682,4.76,100000.0
sz000683,2.72,1960000.0
sz000685,8.29,100000.0
sz000686,8.34,290000.0
sz000687,1.71,180000.0
sz000688,9.05,360000.0
sz000690,6.06,720000.0
sz000691,5.65,4230000.0
sz000692,3.3,500000.0
sz000695,5.67,10000.0
sz000697,7.83,30000.0
sz000698,6.24,5360000.0
sz000700,4.92,240000.0
sz000701,5.0,60000.0
sz000702,5.1,220000.0
sz000703,13.3,2810000.0
sz000705,7.11,190000.0
sz000707,2.6,160000.0
sz000708,25.71,170000.0
sz000709,2.65,2330000.0
sz000710,28.91,1750000.0
sz000711,2.48,210000.0
sz000712,14.93,370000.0
sz000713,12.66,320000.0
sz000715,4.71,30000.0
sz000716,3.18,180000.0
sz000717,5.34,1360000.0
sz000718,4.63,1780000.0
sz000719,7.26,60000.0
sz000720,3.95,370000.0
sz000721,4.83,1540000.0
sz000722,7.02,5570000.0
sz000723,8.41,13030000.0
sz000725,7.08,96190000.0
sz000726,6.12,120000.0
sz000727,2.98,1580000.0
sz000728,7.63,270000.0
sz000729,6.94,1490000.0
sz000731,4.91,50000.0
sz000732,2.8,50000.0
sz000733,52.19,310000.0
sz000735,8.64,220000.0
sz000736,6.2,40000.0
sz000737,5.79,0.0
sz000738,17.83,560000.0
sz000739,27.7,1110000.0
sz000750,4.4,490000.0
sz000751,3.52,1180000.0
sz000752,4.29,120000.0
sz000753,2.85,60000.0
sz000755,3.31,210000.0
sz000756,8.66,70000.0
sz000757,3.92,110000.0
sz000758,5.25,1820000.0
sz000759,5.58,160000.0
sz000760,1.47,0.0
sz000761,4.24,11300000.0
sz000762,15.14,300000.0
sz000766,4.07,390000.0
sz000767,3.66,1080000.0
sz000768,24.29,940000.0
sz000776,14.8,1170000.0
sz000777,11.43,950000.0
sz000778,4.3,2200000.0
sz000779,9.49,30000.0
sz000780,4.1,80000.0
sz000782,3.43,490000.0
sz000783,7.2,860000.0
sz000785,7.12,20000.0
sz000786,44.86,900000.0
sz000788,7.01,200000.0
sz000789,13.68,230000.0
sz000790,5.25,3620000.0
sz000791,4.41,580000.0
sz000792,8.84,0.0
sz000793,3.65,43820000.0
sz000795,5.16,94428.0
sz000796,10.37,2000000.0
sz000797,3.25,150000.0
sz000798,9.18,3150000.0
sz000799,175.99,10890000.0
sz000800,10.93,370000.0
sz000801,5.86,210000.0
sz000802,5.48,30000.0
sz000803,12.11,40000.0
sz000806,2.04,280000.0
sz000807,11.17,13430000.0
sz000809,1.91,80000.0
sz000810,7.82,1120000.0
sz000811,8.0,2580000.0
sz000812,4.17,810000.0
sz000813,4.5,760000.0
sz000815,5.01,50000.0
sz000816,3.13,280000.0
sz000818,21.88,230000.0
sz000819,6.34,5072.0
sz000820,2.5,1390000.0
sz000821,6.95,960000.0
sz000822,4.99,640000.0
sz000823,10.66,1040000.0
sz000825,5.73,6570000.0
sz000826,5.69,360000.0
sz000828,10.1,2280000.0
sz000829,5.78,710000.0
sz000830,14.75,2360000.0
sz000831,17.07,3310000.0
sz000833,4.74,50000.0
sz000835,1.78,40000.0
sz000836,2.37,370000.0
sz000837,7.18,100000.0
sz000838,2.66,160000.0
sz000839,2.12,60000.0
sz000848,6.51,370000.0
sz000850,3.71,130000.0
sz000851,6.15,400000.0
sz000852,4.44,660000.0
sz000856,6.51,40000.0
sz000858,255.8,49470000.0
sz000859,5.05,180000.0
sz000860,48.21,1060000.0
sz000861,2.26,640000.0
sz000862,5.48,1120000.0
sz000863,4.18,20000.0
sz000868,4.1,0.0
sz000869,32.49,900000.0
sz000875,4.62,700000.0
sz000876,17.45,2480000.0
sz000877,15.49,4630000.0
sz000878,14.8,16560000.0
sz000880,9.05,9050.0
sz000881,11.78,3770000.0
sz000882,1.87,190000.0
sz000883,5.32,2510000.0
sz000885,9.67,110000.0
sz000886,5.0,320000.0
sz000887,9.64,800000.0
sz000888,6.73,250000.0
sz000889,6.08,180000.0
sz000890,4.77,20000.0
sz000892,2.8,4760000.0
sz000893,11.36,230000.0
sz000895,40.0,2000000.0
sz000897,2.18,229772.00000000003
sz000898,4.96,10850000.0
sz000899,6.1,980000.0
sz000900,4.24,20000.0
sz000901,7.98,330000.0
sz000902,16.6,550000.0
sz000903,3.61,190000.0
sz000905,6.92,10000.0
sz000906,8.62,20000.0
sz000908,5.3,30100000.0
sz000909,7.44,240000.0
sz000910,15.75,1160000.0
sz000911,7.98,130000.0
sz000912,4.13,100000.0
sz000913,24.17,640000.0
sz000915,28.07,4250000.0
sz000917,5.12,13420000.0
sz000918,6.67,20000.0
sz000919,7.64,7310000.0
sz000920,7.2,1300000.0
sz000921,17.04,1350000.0
sz000922,7.98,130000.0
sz000923,23.14,540000.0
sz000925,6.71,200000.0
sz000926,4.7,110000.0
sz000927,4.17,40000.0
sz000928,7.41,3320000.0
sz000929,7.32,100000.0
sz000930,9.25,500000.0
sz000931,6.84,10000.0
sz000932,7.85,1910000.0
sz000933,11.23,29840000.0
sz000935,13.31,190000.0
sz000936,6.31,1190000.0
sz000937,3.85,1060000.0
sz000938,19.15,630000.0
sz000948,11.78,4860000.0
sz000949,4.38,1140000.0
sz000950,5.05,110000.0
sz000951,34.24,740000.0
sz000952,7.42,10000.0
sz000953,4.61,23050.000000000004
sz000955,6.25,770000.0
sz000957,6.26,110000.0
sz000958,4.48,370000.0
sz000959,5.06,340000.0
sz000960,13.4,7950000.0
sz000961,7.06,740000.0
sz000962,8.06,110000.0
sz000963,40.01,47680000.0
sz000965,2.69,53800.0
sz000966,10.52,34180000.0
sz000967,8.24,70000.0
sz000968,6.5,1630000.0
sz000969,7.39,270000.0
sz000970,9.49,260000.0
sz000971,2.9,1290000.0
sz000972,1.75,10000.0
sz000973,4.12,190000.0
sz000975,9.3,6730000.0
sz000976,5.7,40000.0
sz000977,27.15,11190000.0
sz000978,6.15,2810000.0
sz000980,4.14,5080000.0
sz000981,2.03,140000.0
sz000982,1.51,3270000.0
sz000983,4.98,950000.0
sz000985,11.85,60000.0
sz000987,12.86,440000.0
sz000988,20.62,200000.0
sz000989,8.79,1520000.0
sz000990,12.97,450000.0
sz000993,8.2,6990000.0
sz000995,17.15,1030000.0
sz000996,10.49,6560000.0
sz000997,13.91,380000.0
sz000998,17.08,540000.0
sz000999,23.79,220000.0
sz001696,6.63,610000.0
sz001872,14.77,30000.0
sz001896,8.69,10780000.0
sz001914,21.3,310000.0
sz001965,7.69,30000.0
sz001979,12.01,680000.0
sz002001,36.45,810000.0
sz002002,3.84,2050000.0
sz002003,6.85,330000.0
sz002004,6.17,4380000.0
sz002005,1.82,760000.0
sz002006,5.94,150000.0
sz002007,42.81,3490000.0
sz002008,41.6,2510000.0
sz002009,9.49,190000.0
sz002010,6.22,420000.0
sz002011,4.58,1920000.0
sz002012,6.27,640000.0
sz002013,9.84,390000.0
sz002014,9.29,100000.0
sz002015,8.34,2530000.0
sz002016,6.25,30000.0
sz002017,11.08,3120000.0
sz002019,17.9,480000.0
sz002020,11.92,200000.0
sz002021,1.69,730000.0
sz002022,16.74,690000.0
sz002023,10.73,360000.0
sz002024,7.04,2560000.0
sz002025,45.5,460000.0
sz002026,11.9,5750000.0
sz002027,9.17,2900000.0
sz002028,29.82,440000.0
sz002029,5.72,280000.0
sz002030,31.14,2190000.0
sz002031,1.8,320000.0
sz002032,73.3,2030000.0
sz002033,7.41,50000.0
sz002034,18.45,70000.0
sz002035,7.44,120000.0
sz002036,9.74,40000.0
sz002037,6.41,80000.0
sz002038,10.45,760000.0
sz002039,15.09,150000.0
sz002040,6.28,40000.0
sz002041,15.52,360000.0
sz002042,5.33,380000.0
sz002043,11.81,570000.0
sz002044,11.42,1920000.0
sz002045,9.37,110000.0
sz002046,7.49,30000.0
sz002047,3.14,30000.0
sz002048,16.38,320000.0
sz002049,105.11,6570000.0
sz002050,21.71,940000.0
sz002051,6.75,140000.0
sz002052,1.54,310000.0
sz002053,8.14,2110000.0
sz002054,9.16,50000.0
sz002055,10.37,880000.0
sz002056,14.46,1750000.0
sz002057,7.07,160000.0
sz002058,9.48,40000.0
sz002059,5.9,110000.0
sz002060,3.5,580000.0
sz002061,5.57,220000.0
sz002062,4.12,10000.0
sz002063,8.56,160000.0
sz002064,11.46,990000.0
sz002065,7.35,770000.0
sz002066,9.85,1880000.0
sz002067,3.84,290000.0
sz002068,6.82,210000.0
sz002069,3.62,1560000.0
sz002071,0.25,20000.0
sz002072,4.48,10000.0
sz002073,4.52,50000.0
sz002074,34.05,3750000.0
sz002075,10.27,870000.0
sz002076,2.08,10000.0
sz002077,5.91,540000.0
sz002078,14.79,1410000.0
sz002079,9.4,210000.0
sz002080,21.18,600000.0
sz002081,9.37,310000.0
sz002082,12.2,120000.0
sz002083,4.12,90000.0
sz002084,6.52,130000.0
sz002085,5.37,60000.0
sz002086,1.83,230000.0
sz002087,3.64,10000.0
sz002088,18.44,90000.0
sz002089,1.59,170000.0
sz002090,7.95,10000.0
sz002091,6.66,230000.0
sz002092,9.17,1630000.0
sz002093,6.47,150000.0
sz002094,3.26,750000.0
sz002095,14.39,1210000.0
sz002096,8.0,200000.0
sz002097,8.17,270000.0
sz002098,6.08,270000.0
sz002099,10.85,290000.0
sz002100,10.2,1060000.0
sz002101,6.91,150000.0
sz002102,1.88,90000.0
sz002103,4.77,4450000.0
sz002104,6.0,1090000.0
sz002105,8.65,310000.0
sz002106,12.25,500000.0
sz002107,7.55,20000.0
sz002108,4.49,11860000.0
sz002109,4.78,1210000.0
sz002110,8.66,1350000.0
sz002111,16.78,40000.0
sz002112,7.39,2956.0
sz002113,1.52,190000.0
sz002114,6.42,51360.0
sz002115,5.34,110000.0
sz002116,6.15,69495.0
sz002117,8.23,660000.0
sz002118,3.13,400000.0
sz002119,9.94,660000.0
sz002120,12.85,940000.0
sz002121,3.57,250000.0
sz002122,2.84,12650000.0
sz002123,14.4,20000.0
sz002124,14.46,2000000.0
sz002125,7.16,70000.0
sz002126,10.08,280000.0
sz002127,8.95,11700000.0
sz002128,10.42,1690000.0
sz002129,28.75,2210000.0
sz002130,6.48,2040000.0
sz002131,2.69,1130000.0
sz002132,3.3,930000.0
sz002133,2.95,10000.0
sz002134,8.37,25946.999999999996
sz002135,7.05,60000.0
sz002136,9.4,80000.0
sz002137,5.43,60000.0
sz002138,36.3,1330000.0
sz002139,12.38,4750000.0
sz002140,6.87,10000.0
sz002141,3.0,9480000.0
sz002142,37.91,1910000.0
sz002144,8.92,139152.0
sz002145,9.05,530000.0
sz002146,6.33,240000.0
sz002147,1.84,120000.0
sz002148,4.25,160000.0
sz002149,12.04,80000.0
sz002150,6.04,90000.0
sz002151,41.12,300000.0
sz002152,10.98,6260000.0
sz002153,30.62,120000.0
sz002154,3.86,6340000.0
sz002155,8.03,1690000.0
sz002156,20.51,1820000.0
sz002157,13.46,1690000.0
sz002158,23.76,330000.0
sz002159,12.34,60000.0
sz002160,4.42,66510000.0
sz002161,5.05,2100000.0
sz002162,7.0,19480000.0
sz002163,20.19,2910000.0
sz002164,7.7,1430000.0
sz002165,5.5,280000.0
sz002166,7.93,30000.0
sz002167,5.43,1300000.0
sz002168,4.22,8080000.0
sz002169,7.82,2920000.0
sz002170,4.07,220000.0
sz002171,7.5,270000.0
sz002172,5.1,13460000.0
sz002173,7.04,1030000.0
sz002174,14.31,4010000.0
sz002175,1.31,30000.0
sz002176,6.51,5760000.0
sz002177,8.51,44430000.0
sz002178,3.23,80000.0
sz002179,77.05,2290000.0
sz002180,24.93,140000.0
sz002181,4.38,160000.0
sz002182,10.58,490000.0
sz002183,4.59,1770000.0
sz002184,17.37,650000.0
sz002185,12.31,1040000.0
sz002186,10.93,190000.0
sz002187,8.27,230000.0
sz002188,3.16,6320.0
sz002189,16.09,120000.0
sz002190,24.59,40000.0
sz002191,9.41,210000.0
sz002192,50.2,4970000.0
sz002193,6.41,240000.0
sz002194,12.7,340000.0
sz002195,1.9,440000.0
sz002196,6.83,130000.0
sz002197,8.09,1000000.0
sz002198,5.82,220000.0
sz002199,6.57,410000.0
sz002200,4.95,1980.0
sz002201,11.92,170000.0
sz002202,12.99,2550000.0
sz002203,10.78,2190000.0
sz002204,3.83,1060000.0
sz002205,7.23,450000.0
sz002206,5.8,200000.0
sz002207,5.88,200000.0
sz002208,7.1,130000.0
sz002209,6.82,1160000.0
sz002210,3.02,330000.0
sz002211,5.28,10000.0
sz002212,18.49,310000.0
sz002213,11.77,10000.0
sz002214,22.26,160000.0
sz002215,5.54,27145.999999999996
sz002216,21.8,1080000.0
sz002217,3.28,150000.0
sz002218,4.5,140000.0
sz002219,2.84,610000.0
sz002221,11.21,240000.0
sz002222,17.58,14810000.0
sz002223,26.3,640000.0
sz002224,5.28,340000.0
sz002225,4.56,50000.0
sz002226,6.98,120000.0
sz002227,12.96,30000.0
sz002228,3.79,60000.0
sz002229,6.14,120000.0
sz002230,45.97,3570000.0
sz002231,4.94,130000.0
sz002232,10.88,1840000.0
sz002233,12.13,200000.0
sz002234,14.78,870000.0
sz002235,4.8,8460000.0
sz002236,24.05,4690000.0
sz002237,12.16,2940000.0
sz002238,6.3,150000.0
sz002239,3.83,590000.0
sz002240,21.9,1940000.0
sz002241,29.9,7820000.0
sz002242,32.07,500000.0
sz002243,9.25,420000.0
sz002244,4.45,220000.0
sz002245,11.67,1890000.0
sz002246,6.86,200000.0
sz002247,2.3,40000.0
sz002248,5.97,10930000.0
sz002249,4.63,1780000.0
sz002250,22.87,120000.0
sz002251,7.63,118265.00000000001
sz002252,7.32,420000.0
sz002253,13.86,30000.0
sz002254,15.84,160000.0
sz002255,4.4,50000.0
sz002256,1.54,820000.0
sz002258,21.76,250000.0
sz002259,3.7,740.0
sz002260,3.15,0.0
sz002261,6.24,50000.0
sz002262,14.94,270000.0
sz002263,2.92,480000.0
sz002264,4.51,240000.0
sz002265,6.91,70000.0
sz002266,5.5,840000.0
sz002267,6.53,50000.0
sz002268,18.19,600000.0
sz002269,2.8,7340000.0
sz002270,4.84,12584.0
sz002271,53.0,26270000.0
sz002272,5.72,480000.0
sz002273,11.03,80000.0
sz002274,6.62,1260000.0
sz002275,13.36,40000.0
sz002276,6.4,70000.0
sz002277,3.4,370000.0
sz002278,6.06,6059.999999999999
sz002279,4.93,150000.0
sz002280,3.46,8260000.0
sz002281,23.15,2300000.0
sz002282,10.77,10000.0
sz002283,6.12,220000.0
sz002284,5.8,4160000.0
sz002285,5.47,3150000.0
sz002286,13.1,4250000.0
sz002287,24.44,80000.0
sz002288,7.49,1010000.0
sz002289,7.4,470000.0
sz002290,7.18,24412.0
sz002291,16.55,1660000.0
sz002292,5.9,1960000.0
sz002293,14.83,1360000.0
sz002294,34.78,390000.0
sz002295,6.59,140000.0
sz002296,6.72,40000.0
sz002297,7.26,230000.0
sz002298,8.2,10000.0
sz002299,25.45,440000.0
sz002300,5.88,120000.0
sz002301,11.18,20000.0
sz002302,8.62,90000.0
sz002303,3.6,80000.0
sz002304,150.5,12820000.0
sz002305,2.14,230000.0
sz002306,3.27,2610000.0
sz002307,4.86,10000.0
sz002308,4.9,19470000.0
sz002309,4.77,50000.0
sz002310,3.89,400000.0
sz002311,76.99,2660000.0
sz002312,7.37,590000.0
sz002313,10.39,40000.0
sz002314,3.4,370000.0
sz002315,21.2,170000.0
sz002316,4.09,380000.0
sz002317,8.17,30000.0
sz002318,13.88,580000.0
sz002319,10.72,40000.0
sz002320,9.96,650000.0
sz002321,3.14,2380000.0
sz002322,10.44,70000.0
sz002323,3.49,420000.0
sz002324,17.49,130000.0
sz002325,2.5,90000.0
sz002326,9.03,30000.0
sz002327,9.03,1570000.0
sz002328,4.63,310000.0
sz002329,4.63,5340000.0
sz002330,5.76,5759.999999999999
sz002331,11.9,50000.0
sz002332,13.74,370000.0
sz002333,5.6,30000.0
sz002334,5.58,350000.0
sz002335,18.08,100000.0
sz002336,4.21,1263.0
sz002337,2.98,10000.0
sz002338,16.14,210000.0
sz002339,5.91,20000.0
sz002340,8.63,35940000.0
sz002341,3.46,270000.0
sz002342,3.99,380000.0
sz002343,5.81,130000.0
sz002344,4.02,310000.0
sz002345,4.45,70000.0
sz002346,10.59,60000.0
sz002347,4.12,10000.0
sz002348,3.27,59310000.0
sz002349,4.55,140000.0
sz002350,5.13,64638.0
sz002351,14.65,130000.0
sz002352,64.66,8660000.0
sz002353,33.04,1710000.0
sz002354,3.02,80000.0
sz002355,5.24,480000.0
sz002356,1.5,10000.0
sz002357,4.86,130000.0
sz002358,3.44,20000.0
sz002359,1.22,0.0
sz002360,8.08,430000.0
sz002361,4.57,10000.0
sz002362,18.8,140000.0
sz002363,5.64,10000.0
sz002364,8.5,80000.0
sz002365,8.99,130000.0
sz002366,4.32,3800000.0
sz002367,9.74,310000.0
sz002368,21.54,180000.0
sz002369,6.34,4570000.0
sz002370,3.86,70000.0
sz002371,153.99,3960000.0
sz002372,22.8,3040000.0
sz002373,16.36,1690000.0
sz002374,2.37,108309.00000000001
sz002375,7.62,130000.0
sz002376,9.27,10000.0
sz002377,3.88,30000.0
sz002378,8.93,5640000.0
sz002379,3.05,90000.0
sz002380,14.52,29039.999999999996
sz002381,10.14,40000.0
sz002382,20.54,19230000.0
sz002383,5.57,290000.0
sz002384,18.58,1440000.0
sz002385,8.01,850000.0
sz002386,5.98,270000.0
sz002387,9.57,430000.0
sz002388,5.4,2090000.0
sz002389,20.18,680000.0
sz002390,9.53,190000.0
sz002391,7.3,200000.0
sz002392,4.63,40000.0
sz002393,18.86,80000.0
sz002394,8.8,200000.0
sz002395,12.37,20000.0
sz002396,19.99,710000.0
sz002397,4.02,560000.0
sz002398,7.78,5446.0
sz002399,17.02,20000.0
sz002400,5.96,20000000.0
sz002401,12.37,122462.99999999999
sz002402,19.99,660000.0
sz002403,7.29,130000.0
sz002404,7.0,1200000.0
sz002405,14.8,6440000.0
sz002406,6.47,150000.0
sz002407,19.06,3180000.0
sz002408,9.26,1170000.0
sz002409,57.87,710000.0
sz002410,70.94,400000.0
sz002411,4.76,690000.0
sz002412,5.8,60000.0
sz002413,6.19,1890000.0
sz002414,33.6,830000.0
sz002415,56.45,2840000.0
sz002416,8.4,290000.0
sz002417,6.38,190000.0
sz002418,1.82,5410000.0
sz002419,7.86,690000.0
sz002420,4.54,10000.0
sz002421,3.71,320000.0
sz002422,20.6,390000.0
sz002423,8.72,30000.0
sz002424,7.78,210000.0
sz002425,8.14,540000.0
sz002426,2.03,550000.0
sz002427,5.84,11680.0
sz002428,10.1,560000.0
sz002429,5.62,1040000.0
sz002430,28.8,380000.0
sz002431,3.22,180000.0
sz002432,8.83,120000.0
sz002433,3.55,2220000.0
sz002434,8.04,220000.0
sz002435,5.13,4750000.0
sz002436,9.57,510000.0
sz002437,2.62,160000.0
sz002438,12.75,200000.0
sz002439,30.29,1370000.0
sz002440,9.87,20000.0
sz002441,7.59,50000.0
sz002442,5.33,2740000.0
sz002443,7.18,30000.0
sz002444,35.8,1400000.0
sz002445,2.15,30000.0
sz002446,5.95,6400000.0
sz002447,2.07,20000.0
sz002448,5.51,290000.0
sz002449,8.47,200000.0
sz002450,2.57,0.0
sz002451,6.31,940000.0
sz002452,5.52,30000.0
sz002453,5.72,1530000.0
sz002454,5.5,140000.0
sz002455,5.41,20000.0
sz002456,8.53,1750000.0
sz002457,8.05,100000.0
sz002458,10.18,80000.0
sz002459,28.08,970000.0
sz002460,97.8,12020000.0
sz002461,11.17,1250000.0
sz002462,13.72,60000.0
sz002463,15.99,880000.0
sz002464,2.69,380000.0
sz002465,10.0,1140000.0
sz002466,38.89,25860000.0
sz002467,4.92,1190000.0
sz002468,8.42,910000.0
sz002469,6.66,90000.0
sz002470,1.6,1230000.0
sz002471,2.37,550000.0
sz002472,9.65,70000.0
sz002473,5.12,11264.0
sz002474,6.08,1900000.0
sz002475,33.48,9380000.0
sz002476,3.96,30000.0
sz002478,4.04,620000.0
sz002479,6.51,120000.0
sz002480,4.47,30000.0
sz002481,12.25,410000.0
sz002482,2.71,140000.0
sz002483,4.88,610000.0
sz002484,14.57,410000.0
sz002485,4.61,20000.0
sz002486,3.05,39650.0
sz002487,8.28,270000.0
sz002488,6.88,160000.0
sz002489,3.6,40000.0
sz002490,4.06,290000.0
sz002491,4.02,100000.0
sz002492,5.36,750000.0
sz002493,27.45,4130000.0
sz002494,3.58,10000.0
sz002495,2.34,40000.0
sz002496,2.61,50000.0
sz002497,16.8,5290000.0
sz002498,3.69,40000.0
sz002499,6.1,30000.0
sz002500,6.91,310000.0
sz002501,3.41,40000.0
sz002502,2.93,20000.0
sz002503,1.74,3360000.0
sz002504,2.02,200000.0
sz002505,2.36,440000.0
sz002506,3.27,290000.0
sz002507,38.88,1170000.0
sz002508,36.34,7370000.0
sz002510,4.04,310000.0
sz002511,28.99,1410000.0
sz002512,4.04,430000.0
sz002513,4.68,30000.0
sz002514,3.88,10000.0
sz002515,5.12,280000.0
sz002516,3.22,20930.0
sz002517,4.88,360000.0
sz002518,12.16,220000.0
sz002519,3.89,40000.0
sz002520,6.08,40000.0
sz002521,6.83,290000.0
sz002522,5.87,210000.0
sz002523,2.48,320000.0
sz002524,11.62,4390000.0
sz002526,2.17,260000.0
sz002527,6.04,10000.0
sz002528,3.62,180000.0
sz002529,6.67,110000.0
sz002530,8.82,370000.0
sz002531,8.36,1420000.0
sz002532,10.6,20820000.0
sz002533,5.43,90000.0
sz002534,14.87,700000.0
sz002535,1.81,1870000.0
sz002536,5.91,240000.0
sz002537,5.9,4390000.0
sz002538,6.12,280000.0
sz002539,9.31,550000.0
sz002540,4.96,140000.0
sz002541,51.66,300000.0
sz002542,3.15,1320000.0
sz002543,7.99,60000.0
sz002544,13.24,140000.0
sz002545,7.07,150000.0
sz002546,3.88,20564.0
sz002547,3.55,40000.0
sz002548,7.05,40000.0
sz002549,8.68,490000.0
sz002550,4.04,20000.0
sz002551,5.78,2260000.0
sz002552,12.8,60000.0
sz002553,10.18,210000.0
sz002554,2.83,930000.0
sz002555,21.6,1790000.0
sz002556,9.83,150000.0
sz002557,51.44,1800000.0
sz002558,14.28,200000.0
sz002559,6.16,40000.0
sz002560,6.86,250000.0
sz002561,7.28,14560.0
sz002562,4.95,20000.0
sz002563,11.23,1330000.0
sz002564,3.58,4790000.0
sz002565,4.17,70000.0
sz002566,7.07,720000.0
sz002567,7.26,600000.0
sz002568,110.52,550000.0
sz002569,8.17,1634.0
sz002570,5.28,29130000.0
sz002571,9.41,90000.0
sz002572,32.47,1240000.0
sz002573,5.39,80000.0
sz002574,4.08,10000.0
sz002575,3.67,290000.0
sz002576,11.62,170000.0
sz002577,10.38,90000.0
sz002578,3.79,1810000.0
sz002579,11.6,20000.0
sz002580,6.2,250000.0
sz002581,8.83,180000.0
sz002582,11.66,130000.0
sz002583,5.24,410000.0
sz002584,5.85,580000.0
sz002585,11.11,1030000.0
sz002586,2.66,266.0
sz002587,4.4,340000.0
sz002588,5.25,130000.0
sz002589,4.65,330000.0
sz002590,6.83,150000.0
sz002591,5.67,380000.0
sz002592,3.55,6900000.0
sz002593,3.57,15351.0
sz002594,165.4,34110000.0
sz002595,30.3,30000.0
sz002596,5.63,700000.0
sz002597,31.55,1470000.0
sz002598,6.23,105287.00000000001
sz002599,3.94,610000.0
sz002600,8.24,660000.0
sz002601,28.02,12390000.0
sz002602,7.0,670000.0
sz002603,25.55,800000.0
sz002605,21.29,30000.0
sz002606,7.16,310000.0
sz002607,25.61,940000.0
sz002608,6.71,10000.0
sz002609,8.78,12291.999999999998
sz002610,2.55,880000.0
sz002611,4.26,90000.0
sz002612,37.88,6110000.0
sz002613,3.18,62010.0
sz002614,17.34,350000.0
sz002615,4.11,80000.0
sz002616,7.1,30000.0
sz002617,6.92,320000.0
sz002618,5.08,1560000.0
sz002619,1.71,560000.0
sz002620,5.94,500000.0
sz002621,5.28,650000.0
sz002622,2.37,60000.0
sz002623,32.94,220000.0
sz002624,21.35,3720000.0
sz002625,19.51,720000.0
sz002626,36.71,660000.0
sz002627,5.48,40000.0
sz002628,3.65,260000.0
sz002629,1.93,10000.0
sz002630,2.39,730000.0
sz002631,5.9,510000.0
sz002632,6.17,617.0
sz002633,6.41,70000.0
sz002634,6.49,20000.0
sz002635,13.42,880000.0
sz002636,15.01,18280000.0
sz002637,14.1,30000.0
sz002638,1.84,100000.0
sz002639,8.0,7030000.0
sz002640,4.19,270000.0
sz002641,6.9,240000.0
sz002642,4.21,100000.0
sz002643,17.1,120000.0
sz002644,7.4,200000.0
sz002645,13.19,2450000.0
sz002646,14.5,20220000.0
sz002647,13.52,10680000.0
sz002648,36.57,940000.0
sz002649,10.62,380000.0
sz002650,5.91,960000.0
sz002651,9.37,120000.0
sz002652,3.54,2124.0
sz002653,25.71,750000.0
sz002654,3.78,220000.0
sz002655,7.31,790000.0
sz002656,1.53,10000.0
sz002657,11.32,20000.0
sz002658,9.38,3350000.0
sz002659,4.4,8670000.0
sz002660,6.88,30000.0
sz002661,15.9,250000.0
sz002662,3.51,8500000.0
sz002663,1.87,50000.0
sz002664,12.89,210000.0
sz002665,2.28,1780000.0
sz002666,4.87,600000.0
sz002667,7.71,1542.0
sz002668,5.64,300000.0
sz002669,12.89,50000.0
sz002670,10.63,5560000.0
sz002671,4.04,47672.0
sz002672,7.92,100000.0
sz002673,8.51,260000.0
sz002674,12.7,10000.0
sz002675,18.68,10000.0
sz002676,3.26,250000.0
sz002677,19.52,1390000.0
sz002678,6.83,670000.0
sz002679,11.5,130000.0
sz002681,4.96,1360000.0
sz002682,3.99,27350000.0
sz002683,30.87,800000.0
sz002684,2.22,1450000.0
sz002685,4.0,40000.0
sz002686,5.51,170000.0
sz002687,5.83,50000.0
sz002688,5.87,310000.0
sz002689,3.13,10000.0
sz002690,43.8,820000.0
sz002691,4.2,50000.0
sz002692,2.77,32686.0
sz002693,4.22,470000.0
sz002694,2.49,200000.0
sz002695,19.29,70000.0
sz002696,5.65,1180000.0
sz002697,6.15,1330000.0
sz002698,13.96,30000.0
sz002699,5.25,8260000.0
sz002700,4.08,10000.0
sz002701,5.22,100000.0
sz002702,7.0,410000.0
sz002703,5.26,2050000.0
sz002705,34.05,330000.0
sz002706,30.96,30000.0
sz002707,6.56,580000.0
sz002708,6.37,60000.0
sz002709,90.49,7240000.0
sz002711,0.77,0.0
sz002712,4.95,170000.0
sz002713,6.99,180000.0
sz002714,104.0,12510000.0
sz002715,15.65,10000.0
sz002716,2.5,90000.0
sz002717,3.02,600000.0
sz002718,15.04,10000.0
sz002719,9.02,280000.0
sz002721,2.89,200000.0
sz002722,10.76,460000.0
sz002723,16.28,190000.0
sz002724,8.82,110000.0
sz002725,7.05,2115.0
sz002726,10.9,220000.0
sz002727,45.65,970000.0
sz002728,11.28,20000.0
sz002729,43.0,8600.0
sz002730,16.18,140000.0
sz002731,6.24,30000.0
sz002732,22.34,280000.0
sz002733,16.7,260000.0
sz002734,13.01,30000.0
sz002735,36.05,470000.0
sz002736,11.08,410000.0
sz002737,13.21,500000.0
sz002738,25.33,12520000.0
sz002739,17.07,1700000.0
sz002740,4.55,410000.0
sz002741,13.7,50000.0
sz002742,5.65,100000.0
sz002743,6.85,140000.0
sz002745,12.78,400000.0
sz002746,10.8,150000.0
sz002747,29.25,1280000.0
sz002748,5.87,28763.0
sz002749,10.51,100000.0
sz002750,7.95,150000.0
sz002751,17.78,150000.0
sz002752,5.35,30000.0
sz002753,8.19,30000.0
sz002755,14.27,0.0
sz002756,49.7,3870000.0
sz002757,14.4,40000.0
sz002758,10.67,180000.0
sz002759,12.48,740000.0
sz002760,17.28,30000.0
sz002761,8.14,40000.0
sz002762,14.2,61090000.0
sz002763,7.8,190000.0
sz002765,5.58,310000.0
sz002766,4.37,60000.0
sz002767,10.37,90000.0
sz002768,26.54,300000.0
sz002769,6.31,150000.0
sz002770,1.95,2580000.0
sz002771,10.8,190000.0
sz002772,9.07,80000.0
sz002773,19.7,13700000.0
sz002774,6.51,60000.0
sz002775,4.91,1480000.0
sz002776,3.17,1260000.0
sz002777,18.4,70000.0
sz002778,23.06,110000.0
sz002779,12.64,1020000.0
sz002780,14.3,20000.0
sz002781,7.58,220000.0
sz002782,10.8,520000.0
sz002783,9.42,20000.0
sz002785,18.5,80000.0
sz002786,6.03,30150.0
sz002787,6.14,20000.0
sz002788,7.76,160000.0
sz002789,14.39,20000.0
sz002790,5.78,240000.0
sz002791,171.1,680000.0
sz002792,15.08,50000.0
sz002793,9.51,9510.0
sz002795,10.14,160000.0
sz002796,10.67,1067.0
sz002797,6.74,8870000.0
sz002798,19.47,170000.0
sz002799,21.59,800000.0
sz002800,18.82,1882.0
sz002801,38.0,190000.0
sz002802,24.01,10000.0
sz002803,26.92,290000.0
sz002805,16.55,1050000.0
sz002806,9.7,870000.0
sz002807,4.19,590000.0
sz002808,7.6,20000.0
sz002809,10.14,32448.0
sz002810,66.0,550000.0
sz002811,8.07,10000.0
sz002812,117.2,1410000.0
sz002813,32.8,6480000.0
sz002815,11.87,90000.0
sz002816,22.05,30000.0
sz002817,14.04,10000.0
sz002818,15.19,100000.0
sz002819,30.94,20000.0
sz002820,10.45,200000.0
sz002821,295.79,7070000.0
sz002822,6.28,990000.0
sz002823,10.28,120000.0
sz002824,20.72,2340000.0
sz002825,14.79,30000.0
sz002826,9.02,170000.0
sz002827,11.81,70000.0
sz002828,8.4,1710000.0
sz002829,32.68,80000.0
sz002830,10.02,40000.0
sz002831,29.84,80000.0
sz002832,18.89,20000.0
sz002833,49.7,870000.0
sz002835,10.7,160000.0
sz002836,8.91,40000.0
sz002837,18.73,220000.0
sz002838,18.98,340000.0
sz002839,5.46,270000.0
sz002840,10.29,30000.0
sz002841,144.95,880000.0
sz002842,9.44,90000.0
sz002843,7.81,120000.0
sz002845,24.83,410000.0
sz002846,8.88,170000.0
sz002847,124.62,270000.0
sz002848,9.17,10000.0
sz002849,11.82,60000.0
sz002850,67.23,1040000.0
sz002851,33.25,20000.0
sz002852,14.21,800000.0
sz002853,26.6,90000.0
sz002855,10.05,20000.0
sz002856,11.8,23600.0
sz002857,14.18,190000.0
sz002858,12.87,10000.0
sz002859,30.85,350000.0
sz002860,15.68,10000.0
sz002861,17.9,40000.0
sz002862,9.71,1170000.0
sz002863,5.28,180000.0
sz002864,22.36,20000.0
sz002865,18.01,10000.0
sz002866,13.0,40000.0
sz002867,32.13,1240000.0
sz002868,13.55,1620000.0
sz002869,19.93,390000.0
sz002870,21.32,660000.0
sz002871,13.42,30000.0
sz002872,4.58,10000.0
sz002873,16.11,130000.0
sz002875,10.33,13130000.0
sz002876,73.99,480000.0
sz002877,7.16,1610000.0
sz002878,22.44,810000.0
sz002879,15.49,160000.0
sz002880,44.5,130000.0
sz002881,20.63,290000.0
sz002882,8.58,30000.0
sz002883,12.35,6175.0
sz002884,29.18,10000.0
sz002885,12.42,400000.0
sz002886,25.63,60000.0
sz002887,11.71,170000.0
sz002888,14.23,30000.0
sz002889,25.09,40000.0
sz002890,24.53,310000.0
sz002891,47.52,1010000.0
sz002892,20.65,41300.0
sz002893,9.2,980000.0
sz002895,10.29,350000.0
sz002896,25.26,520000.0
sz002897,22.64,90000.0
sz002898,9.07,100000.0
sz002899,12.8,50000.0
sz002900,14.61,6000000.0
sz002901,54.0,90000.0
sz002902,10.5,90000.0
sz002903,13.82,230000.0
sz002905,9.35,90000.0
sz002906,29.84,4270000.0
sz002907,12.5,110000.0
sz002908,12.91,340000.0
sz002909,10.16,30000.0
sz002910,9.69,2100000.0
sz002911,18.84,1510000.0
sz002912,41.92,170000.0
sz002913,63.5,20000.0
sz002915,18.19,50000.0
sz002916,78.5,750000.0
sz002917,8.76,51684.0
sz002918,38.19,270000.0
sz002919,44.75,220000.0
sz002920,94.03,7390000.0
sz002921,20.76,420000.0
sz002922,15.75,560000.0
sz002923,16.32,37536.0
sz002925,65.41,130000.0
sz002926,9.93,520000.0
sz002927,10.85,380000.0
sz002928,15.03,630000.0
sz002929,23.51,20000.0
sz002930,16.7,100000.0
sz002931,16.58,170000.0
sz002932,85.0,13860000.0
sz002933,24.99,480000.0
sz002935,20.73,84993.0
sz002936,3.73,280000.0
sz002937,13.18,30000.0
sz002938,31.36,730000.0
sz002939,10.55,60000.0
sz002940,36.6,110000.0
sz002941,11.8,570000.0
sz002942,27.35,98460.0
sz002943,15.8,10000.0
sz002945,11.72,110000.0
sz002946,17.58,420000.0
sz002947,29.0,50000.0
sz002948,5.01,50000.0
sz002949,19.06,90000.0
sz002950,19.4,3560000.0
sz002951,11.2,150000.0
sz002952,14.98,32956.0
sz002953,20.2,290000.0
sz002955,21.39,180000.0
sz002956,27.96,260000.0
sz002957,20.0,160000.0
sz002958,4.31,70000.0
sz002959,76.62,360000.0
sz002960,40.57,1420000.0
sz002961,21.38,20000.0
sz002962,16.4,150000.0
sz002963,16.86,20000.0
sz002965,30.64,320000.0
sz002966,7.17,200000.0
sz002967,36.16,300000.0
sz002968,71.5,35750.0
sz002969,5.21,2830000.0
sz002970,39.52,15930000.0
sz002971,19.01,850000.0
sz002972,17.59,5277.0
sz002973,18.66,20000.0
sz002975,90.35,130000.0
sz002976,24.03,40000.0
sz002977,97.0,260000.0
sz002978,47.38,540000.0
sz002979,40.08,220000.0
sz002980,40.47,480000.0
sz002981,27.19,50000.0
sz002982,47.82,130000.0
sz002983,30.63,530000.0
sz002984,37.84,1940000.0
sz002985,143.0,160000.0
sz002986,33.18,19908.0
sz002987,51.63,1890000.0
sz002988,15.46,1080000.0
sz002989,36.81,30000.0
sz002990,60.31,40000.0
sz002991,73.0,1780000.0
sz002992,22.16,370000.0
sz002993,67.6,2340000.0
sz002995,52.88,140000.0
sz002996,21.29,4790000.0
sz002997,16.93,130000.0
sz002998,11.46,410000.0
sz002999,12.54,690000.0
sz003000,15.7,2480000.0
sz003001,40.9,2690000.0
sz003002,15.4,170000.0
sz003003,16.34,620000.0
sz003004,34.54,4420000.0
sz003005,42.88,420000.0
sz003006,22.53,10480000.0
sz003007,28.57,690000.0
sz003008,38.3,80000.0
sz003009,55.58,2220000.0
sz003010,31.37,7100000.0
sz003011,57.62,20000.0
sz003012,20.1,350000.0
sz003013,21.92,2420000.0
sz003015,15.82,1420000.0
sz003016,10.35,1440000.0
sz003017,47.0,280000.0
sz003018,13.14,1840000.0
sz003019,29.18,50000.0
sz003020,34.71,470000.0
sz003021,73.5,50000.0
sz003022,30.69,1420000.0
sz003023,31.0,250000.0
sz003025,38.64,730000.0
sz003026,82.39,7040000.0
sz003027,44.0,150000.0
sz003816,2.78,690000.0
sz300001,24.12,342504.0
sz300002,4.34,140616.0
sz300003,27.95,4790630.0
sz300004,6.3,254519.99999999997
sz300005,7.41,201552.0
sz300006,6.16,195272.0
sz300007,15.2,481839.99999999994
sz300008,5.13,355509.0
sz300009,18.05,1052315.0
sz300010,7.52,1525808.0
sz300011,5.05,10605.0
sz300012,30.99,3061812.0
sz300013,4.92,230748.0
sz300014,74.8,13815560.0
sz300015,60.75,9780750.0
sz300016,8.9,1124070.0
sz300017,6.2,670220.0
sz300018,5.36,13936.000000000002
sz300019,16.47,354105.0
sz300020,8.28,374255.99999999994
sz300021,4.84,24684.0
sz300022,4.62,32340.000000000004
sz300023,9.0,68400.0
sz300024,10.14,294060.00000000006
sz300025,3.5,3150.0
sz300026,3.91,156400.0
sz300027,3.83,102261.0
sz300029,5.04,5040.0
sz300030,10.68,461376.0
sz300031,15.06,152106.0
sz300032,5.26,166741.99999999997
sz300033,119.03,785598.0
sz300034,22.32,169632.0
sz300035,10.99,113197.0
sz300036,16.37,65480.00000000001
sz300037,78.78,338754.0
sz300038,2.48,257671.99999999997
sz300039,4.03,403.0
sz300040,7.35,219029.99999999997
sz300041,14.65,2780570.0
sz300042,13.61,1292950.0
sz300043,3.31,2131640.0
sz300044,5.07,38532.00000000001
sz300045,9.73,759913.0
sz300046,17.94,132756.00000000003
sz300047,6.72,852768.0
sz300048,4.78,84606.0
sz300049,7.98,112518.0
sz300050,5.25,316575.0
sz300051,4.13,42952.0
sz300052,7.26,37752.0
sz300053,8.32,80704.00000000001
sz300054,14.92,5260792.0
sz300055,6.72,378335.99999999994
sz300056,6.17,0.0
sz300057,4.62,10626.0
sz300058,6.16,215600.0
sz300059,28.6,24272820.0
sz300061,3.94,7502548.0
sz300062,8.08,340168.0
sz300063,4.84,773432.0
sz300064,2.53,278806.0
sz300065,11.29,255154.0
sz300066,4.38,438.0
sz300067,4.06,22330.0
sz300068,10.56,54912.0
sz300069,15.43,0.0
sz300070,7.66,777490.0
sz300071,2.07,161045.99999999997
sz300072,5.75,96600.0
sz300073,48.6,1375380.0
sz300074,3.7,44400.0
sz300075,9.53,182022.99999999997
sz300076,4.43,148405.0
sz300077,7.13,485553.0
sz300078,7.58,951290.0
sz300079,3.87,61146.0
sz300080,4.72,160008.0
sz300081,9.07,0.0
sz300082,9.53,115312.99999999999
sz300083,11.9,436730.0
sz300084,4.02,95675.99999999999
sz300085,15.29,747681.0
sz300086,6.45,7120155.0
sz300087,20.91,345015.0
sz300088,7.25,437175.0
sz300089,5.83,1749.0000000000002
sz300091,3.86,905169.9999999999
sz300092,8.66,111714.00000000001
sz300093,15.4,395780.0
sz300094,4.29,3936504.0
sz300095,9.44,237887.99999999997
sz300096,7.35,118334.99999999999
sz300097,8.3,107900.0
sz300098,4.13,4114306.0
sz300099,6.94,58990.0
sz300100,9.52,7601720.0
sz300101,16.93,313205.0
sz300102,6.13,237231.0
sz300103,9.76,14640.0
sz300105,4.46,123096.0
sz300106,10.51,2660081.0
sz300107,5.29,10580.0
sz300108,2.86,31745.999999999996
sz300109,12.26,181448.0
sz300110,4.41,184779.0
sz300111,2.74,18906.0
sz300112,8.49,41601.0
sz300113,13.0,107900.0
sz300114,13.39,104442.0
sz300115,19.59,797313.0
sz300116,1.82,777322.0
sz300117,3.47,73217.0
sz300118,13.37,746045.9999999999
sz300119,29.4,1102500.0
sz300120,8.43,214121.99999999997
sz300121,11.95,31070.0
sz300122,181.3,3680390.0
sz300123,9.0,51300.0
sz300124,81.45,4658940.0
sz300125,14.78,38428.0
sz300126,5.97,11940.0
sz300127,15.47,78897.0
sz300128,3.61,90971.99999999999
sz300129,6.75,880875.0
sz300130,10.56,1091904.0
sz300131,7.8,1523340.0
sz300132,22.71,129447.0
sz300133,6.58,552062.0
sz300134,9.33,24258.0
sz300135,2.32,39904.0
sz300136,27.3,1015560.0
sz300137,7.49,504077.00000000006
sz300138,14.79,53243.99999999999
sz300139,7.94,119100.0
sz300140,6.16,52360.0
sz300141,8.15,79055.0
sz300142,49.29,6949889.999999999
sz300143,20.94,6282.000000000001
sz300144,20.17,373145.0
sz300145,2.93,130092.0
sz300146,28.89,748251.0
sz300147,7.06,122843.99999999999
sz300148,3.12,1874808.0000000002
sz300149,12.7,373380.0
sz300150,3.89,47458.00000000001
sz300151,26.99,70174.0
sz300152,3.72,109740.00000000001
sz300153,4.97,7952.0
sz300154,5.54,46536.0
sz300155,6.11,35438.0
sz300157,3.43,186249.0
sz300158,4.8,271200.0
sz300159,3.0,8915700.0
sz300160,6.2,3100.0
sz300161,20.52,4104.0
sz300162,5.21,0.0
sz300163,3.43,163268.0
sz300164,3.5,636650.0
sz300165,4.58,187322.0
sz300166,9.41,32935.0
sz300167,4.22,50217.99999999999
sz300168,13.11,203205.0
sz300169,8.3,146910.0
sz300170,6.75,174825.0
sz300171,21.99,76965.0
sz300172,6.94,4064758.0
sz300173,4.81,354016.0
sz300174,15.78,0.0
sz300175,5.45,585875.0
sz300176,6.17,30850.0
sz300177,9.1,465009.99999999994
sz300178,3.89,434902.00000000006
sz300179,5.5,17600.0
sz300180,5.53,208481.0
sz300181,6.74,35048.0
sz300182,3.25,96525.0
sz300183,13.88,27760.000000000004
sz300184,3.59,666663.0
sz300185,3.21,313296.0
sz300187,6.97,59941.99999999999
sz300188,17.2,147920.0
sz300189,4.91,571033.0
sz300190,7.19,193411.0
sz300191,17.92,218624.00000000003
sz300192,13.47,328668.0
sz300193,7.68,39168.0
sz300194,4.1,248050.0
sz300195,5.45,74665.0
sz300196,17.23,56859.0
sz300197,3.29,225365.0
sz300198,3.99,79401.0
sz300199,4.4,41360.0
sz300200,9.31,31654.000000000004
sz300201,2.76,181608.0
sz300202,6.51,1282470.0
sz300203,12.65,41745.0
sz300204,7.67,4602.0
sz300205,8.77,478842.0
sz300206,17.03,73229.00000000001
sz300207,22.0,897600.0
sz300208,8.78,207208.0
sz300209,6.99,29358.0
sz300210,4.02,30149.999999999993
sz300211,9.32,54988.0
sz300212,27.1,1907840.0000000002
sz300213,6.03,0.0
sz300214,7.57,464798.00000000006
sz300215,6.4,0.0
sz300217,2.97,594000.0
sz300218,10.4,18720.0
sz300219,9.63,15408.000000000002
sz300220,12.25,13475.0
sz300221,6.51,183582.0
sz300222,7.72,2492016.0
sz300223,68.5,589100.0
sz300224,11.18,432666.0
sz300225,14.54,229731.99999999997
sz300226,64.31,212223.0
sz300227,9.9,1423620.0
sz300228,7.06,685525.9999999999
sz300229,8.63,417692.0
sz300230,4.42,299676.0
sz300231,7.71,211254.0
sz300232,8.6,5453260.0
sz300233,22.63,210458.99999999997
sz300234,8.98,980616.0
sz300235,10.85,0.0
sz300236,40.19,345633.99999999994
sz300237,2.68,295068.0
sz300238,20.7,523709.99999999994
sz300239,6.39,2044161.0
sz300240,5.09,5598.999999999999
sz300241,6.37,312767.0
sz300242,4.12,121540.00000000001
sz300243,12.88,78568.0
sz300244,36.4,14017640.0
sz300245,8.39,0.0
sz300246,22.34,35744.0
sz300247,3.0,152400.0
sz300248,7.8,384540.0
sz300249,7.22,42597.99999999999
sz300250,9.28,65888.0
sz300251,11.42,126761.99999999999
sz300252,6.85,9590.0
sz300253,17.26,464294.00000000006
sz300254,6.09,176001.0
sz300255,7.1,1051510.0
sz300256,5.26,510220.0
sz300257,15.16,4164451.9999999995
sz300258,11.38,22760.000000000004
sz300259,4.16,47008.00000000001
sz300260,13.78,112996.0
sz300261,5.27,52700.0
sz300262,3.4,935679.9999999999
sz300263,6.3,169470.0
sz300264,3.64,520520.0
sz300265,8.55,36765.0
sz300266,3.07,110520.0
sz300267,3.75,108000.0
sz300268,10.14,230178.00000000003
sz300269,3.26,3911.9999999999995
sz300270,4.93,3944.0
sz300271,18.38,121308.0
sz300272,5.88,2959404.0
sz300273,5.25,830025.0
sz300274,69.0,11164200.0
sz300275,8.91,891.0
sz300276,3.38,136890.0
sz300277,8.4,276360.0
sz300278,3.29,1231776.0
sz300279,5.01,84168.0
sz300280,50.01,360072.0
sz300281,5.08,6604.000000000001
sz300282,4.09,941927.0
sz300283,4.78,17208.0
sz300284,5.57,1114.0
sz300285,45.18,9397440.0
sz300286,13.7,102750.0
sz300287,3.4,756160.0
sz300288,8.9,17800.0
sz300289,6.21,256473.0
sz300290,6.83,295056.0
sz300291,5.08,63500.0
sz300292,3.23,168283.0
sz300293,12.12,76356.0
sz300294,29.27,433196.0
sz300295,9.93,33762.0
sz300296,7.69,912034.0
sz300297,3.74,310046.0
sz300298,29.32,158328.0
sz300299,5.78,425408.0
sz300300,4.3,1209590.0
sz300301,3.2,273920.0
sz300302,8.3,259790.0
sz300303,4.84,30008.0
sz300304,5.07,127764.00000000001
sz300305,10.18,208690.0
sz300306,8.48,0.0
sz300307,7.47,0.0
sz300308,34.2,742140.0
sz300309,2.24,127008.00000000001
sz300310,4.48,36736.0
sz300311,5.61,615978.0000000001
sz300312,4.25,134300.0
sz300313,13.8,171120.0
sz300314,15.8,4800040.0
sz300315,5.0,223500.0
sz300316,32.18,1528550.0
sz300317,4.87,288791.0
sz300318,8.23,1744760.0000000002
sz300319,8.49,156216.0
sz300320,5.3,269770.0
sz300321,17.6,28160.000000000004
sz300322,10.15,0.0
sz300323,9.61,362297.0
sz300324,3.48,20184.0
sz300325,1.42,115161.99999999999
sz300326,9.42,354192.0
sz300327,46.98,2114100.0
sz300328,6.51,127596.0
sz300329,6.84,6687467.999999999
sz300330,8.9,0.0
sz300331,21.48,30072.000000000004
sz300332,4.87,17532.0
sz300333,7.07,75649.0
sz300334,6.14,133238.0
sz300335,4.81,37517.99999999999
sz300336,2.79,38781.0
sz300337,4.72,210512.0
sz300338,4.95,147510.0
sz300339,9.44,4619936.0
sz300340,9.28,8352.0
sz300341,8.88,20424.0
sz300342,13.01,366882.0
sz300343,3.08,103180.0
sz300344,4.16,82368.0
sz300345,4.23,129861.00000000001
sz300346,28.97,243348.0
sz300347,138.88,5638528.0
sz300348,18.02,520778.0
sz300349,11.69,40915.0
sz300350,4.17,0.0
sz300351,8.43,27819.0
sz300352,4.65,1244340.0000000002
sz300353,6.63,373269.0
sz300354,13.66,64202.0
sz300355,4.35,1882244.9999999998
sz300356,4.5,1153350.0
sz300357,63.8,548680.0
sz300358,12.6,548100.0
sz300359,5.71,775989.0
sz300360,7.79,87248.0
sz300362,1.49,0.0
sz300363,54.33,1032269.9999999999
sz300364,6.91,221811.0
sz300365,8.68,124992.0
sz300366,7.36,100832.0
sz300367,2.6,69680.0
sz300368,13.45,7548139.999999999
sz300369,17.37,277920.0
sz300370,2.24,384384.0
sz300371,12.4,44640.0
sz300373,39.11,2420909.0
sz300374,13.47,59268.00000000001
sz300375,3.81,145542.0
sz300376,6.23,168210.0
sz300377,8.04,318383.99999999994
sz300378,20.5,606800.0
sz300379,39.01,140436.0
sz300380,20.48,0.0
sz300381,8.69,197263.0
sz300382,9.18,18360.0
sz300383,17.02,580382.0
sz300384,13.98,0.0
sz300385,7.16,234132.00000000003
sz300386,19.7,4326120.0
sz300387,6.52,4564.0
sz300388,7.9,41870.00000000001
sz300389,7.93,0.0
sz300390,30.03,4474470.0
sz300391,11.8,466100.0
sz300392,7.56,45360.0
sz300393,7.56,0.0
sz300394,40.78,40780.0
sz300395,37.73,173558.0
sz300396,22.65,22650.0
sz300397,13.77,0.0
sz300398,15.32,30639.999999999996
sz300399,12.08,60400.0
sz300400,16.37,859425.0
sz300401,13.43,59091.99999999999
sz300402,13.92,27839.999999999996
sz300403,6.33,143691.0
sz300404,11.26,12386.0
sz300405,7.13,555427.0
sz300406,18.73,50571.0
sz300407,7.14,0.0
sz300408,41.54,569098.0
sz300409,12.14,173602.0
sz300410,7.24,1761492.0000000002
sz300411,6.8,17680.0
sz300412,8.25,33000.0
sz300413,60.29,440117.0
sz300414,8.66,12124.0
sz300415,18.48,275352.0
sz300416,23.88,202980.0
sz300417,13.9,139000.0
sz300418,19.88,1228584.0
sz300419,6.09,83433.0
sz300420,5.27,127533.99999999999
sz300421,10.25,205000.0
sz300422,8.91,102465.00000000001
sz300423,11.5,49450.0
sz300424,12.67,3234651.0
sz300425,4.52,144188.0
sz300426,6.35,212090.0
sz300427,12.22,151528.0
sz300428,13.29,417305.99999999994
sz300429,10.78,34496.0
sz300430,7.37,40535.0
sz300432,8.7,869.9999999999999
sz300433,25.23,1486047.0
sz300434,8.51,0.0
sz300435,12.38,129990.00000000001
sz300436,37.02,133272.0
sz300437,9.5,5664850.0
sz300438,17.11,124903.0
sz300439,23.56,351043.99999999994
sz300440,7.74,81270.0
sz300441,10.49,286377.0
sz300442,56.0,302400.0
sz300443,28.56,322728.0
sz300444,4.8,34080.0
sz300445,11.87,23739.999999999996
sz300446,6.72,0.0
sz300447,11.97,367479.00000000006
sz300448,6.44,69552.00000000001
sz300449,7.68,246527.99999999997
sz300450,81.66,800267.9999999999
sz300451,10.32,74304.0
sz300452,16.49,36278.0
sz300453,18.01,282757.0
sz300454,262.5,892500.0
sz300455,10.6,96460.0
sz300456,22.25,505075.0
sz300457,17.28,974592.0
sz300458,43.39,3310657.0
sz300459,3.3,1062600.0
sz300460,15.0,267000.0
sz300461,18.25,41975.0
sz300462,14.55,8730.000000000002
sz300463,42.11,92642.0
sz300464,11.73,392955.0
sz300465,12.0,8492400.0
sz300466,4.94,988.0000000000001
sz300467,12.06,0.0
sz300468,19.0,2981100.0
sz300469,11.1,376290.0
sz300470,37.8,34020.0
sz300471,11.03,401491.99999999994
sz300472,9.06,0.0
sz300473,18.05,3610.0
sz300474,76.08,1643328.0
sz300475,14.32,91648.0
sz300476,23.0,805000.0
sz300477,5.09,372588.0
sz300478,8.05,53935.0
sz300479,10.5,0.0
sz300480,16.04,8019.999999999999
sz300481,22.39,521687.0
sz300482,86.6,164540.0
sz300483,31.16,12464.0
sz300484,11.15,21185.0
sz300485,11.01,89181.0
sz300486,16.01,1601.0000000000002
sz300487,37.99,72181.0
sz300488,14.94,0.0
sz300489,19.25,348425.0
sz300490,8.97,276276.0
sz300491,13.55,24390.0
sz300492,61.63,12326.0
sz300493,6.14,106222.0
sz300494,12.49,12490.0
sz300495,5.59,3912.9999999999995
sz300496,123.1,2782060.0
sz300497,11.94,23880.0
sz300498,15.53,3436789.0
sz300499,8.7,67859.99999999999
sz300500,12.25,23275.0
sz300501,16.81,6723.999999999999
sz300502,40.78,619856.0
sz300503,11.84,98272.0
sz300504,14.34,1434.0
sz300505,16.35,57225.0
sz300506,4.34,22568.0
sz300507,10.38,24912.0
sz300508,22.42,450642.0
sz300509,6.12,638928.0
sz300510,5.2,29640.000000000004
sz300511,9.86,61131.99999999999
sz300512,11.84,1184.0
sz300513,8.57,13712.0
sz300514,8.78,0.0
sz300515,9.42,28260.000000000004
sz300516,28.6,4856280.0
sz300517,22.72,0.0
sz300518,42.1,0.0
sz300519,14.83,10381.0
sz300520,15.45,231750.0
sz300521,19.77,0.0
sz300522,27.61,11044.0
sz300523,28.26,429552.00000000006
sz300525,25.5,132600.0
sz300526,68.5,109600.0
sz300527,8.41,925941.0
sz300528,6.36,0.0
sz300529,88.38,839610.0
sz300530,17.57,1757.0
sz300531,15.18,352176.0
sz300532,8.86,36326.0
sz300533,19.37,1937.0
sz300534,5.85,578565.0
sz300535,13.33,0.0
sz300536,13.83,22128.0
sz300537,13.88,120756.00000000001
sz300538,17.04,61343.99999999999
sz300539,6.91,56662.0
sz300540,18.93,32181.0
sz300541,15.89,204981.0
sz300542,11.4,386460.0
sz300543,15.08,4454632.0
sz300545,24.06,21654.0
sz300546,13.55,159890.0
sz300547,8.8,154880.00000000003
sz300548,33.29,193082.0
sz300549,17.38,137302.0
sz300550,16.92,1692.0000000000002
sz300551,25.27,96026.0
sz300552,40.99,2787320.0
sz300553,28.8,60480.00000000001
sz300554,15.4,36960.0
sz300555,7.64,0.0
sz300556,16.2,179819.99999999997
sz300557,26.82,0.0
sz300558,98.2,245500.0
sz300559,10.24,156672.0
sz300560,12.65,3795.0000000000005
sz300561,14.5,218950.0
sz300562,16.45,203980.0
sz300563,15.51,393954.0
sz300564,26.09,0.0
sz300565,15.03,7514.999999999999
sz300566,40.91,65455.99999999999
sz300567,57.0,210900.0
sz300568,29.68,44520.0
sz300569,13.02,89838.0
sz300570,15.66,0.0
sz300571,32.28,468060.00000000006
sz300572,36.99,40689.00000000001
sz300573,112.99,508455.0
sz300575,38.46,123072.0
sz300576,36.44,47372.0
sz300577,24.7,0.0
sz300578,28.5,0.0
sz300579,41.91,3533012.9999999995
sz300580,18.18,0.0
sz300581,31.15,585620.0
sz300582,20.0,2412000.0
sz300583,19.99,33983.0
sz300584,19.2,109439.99999999999
sz300585,11.87,5934.999999999999
sz300586,7.82,67252.0
sz300587,17.19,137520.0
sz300588,7.83,0.0
sz300589,24.48,1919232.0
sz300590,24.75,29700.0
sz300591,6.15,80565.00000000001
sz300592,17.9,0.0
sz300593,39.6,289080.0
sz300594,21.93,0.0
sz300595,97.0,1096100.0
sz300596,36.99,0.0
sz300597,8.01,8811.0
sz300598,70.9,439580.0
sz300599,11.27,12397.0
sz300600,11.61,142803.0
sz300601,132.7,1406620.0
sz300602,16.62,0.0
sz300603,10.1,219169.99999999997
sz300604,33.5,1413700.0
sz300605,11.41,59332.00000000001
sz300606,19.75,0.0
sz300607,34.66,194095.99999999997
sz300608,12.0,338400.0
sz300609,14.61,89120.99999999999
sz300610,17.06,25589.999999999996
sz300611,8.87,0.0
sz300612,15.35,326955.0
sz300613,152.04,182448.0
sz300615,9.9,0.0
sz300616,67.56,40536.0
sz300617,38.55,30839.999999999996
sz300618,66.8,3881079.9999999995
sz300619,18.91,22692.0
sz300620,35.69,24983.0
sz300621,9.77,1680439.9999999998
sz300622,16.74,78678.0
sz300623,38.41,679857.0
sz300624,41.0,1238200.0
sz300625,15.78,168846.0
sz300626,7.43,2972.0
sz300627,25.3,55660.0
sz300628,69.66,153252.0
sz300629,18.73,0.0
sz300630,46.0,1886000.0
sz300631,19.2,182400.0
sz300632,15.33,78183.0
sz300633,22.88,11440.0
sz300634,13.93,8358.0
sz300635,19.59,0.0
sz300636,29.2,0.0
sz300637,7.95,0.0
sz300638,57.0,2223000.0
sz300639,34.0,1319200.0
sz300640,7.0,74900.0
sz300641,6.88,235296.0
sz300642,55.54,22216.0
sz300643,10.51,534959.0
sz300644,31.4,75359.99999999999
sz300645,16.38,591317.9999999999
sz300647,8.69,869.0
sz300648,25.31,265755.0
sz300649,14.03,35075.0
sz300650,19.3,1930.0
sz300651,48.02,216090.0
sz300652,17.63,0.0
sz300653,47.8,846060.0
sz300654,8.24,0.0
sz300655,33.01,313595.0
sz300656,25.49,869209.0
sz300657,16.53,122322.0
sz300658,22.68,1258740.0
sz300659,44.03,295001.0
sz300660,19.19,59489.0
sz300661,251.8,151080.00000000003
sz300662,58.25,5825.0
sz300663,20.01,3925962.0000000005
sz300664,7.18,53850.0
sz300665,12.38,220364.00000000003
sz300666,43.79,3546990.0
sz300667,21.95,0.0
sz300668,12.52,141476.0
sz300669,21.64,183940.0
sz300670,7.12,2848.0
sz300671,48.56,820664.0000000001
sz300672,43.25,0.0
sz300673,31.93,1098392.0
sz300674,34.0,394400.0
sz300675,17.57,126504.0
sz300676,127.4,649740.0
sz300677,149.8,10066560.0
sz300678,17.0,15300.0
sz300679,42.05,281735.0
sz300680,26.44,87252.00000000001
sz300681,30.99,9297.0
sz300682,16.12,190216.0
sz300683,37.66,3765.9999999999995
sz300684,20.79,629937.0
sz300685,81.03,372738.0
sz300686,16.46,9876.0
sz300687,28.56,179928.0
sz300688,18.02,147764.0
sz300689,35.09,185977.00000000003
sz300690,40.78,93794.0
sz300691,13.0,0.0
sz300692,18.25,151475.0
sz300693,26.7,283020.0
sz300694,9.87,275372.99999999994
sz300695,54.97,16491.0
sz300696,44.98,22489.999999999996
sz300697,12.31,4397132.0
sz300698,18.18,1079892.0
sz300699,65.51,412713.0
sz300700,15.42,0.0
sz300701,27.76,19432.000000000004
sz300702,76.92,184608.0
sz300703,9.6,1582080.0
sz300705,27.74,55479.99999999999
sz300706,18.21,30957.0
sz300707,15.67,34474.0
sz300708,20.34,115937.99999999999
sz300709,39.5,0.0
sz300710,29.45,85405.0
sz300711,13.05,76995.0
sz300712,30.25,199650.0
sz300713,16.3,104320.0
sz300715,44.66,209902.0
sz300716,7.66,0.0
sz300717,13.62,0.0
sz300718,19.69,23628.000000000004
sz300719,13.25,70225.0
sz300720,21.18,2118.0
sz300721,32.3,19380.0
sz300722,43.77,1531950.0000000002
sz300723,47.31,56772.0
sz300724,105.21,420839.99999999994
sz300725,163.13,228381.99999999997
sz300726,64.19,109123.0
sz300727,24.96,753792.0
sz300729,34.3,54879.99999999999
sz300730,13.92,84912.0
sz300731,26.34,2634.0
sz300732,13.85,41550.0
sz300733,17.18,91054.0
sz300735,12.28,18420.0
sz300736,7.54,0.0
sz300737,27.5,935000.0
sz300738,19.09,110722.0
sz300739,15.8,393420.0
sz300740,22.72,470304.0
sz300741,38.99,70182.0
sz300742,24.08,378056.0
sz300743,13.9,0.0
sz300745,18.59,446160.00000000006
sz300746,10.26,5130.0
sz300747,81.65,440910.00000000006
sz300748,36.85,718575.0
sz300749,8.3,254810.00000000003
sz300750,340.0,25942000.0
sz300751,580.0,1392000.0
sz300752,27.71,2197403.0000000005
sz300753,28.12,323380.0
sz300755,31.53,2336373.0
sz300756,24.52,291788.0
sz300757,36.25,3625.0
sz300758,21.76,4352.0
sz300759,150.39,7233759.0
sz300760,401.9,5827550.0
sz300761,34.96,55936.0
sz300762,43.0,103200.0
sz300763,139.88,811304.0
sz300765,17.2,0.0
sz300766,13.91,93197.0
sz300767,78.61,0.0
sz300768,35.66,82018.0
sz300769,130.58,1318858.0000000002
sz300770,46.9,3756690.0
sz300771,31.03,77575.0
sz300772,14.7,29400.0
sz300773,31.32,7729775.999999999
sz300775,30.91,71093.0
sz300776,116.52,0.0
sz300777,38.5,42350.0
sz300778,22.6,45200.0
sz300779,17.46,52380.00000000001
sz300780,15.4,0.0
sz300781,27.69,456885.00000000006
sz300782,727.0,6543000.0
sz300783,41.95,67120.0
sz300785,77.78,0.0
sz300786,20.99,411404.0
sz300787,32.8,141040.0
sz300788,42.98,90258.0
sz300789,42.15,0.0
sz300790,23.09,367131.0
sz300791,87.15,183015.0
sz300792,82.67,206675.0
sz300793,14.25,34200.0
sz300795,17.69,375028.0
sz300796,21.78,398574.0
sz300797,15.2,206719.99999999997
sz300798,8.85,51329.99999999999
sz300799,46.87,112487.99999999999
sz300800,28.25,0.0
sz300801,19.81,336770.0
sz300802,35.65,28520.0
sz300803,26.05,109410.00000000001
sz300805,14.76,218448.0
sz300806,53.0,153700.0
sz300807,26.2,212219.99999999997
sz300808,13.93,54327.0
sz300809,15.92,0.0
sz300810,32.65,159985.0
sz300811,57.58,34548.0
sz300812,35.78,189634.0
sz300813,45.0,0.0
sz300815,84.41,354522.0
sz300816,89.0,35600.0
sz300817,24.33,552291.0
sz300818,26.32,97384.0
sz300819,39.35,464330.0
sz300820,38.5,96250.0
sz300821,9.84,56088.0
sz300822,31.22,62440.0
sz300823,27.01,27010.000000000004
sz300824,24.6,137760.0
sz300825,21.0,239400.0
sz300826,27.21,0.0
sz300827,50.13,5013.0
sz300828,23.29,32606.0
sz300829,59.1,177300.0
sz300830,10.93,166136.0
sz300831,13.37,29414.0
sz300832,127.76,127760.00000000001
sz300833,43.73,0.0
sz300835,56.61,600066.0
sz300836,39.3,86459.99999999999
sz300837,45.81,13743.0
sz300838,19.3,162120.0
sz300839,24.18,116063.99999999999
sz300840,15.0,415500.0
sz300841,391.3,978250.0
sz300842,48.4,174240.0
sz300843,25.12,52752.0
sz300845,24.35,241065.0
sz300846,20.74,273768.0
sz300847,21.74,708724.0
sz300848,74.0,2131200.0
sz300849,22.0,61600.0
sz300850,129.98,272958.0
sz300851,33.82,6764.0
sz300852,81.5,407500.0
sz300853,43.4,0.0
sz300855,36.19,90475.0
sz300856,51.77,212257.00000000003
sz300857,25.51,0.0
sz300858,53.2,159600.0
sz300859,35.0,1596000.0
sz300860,60.13,2357096.0000000005
sz300861,52.5,504000.0
sz300862,37.79,120928.0
sz300863,87.01,722183.0000000001
sz300864,90.42,63294.00000000001
sz300865,32.34,184338.0
sz300866,157.85,110495.0
sz300867,29.19,248115.0
sz300868,37.07,96382.0
sz300869,81.7,1838250.0
sz300870,56.73,289323.0
sz300871,44.97,62957.99999999999
sz300872,34.6,5394140.0
sz300873,39.91,191567.99999999997
sz300875,77.97,3181176.0
sz300876,33.32,113288.00000000001
sz300877,43.33,160321.0
sz300878,47.12,4712.0
sz300879,26.68,24012.0
sz300880,30.69,70587.0
sz300881,36.8,526240.0
sz300882,22.36,351052.0
sz300883,12.9,37410.0
sz300884,39.5,501650.0
sz300885,32.1,35310.0
sz300886,45.15,176085.0
sz300887,94.03,940300.0
sz300888,137.73,564692.9999999999
sz300889,28.08,230256.0
sz300890,41.85,330615.0
sz300891,17.53,801121.0000000001
sz300892,50.99,989206.0
sz300893,35.48,3090308.0
sz300895,39.01,163841.99999999997
sz300896,509.98,7394710.000000001
sz300897,39.31,208343.00000000003
sz300898,36.5,2978400.0
sz300899,44.5,1415100.0
sz300900,35.38,389180.0
sz300901,17.3,140130.0
sz300902,27.85,253435.0
sz300903,37.01,2157683.0
sz300905,70.26,843120.0000000001
sz300906,39.98,507746.0
sz300907,32.36,32360.000000000004
sz300908,65.18,404116.00000000006
sz300909,43.4,69440.0
sz300910,75.03,90036.0
sz300911,54.05,113505.0
sz300912,36.0,338400.0
sz300913,27.3,234780.00000000003
sz300915,68.02,285683.99999999994
sz300916,91.28,1451352.0
sz300999,71.8,6153260.0
sz000939,0.15,0.0
sz000018,0.27,0.0
sz000043,20.25,0.0
